date,Country_code,Country,WHO_region,New_cases,total_cases,New_deaths,Cumulative_deaths
01-01-2021,AF,Afghanistan,EMRO,183,52513,12,2201
02-01-2021,AF,Afghanistan,EMRO,73,52586,10,2211
03-01-2021,AF,Afghanistan,EMRO,123,52709,10,2221
04-01-2021,AF,Afghanistan,EMRO,200,52909,9,2230
05-01-2021,AF,Afghanistan,EMRO,102,53011,7,2237
06-01-2021,AF,Afghanistan,EMRO,94,53105,7,2244
07-01-2021,AF,Afghanistan,EMRO,102,53207,9,2253
08-01-2021,AF,Afghanistan,EMRO,125,53332,4,2257
09-01-2021,AF,Afghanistan,EMRO,68,53400,7,2264
10-01-2021,AF,Afghanistan,EMRO,89,53489,13,2277
11-01-2021,AF,Afghanistan,EMRO,49,53538,11,2288
12-01-2021,AF,Afghanistan,EMRO,46,53584,13,2301
13-01-2021,AF,Afghanistan,EMRO,106,53690,7,2308
14-01-2021,AF,Afghanistan,EMRO,85,53775,6,2314
15-01-2021,AF,Afghanistan,EMRO,56,53831,10,2324
16-01-2021,AF,Afghanistan,EMRO,107,53938,12,2336
17-01-2021,AF,Afghanistan,EMRO,46,53984,3,2339
18-01-2021,AF,Afghanistan,EMRO,78,54062,4,2343
19-01-2021,AF,Afghanistan,EMRO,79,54141,3,2346
20-01-2021,AF,Afghanistan,EMRO,137,54278,8,2354
21-01-2021,AF,Afghanistan,EMRO,125,54403,9,2363
22-01-2021,AF,Afghanistan,EMRO,80,54483,7,2370
23-01-2021,AF,Afghanistan,EMRO,76,54559,3,2373
24-01-2021,AF,Afghanistan,EMRO,36,54595,5,2378
25-01-2021,AF,Afghanistan,EMRO,77,54672,7,2385
26-01-2021,AF,Afghanistan,EMRO,78,54750,4,2389
27-01-2021,AF,Afghanistan,EMRO,104,54854,0,2389
28-01-2021,AF,Afghanistan,EMRO,37,54891,8,2397
29-01-2021,AF,Afghanistan,EMRO,48,54939,2,2399
30-01-2021,AF,Afghanistan,EMRO,69,55008,1,2400
31-01-2021,AF,Afghanistan,EMRO,15,55023,0,2400
01-02-2021,AF,Afghanistan,EMRO,36,55059,4,2404
02-02-2021,AF,Afghanistan,EMRO,62,55121,1,2405
03-02-2021,AF,Afghanistan,EMRO,53,55174,1,2406
04-02-2021,AF,Afghanistan,EMRO,57,55231,1,2407
05-02-2021,AF,Afghanistan,EMRO,34,55265,0,2407
06-02-2021,AF,Afghanistan,EMRO,65,55330,1,2408
07-02-2021,AF,Afghanistan,EMRO,5,55335,2,2410
08-02-2021,AF,Afghanistan,EMRO,24,55359,3,2413
09-02-2021,AF,Afghanistan,EMRO,25,55384,1,2414
10-02-2021,AF,Afghanistan,EMRO,18,55402,4,2418
11-02-2021,AF,Afghanistan,EMRO,18,55420,1,2419
12-02-2021,AF,Afghanistan,EMRO,25,55445,5,2424
13-02-2021,AF,Afghanistan,EMRO,28,55473,3,2427
14-02-2021,AF,Afghanistan,EMRO,19,55492,0,2427
15-02-2021,AF,Afghanistan,EMRO,22,55514,0,2427
16-02-2021,AF,Afghanistan,EMRO,4,55518,1,2428
17-02-2021,AF,Afghanistan,EMRO,22,55540,0,2428
18-02-2021,AF,Afghanistan,EMRO,17,55557,2,2430
19-02-2021,AF,Afghanistan,EMRO,18,55575,0,2430
20-02-2021,AF,Afghanistan,EMRO,5,55580,0,2430
21-02-2021,AF,Afghanistan,EMRO,24,55604,2,2432
22-02-2021,AF,Afghanistan,EMRO,13,55617,1,2433
23-02-2021,AF,Afghanistan,EMRO,29,55646,2,2435
24-02-2021,AF,Afghanistan,EMRO,18,55664,1,2436
25-02-2021,AF,Afghanistan,EMRO,16,55680,2,2438
26-02-2021,AF,Afghanistan,EMRO,16,55696,4,2442
27-02-2021,AF,Afghanistan,EMRO,11,55707,1,2443
28-02-2021,AF,Afghanistan,EMRO,7,55714,0,2443
01-03-2021,AF,Afghanistan,EMRO,19,55733,1,2444
02-03-2021,AF,Afghanistan,EMRO,26,55759,2,2446
03-03-2021,AF,Afghanistan,EMRO,11,55770,0,2446
04-03-2021,AF,Afghanistan,EMRO,5,55775,0,2446
05-03-2021,AF,Afghanistan,EMRO,52,55827,3,2449
06-03-2021,AF,Afghanistan,EMRO,13,55840,0,2449
07-03-2021,AF,Afghanistan,EMRO,7,55847,0,2449
08-03-2021,AF,Afghanistan,EMRO,29,55876,2,2451
09-03-2021,AF,Afghanistan,EMRO,0,55876,0,2451
10-03-2021,AF,Afghanistan,EMRO,18,55894,0,2451
11-03-2021,AF,Afghanistan,EMRO,23,55917,0,2451
12-03-2021,AF,Afghanistan,EMRO,42,55959,3,2454
13-03-2021,AF,Afghanistan,EMRO,0,55959,0,2454
14-03-2021,AF,Afghanistan,EMRO,26,55985,3,2457
15-03-2021,AF,Afghanistan,EMRO,0,55985,2,2459
16-03-2021,AF,Afghanistan,EMRO,10,55995,1,2460
17-03-2021,AF,Afghanistan,EMRO,21,56016,0,2460
18-03-2021,AF,Afghanistan,EMRO,28,56044,2,2462
19-03-2021,AF,Afghanistan,EMRO,25,56069,0,2462
20-03-2021,AF,Afghanistan,EMRO,24,56093,0,2462
21-03-2021,AF,Afghanistan,EMRO,10,56103,1,2463
22-03-2021,AF,Afghanistan,EMRO,50,56153,1,2464
23-03-2021,AF,Afghanistan,EMRO,24,56177,2,2466
24-03-2021,AF,Afghanistan,EMRO,15,56192,0,2466
25-03-2021,AF,Afghanistan,EMRO,34,56226,1,2467
26-03-2021,AF,Afghanistan,EMRO,28,56254,0,2467
27-03-2021,AF,Afghanistan,EMRO,36,56290,2,2469
28-03-2021,AF,Afghanistan,EMRO,4,56294,1,2470
29-03-2021,AF,Afghanistan,EMRO,28,56322,2,2472
30-03-2021,AF,Afghanistan,EMRO,62,56384,4,2476
31-03-2021,AF,Afghanistan,EMRO,70,56454,8,2484
01-04-2021,AF,Afghanistan,EMRO,63,56517,5,2489
02-04-2021,AF,Afghanistan,EMRO,55,56572,6,2495
03-04-2021,AF,Afghanistan,EMRO,23,56595,1,2496
04-04-2021,AF,Afghanistan,EMRO,81,56676,1,2497
05-04-2021,AF,Afghanistan,EMRO,41,56717,11,2508
06-04-2021,AF,Afghanistan,EMRO,62,56779,4,2512
07-04-2021,AF,Afghanistan,EMRO,94,56873,0,2512
08-04-2021,AF,Afghanistan,EMRO,70,56943,4,2516
09-04-2021,AF,Afghanistan,EMRO,76,57019,5,2521
10-04-2021,AF,Afghanistan,EMRO,125,57144,0,2521
11-04-2021,AF,Afghanistan,EMRO,16,57160,0,2521
12-04-2021,AF,Afghanistan,EMRO,82,57242,8,2529
13-04-2021,AF,Afghanistan,EMRO,122,57364,0,2529
14-04-2021,AF,Afghanistan,EMRO,128,57492,3,2532
15-04-2021,AF,Afghanistan,EMRO,42,57534,1,2533
16-04-2021,AF,Afghanistan,EMRO,78,57612,2,2535
17-04-2021,AF,Afghanistan,EMRO,109,57721,4,2539
18-04-2021,AF,Afghanistan,EMRO,72,57793,0,2539
19-04-2021,AF,Afghanistan,EMRO,105,57898,7,2546
20-04-2021,AF,Afghanistan,EMRO,139,58037,3,2549
21-04-2021,AF,Afghanistan,EMRO,177,58214,8,2557
22-04-2021,AF,Afghanistan,EMRO,98,58312,4,2561
23-04-2021,AF,Afghanistan,EMRO,230,58542,4,2565
24-04-2021,AF,Afghanistan,EMRO,188,58730,7,2572
25-04-2021,AF,Afghanistan,EMRO,113,58843,10,2582
26-04-2021,AF,Afghanistan,EMRO,172,59015,10,2592
27-04-2021,AF,Afghanistan,EMRO,210,59225,6,2598
28-04-2021,AF,Afghanistan,EMRO,145,59370,13,2611
29-04-2021,AF,Afghanistan,EMRO,206,59576,7,2618
30-04-2021,AF,Afghanistan,EMRO,169,59745,7,2625
01-05-2021,AF,Afghanistan,EMRO,194,59939,6,2631
02-05-2021,AF,Afghanistan,EMRO,183,60122,6,2637
03-05-2021,AF,Afghanistan,EMRO,178,60300,5,2642
04-05-2021,AF,Afghanistan,EMRO,263,60563,6,2648
05-05-2021,AF,Afghanistan,EMRO,234,60797,6,2654
06-05-2021,AF,Afghanistan,EMRO,365,61162,10,2664
07-05-2021,AF,Afghanistan,EMRO,293,61455,9,2673
08-05-2021,AF,Afghanistan,EMRO,300,61755,10,2683
09-05-2021,AF,Afghanistan,EMRO,87,61842,3,2686
10-05-2021,AF,Afghanistan,EMRO,221,62063,12,2698
11-05-2021,AF,Afghanistan,EMRO,340,62403,12,2710
12-05-2021,AF,Afghanistan,EMRO,315,62718,3,2713
13-05-2021,AF,Afghanistan,EMRO,327,63045,8,2721
14-05-2021,AF,Afghanistan,EMRO,310,63355,9,2730
15-05-2021,AF,Afghanistan,EMRO,57,63412,3,2733
16-05-2021,AF,Afghanistan,EMRO,72,63484,9,2742
17-05-2021,AF,Afghanistan,EMRO,114,63598,3,2745
18-05-2021,AF,Afghanistan,EMRO,221,63819,6,2751
19-05-2021,AF,Afghanistan,EMRO,303,64122,11,2762
20-05-2021,AF,Afghanistan,EMRO,453,64575,10,2772
21-05-2021,AF,Afghanistan,EMRO,505,65080,10,2782
22-05-2021,AF,Afghanistan,EMRO,406,65486,10,2792
23-05-2021,AF,Afghanistan,EMRO,242,65728,10,2802
24-05-2021,AF,Afghanistan,EMRO,547,66275,10,2812
25-05-2021,AF,Afghanistan,EMRO,628,66903,24,2836
26-05-2021,AF,Afghanistan,EMRO,840,67743,19,2855
27-05-2021,AF,Afghanistan,EMRO,623,68366,14,2869
28-05-2021,AF,Afghanistan,EMRO,764,69130,12,2881
29-05-2021,AF,Afghanistan,EMRO,981,70111,18,2899
30-05-2021,AF,Afghanistan,EMRO,650,70761,20,2919
01-01-2021,AL,Albania,EURO,589,58316,7,1181
02-01-2021,AL,Albania,EURO,407,58723,5,1186
03-01-2021,AL,Albania,EURO,268,58991,4,1190
04-01-2021,AL,Albania,EURO,447,59438,3,1193
05-01-2021,AL,Albania,EURO,185,59623,6,1199
06-01-2021,AL,Albania,EURO,660,60283,11,1210
07-01-2021,AL,Albania,EURO,725,61008,7,1217
08-01-2021,AL,Albania,EURO,697,61705,6,1223
09-01-2021,AL,Albania,EURO,673,62378,7,1230
10-01-2021,AL,Albania,EURO,655,63033,3,1233
11-01-2021,AL,Albania,EURO,562,63595,8,1241
12-01-2021,AL,Albania,EURO,376,63971,6,1247
13-01-2021,AL,Albania,EURO,656,64627,5,1252
14-01-2021,AL,Albania,EURO,707,65334,4,1256
15-01-2021,AL,Albania,EURO,660,65994,5,1261
16-01-2021,AL,Albania,EURO,641,66635,4,1265
17-01-2021,AL,Albania,EURO,581,67216,5,1270
18-01-2021,AL,Albania,EURO,474,67690,7,1277
19-01-2021,AL,Albania,EURO,292,67982,4,1281
20-01-2021,AL,Albania,EURO,586,68568,6,1287
21-01-2021,AL,Albania,EURO,670,69238,4,1291
22-01-2021,AL,Albania,EURO,678,69916,5,1296
23-01-2021,AL,Albania,EURO,739,70655,7,1303
24-01-2021,AL,Albania,EURO,786,71441,7,1310
25-01-2021,AL,Albania,EURO,833,72274,5,1315
26-01-2021,AL,Albania,EURO,538,72812,9,1324
27-01-2021,AL,Albania,EURO,879,73691,8,1332
28-01-2021,AL,Albania,EURO,876,74567,7,1339
29-01-2021,AL,Albania,EURO,887,75454,11,1350
30-01-2021,AL,Albania,EURO,896,76350,8,1358
31-01-2021,AL,Albania,EURO,901,77251,11,1369
01-02-2021,AL,Albania,EURO,876,78127,11,1380
02-02-2021,AL,Albania,EURO,865,78992,13,1393
03-02-2021,AL,Albania,EURO,942,79934,5,1398
04-02-2021,AL,Albania,EURO,1007,80941,6,1404
05-02-2021,AL,Albania,EURO,1052,81993,14,1418
06-02-2021,AL,Albania,EURO,1089,83082,15,1433
07-02-2021,AL,Albania,EURO,1130,84212,13,1446
08-02-2021,AL,Albania,EURO,1124,85336,14,1460
09-02-2021,AL,Albania,EURO,953,86289,12,1472
10-02-2021,AL,Albania,EURO,1239,87528,16,1488
11-02-2021,AL,Albania,EURO,1143,88671,15,1503
12-02-2021,AL,Albania,EURO,1105,89776,14,1517
13-02-2021,AL,Albania,EURO,1059,90835,14,1531
14-02-2021,AL,Albania,EURO,1152,91987,12,1543
15-02-2021,AL,Albania,EURO,1088,93075,12,1555
16-02-2021,AL,Albania,EURO,775,93850,12,1567
17-02-2021,AL,Albania,EURO,801,94651,15,1582
18-02-2021,AL,Albania,EURO,1075,95726,18,1600
19-02-2021,AL,Albania,EURO,1112,96838,17,1617
20-02-2021,AL,Albania,EURO,1071,97909,19,1636
21-02-2021,AL,Albania,EURO,1153,99062,17,1653
22-02-2021,AL,Albania,EURO,1184,100246,13,1666
23-02-2021,AL,Albania,EURO,1039,101285,15,1681
24-02-2021,AL,Albania,EURO,1021,102306,15,1696
25-02-2021,AL,Albania,EURO,1021,103327,19,1715
26-02-2021,AL,Albania,EURO,986,104313,21,1736
27-02-2021,AL,Albania,EURO,916,105229,20,1756
28-02-2021,AL,Albania,EURO,986,106215,19,1775
01-03-2021,AL,Albania,EURO,952,107167,21,1796
02-03-2021,AL,Albania,EURO,764,107931,20,1816
03-03-2021,AL,Albania,EURO,892,108823,19,1835
04-03-2021,AL,Albania,EURO,851,109674,21,1856
05-03-2021,AL,Albania,EURO,847,110521,20,1876
06-03-2021,AL,Albania,EURO,780,111301,21,1897
07-03-2021,AL,Albania,EURO,777,112078,21,1918
08-03-2021,AL,Albania,EURO,819,112897,21,1939
09-03-2021,AL,Albania,EURO,683,113580,17,1956
10-03-2021,AL,Albania,EURO,629,114209,13,1969
11-03-2021,AL,Albania,EURO,631,114840,17,1986
12-03-2021,AL,Albania,EURO,602,115442,16,2002
13-03-2021,AL,Albania,EURO,681,116123,16,2018
14-03-2021,AL,Albania,EURO,690,116813,12,2030
15-03-2021,AL,Albania,EURO,661,117474,15,2045
16-03-2021,AL,Albania,EURO,543,118017,15,2060
17-03-2021,AL,Albania,EURO,475,118492,17,2077
18-03-2021,AL,Albania,EURO,446,118938,15,2092
19-03-2021,AL,Albania,EURO,590,119528,14,2106
20-03-2021,AL,Albania,EURO,494,120022,16,2122
21-03-2021,AL,Albania,EURO,519,120541,11,2133
22-03-2021,AL,Albania,EURO,659,121200,4,2137
23-03-2021,AL,Albania,EURO,344,121544,8,2145
24-03-2021,AL,Albania,EURO,303,121847,11,2156
25-03-2021,AL,Albania,EURO,448,122295,15,2171
26-03-2021,AL,Albania,EURO,472,122767,13,2184
27-03-2021,AL,Albania,EURO,449,123216,8,2192
28-03-2021,AL,Albania,EURO,425,123641,12,2204
29-03-2021,AL,Albania,EURO,493,124134,6,2210
30-03-2021,AL,Albania,EURO,285,124419,6,2216
31-03-2021,AL,Albania,EURO,304,124723,11,2227
01-04-2021,AL,Albania,EURO,434,125157,8,2235
02-04-2021,AL,Albania,EURO,349,125506,6,2241
03-04-2021,AL,Albania,EURO,336,125842,6,2247
04-04-2021,AL,Albania,EURO,341,126183,9,2256
05-04-2021,AL,Albania,EURO,348,126531,9,2265
06-04-2021,AL,Albania,EURO,264,126795,9,2274
07-04-2021,AL,Albania,EURO,141,126936,9,2283
08-04-2021,AL,Albania,EURO,256,127192,8,2291
09-04-2021,AL,Albania,EURO,317,127509,6,2297
10-04-2021,AL,Albania,EURO,286,127795,7,2304
11-04-2021,AL,Albania,EURO,360,128155,6,2310
12-04-2021,AL,Albania,EURO,238,128393,7,2317
13-04-2021,AL,Albania,EURO,125,128518,4,2321
14-04-2021,AL,Albania,EURO,234,128752,5,2326
15-04-2021,AL,Albania,EURO,207,128959,5,2331
16-04-2021,AL,Albania,EURO,169,129128,4,2335
17-04-2021,AL,Albania,EURO,179,129307,2,2337
18-04-2021,AL,Albania,EURO,149,129456,3,2340
19-04-2021,AL,Albania,EURO,138,129594,2,2342
20-04-2021,AL,Albania,EURO,100,129694,5,2347
21-04-2021,AL,Albania,EURO,148,129842,6,2353
22-04-2021,AL,Albania,EURO,138,129980,5,2358
23-04-2021,AL,Albania,EURO,134,130114,6,2364
24-04-2021,AL,Albania,EURO,156,130270,3,2367
25-04-2021,AL,Albania,EURO,139,130409,5,2372
26-04-2021,AL,Albania,EURO,128,130537,6,2378
27-04-2021,AL,Albania,EURO,69,130606,1,2379
28-04-2021,AL,Albania,EURO,130,130736,4,2383
29-04-2021,AL,Albania,EURO,123,130859,3,2386
30-04-2021,AL,Albania,EURO,118,130977,3,2389
01-05-2021,AL,Albania,EURO,108,131085,5,2394
02-05-2021,AL,Albania,EURO,100,131185,2,2396
03-05-2021,AL,Albania,EURO,53,131238,1,2397
04-05-2021,AL,Albania,EURO,38,131276,2,2399
05-05-2021,AL,Albania,EURO,51,131327,3,2402
06-05-2021,AL,Albania,EURO,92,131419,1,2403
07-05-2021,AL,Albania,EURO,91,131510,3,2406
08-05-2021,AL,Albania,EURO,67,131577,2,2408
09-05-2021,AL,Albania,EURO,89,131666,3,2411
10-05-2021,AL,Albania,EURO,57,131723,1,2412
11-05-2021,AL,Albania,EURO,30,131753,4,2416
12-05-2021,AL,Albania,EURO,50,131803,4,2420
13-05-2021,AL,Albania,EURO,42,131845,3,2423
14-05-2021,AL,Albania,EURO,45,131890,3,2426
15-05-2021,AL,Albania,EURO,49,131939,1,2427
16-05-2021,AL,Albania,EURO,39,131978,2,2429
17-05-2021,AL,Albania,EURO,37,132015,3,2432
18-05-2021,AL,Albania,EURO,17,132032,3,2435
19-05-2021,AL,Albania,EURO,39,132071,1,2436
20-05-2021,AL,Albania,EURO,24,132095,2,2438
21-05-2021,AL,Albania,EURO,23,132118,2,2440
22-05-2021,AL,Albania,EURO,35,132153,1,2441
23-05-2021,AL,Albania,EURO,23,132176,1,2442
24-05-2021,AL,Albania,EURO,33,132209,2,2444
25-05-2021,AL,Albania,EURO,6,132215,1,2445
26-05-2021,AL,Albania,EURO,14,132229,2,2447
27-05-2021,AL,Albania,EURO,15,132244,0,2447
28-05-2021,AL,Albania,EURO,20,132264,0,2447
29-05-2021,AL,Albania,EURO,21,132285,1,2448
30-05-2021,AL,Albania,EURO,12,132297,1,2449
01-01-2021,DZ,Algeria,AFRO,299,99610,5,2756
02-01-2021,DZ,Algeria,AFRO,0,99610,0,2756
03-01-2021,DZ,Algeria,AFRO,549,100159,13,2769
04-01-2021,DZ,Algeria,AFRO,0,100159,0,2769
05-01-2021,DZ,Algeria,AFRO,486,100645,8,2777
06-01-2021,DZ,Algeria,AFRO,0,100645,0,2777
07-01-2021,DZ,Algeria,AFRO,475,101120,9,2786
08-01-2021,DZ,Algeria,AFRO,0,101120,0,2786
09-01-2021,DZ,Algeria,AFRO,537,101657,12,2798
10-01-2021,DZ,Algeria,AFRO,256,101913,5,2803
11-01-2021,DZ,Algeria,AFRO,231,102144,4,2807
12-01-2021,DZ,Algeria,AFRO,225,102369,5,2812
13-01-2021,DZ,Algeria,AFRO,272,102641,4,2816
14-01-2021,DZ,Algeria,AFRO,0,102641,0,2816
15-01-2021,DZ,Algeria,AFRO,219,102860,3,2819
16-01-2021,DZ,Algeria,AFRO,0,102860,0,2819
17-01-2021,DZ,Algeria,AFRO,751,103611,12,2831
18-01-2021,DZ,Algeria,AFRO,222,103833,10,2841
19-01-2021,DZ,Algeria,AFRO,259,104092,4,2845
20-01-2021,DZ,Algeria,AFRO,249,104341,3,2848
21-01-2021,DZ,Algeria,AFRO,265,104606,6,2854
22-01-2021,DZ,Algeria,AFRO,246,104852,0,2854
23-01-2021,DZ,Algeria,AFRO,272,105124,2,2856
24-01-2021,DZ,Algeria,AFRO,245,105369,5,2861
25-01-2021,DZ,Algeria,AFRO,227,105596,2,2863
26-01-2021,DZ,Algeria,AFRO,258,105854,3,2866
27-01-2021,DZ,Algeria,AFRO,243,106097,5,2871
28-01-2021,DZ,Algeria,AFRO,262,106359,6,2877
29-01-2021,DZ,Algeria,AFRO,251,106610,4,2881
30-01-2021,DZ,Algeria,AFRO,277,106887,3,2884
31-01-2021,DZ,Algeria,AFRO,235,107122,4,2888
01-02-2021,DZ,Algeria,AFRO,217,107339,3,2891
02-02-2021,DZ,Algeria,AFRO,239,107578,3,2894
03-02-2021,DZ,Algeria,AFRO,263,107841,4,2898
04-02-2021,DZ,Algeria,AFRO,275,108116,2,2900
05-02-2021,DZ,Algeria,AFRO,265,108381,4,2904
06-02-2021,DZ,Algeria,AFRO,248,108629,5,2909
07-02-2021,DZ,Algeria,AFRO,223,108852,2,2911
08-02-2021,DZ,Algeria,AFRO,236,109088,3,2914
09-02-2021,DZ,Algeria,AFRO,225,109313,4,2918
10-02-2021,DZ,Algeria,AFRO,246,109559,6,2924
11-02-2021,DZ,Algeria,AFRO,223,109782,2,2926
12-02-2021,DZ,Algeria,AFRO,267,110049,4,2930
13-02-2021,DZ,Algeria,AFRO,254,110303,2,2932
14-02-2021,DZ,Algeria,AFRO,210,110513,3,2935
15-02-2021,DZ,Algeria,AFRO,198,110711,4,2939
16-02-2021,DZ,Algeria,AFRO,183,110894,4,2943
17-02-2021,DZ,Algeria,AFRO,175,111069,2,2945
18-02-2021,DZ,Algeria,AFRO,178,111247,2,2947
19-02-2021,DZ,Algeria,AFRO,171,111418,3,2950
20-02-2021,DZ,Algeria,AFRO,182,111600,4,2954
21-02-2021,DZ,Algeria,AFRO,164,111764,4,2958
22-02-2021,DZ,Algeria,AFRO,153,111917,3,2961
23-02-2021,DZ,Algeria,AFRO,177,112094,3,2964
24-02-2021,DZ,Algeria,AFRO,185,112279,3,2967
25-02-2021,DZ,Algeria,AFRO,182,112461,3,2970
26-02-2021,DZ,Algeria,AFRO,161,112622,3,2973
27-02-2021,DZ,Algeria,AFRO,183,112805,4,2977
28-02-2021,DZ,Algeria,AFRO,155,112960,2,2979
01-03-2021,DZ,Algeria,AFRO,132,113092,4,2983
02-03-2021,DZ,Algeria,AFRO,163,113255,4,2987
03-03-2021,DZ,Algeria,AFRO,175,113430,4,2991
04-03-2021,DZ,Algeria,AFRO,163,113593,5,2996
05-03-2021,DZ,Algeria,AFRO,168,113761,6,3002
06-03-2021,DZ,Algeria,AFRO,187,113948,5,3007
07-03-2021,DZ,Algeria,AFRO,156,114104,3,3010
08-03-2021,DZ,Algeria,AFRO,130,114234,3,3013
09-03-2021,DZ,Algeria,AFRO,148,114382,5,3018
10-03-2021,DZ,Algeria,AFRO,161,114543,4,3022
11-03-2021,DZ,Algeria,AFRO,0,114543,0,3022
12-03-2021,DZ,Algeria,AFRO,308,114851,6,3028
13-03-2021,DZ,Algeria,AFRO,157,115008,3,3031
14-03-2021,DZ,Algeria,AFRO,135,115143,3,3034
15-03-2021,DZ,Algeria,AFRO,122,115265,2,3036
16-03-2021,DZ,Algeria,AFRO,145,115410,4,3040
17-03-2021,DZ,Algeria,AFRO,130,115540,5,3045
18-03-2021,DZ,Algeria,AFRO,148,115688,3,3048
19-03-2021,DZ,Algeria,AFRO,154,115842,3,3051
20-03-2021,DZ,Algeria,AFRO,128,115970,2,3053
21-03-2021,DZ,Algeria,AFRO,96,116066,2,3055
22-03-2021,DZ,Algeria,AFRO,91,116157,2,3057
23-03-2021,DZ,Algeria,AFRO,98,116255,4,3061
24-03-2021,DZ,Algeria,AFRO,94,116349,5,3066
25-03-2021,DZ,Algeria,AFRO,89,116438,3,3069
26-03-2021,DZ,Algeria,AFRO,105,116543,2,3071
27-03-2021,DZ,Algeria,AFRO,114,116657,3,3074
28-03-2021,DZ,Algeria,AFRO,93,116750,3,3077
29-03-2021,DZ,Algeria,AFRO,86,116836,3,3080
30-03-2021,DZ,Algeria,AFRO,110,116946,4,3084
31-03-2021,DZ,Algeria,AFRO,115,117061,5,3089
01-04-2021,DZ,Algeria,AFRO,131,117192,4,3093
02-04-2021,DZ,Algeria,AFRO,112,117304,3,3096
03-04-2021,DZ,Algeria,AFRO,125,117429,3,3099
04-04-2021,DZ,Algeria,AFRO,95,117524,3,3102
05-04-2021,DZ,Algeria,AFRO,0,117524,0,3102
06-04-2021,DZ,Algeria,AFRO,215,117739,6,3108
07-04-2021,DZ,Algeria,AFRO,140,117879,4,3112
08-04-2021,DZ,Algeria,AFRO,125,118004,4,3116
09-04-2021,DZ,Algeria,AFRO,112,118116,3,3119
10-04-2021,DZ,Algeria,AFRO,135,118251,4,3123
11-04-2021,DZ,Algeria,AFRO,127,118378,3,3126
12-04-2021,DZ,Algeria,AFRO,138,118516,4,3130
13-04-2021,DZ,Algeria,AFRO,129,118645,4,3134
14-04-2021,DZ,Algeria,AFRO,154,118799,3,3137
15-04-2021,DZ,Algeria,AFRO,176,118975,4,3141
16-04-2021,DZ,Algeria,AFRO,167,119142,3,3144
17-04-2021,DZ,Algeria,AFRO,181,119323,4,3148
18-04-2021,DZ,Algeria,AFRO,163,119486,4,3152
19-04-2021,DZ,Algeria,AFRO,156,119642,3,3155
20-04-2021,DZ,Algeria,AFRO,163,119805,5,3160
21-04-2021,DZ,Algeria,AFRO,187,119992,5,3165
22-04-2021,DZ,Algeria,AFRO,182,120174,7,3172
23-04-2021,DZ,Algeria,AFRO,189,120363,9,3181
24-04-2021,DZ,Algeria,AFRO,199,120562,9,3190
25-04-2021,DZ,Algeria,AFRO,174,120736,8,3198
26-04-2021,DZ,Algeria,AFRO,186,120922,9,3207
27-04-2021,DZ,Algeria,AFRO,190,121112,10,3217
28-04-2021,DZ,Algeria,AFRO,232,121344,8,3225
29-04-2021,DZ,Algeria,AFRO,236,121580,9,3234
30-04-2021,DZ,Algeria,AFRO,286,121866,10,3244
01-05-2021,DZ,Algeria,AFRO,242,122108,9,3253
02-05-2021,DZ,Algeria,AFRO,203,122311,8,3261
03-05-2021,DZ,Algeria,AFRO,211,122522,9,3270
04-05-2021,DZ,Algeria,AFRO,195,122717,10,3280
05-05-2021,DZ,Algeria,AFRO,282,122999,9,3289
06-05-2021,DZ,Algeria,AFRO,273,123272,10,3299
07-05-2021,DZ,Algeria,AFRO,201,123473,8,3307
08-05-2021,DZ,Algeria,AFRO,219,123692,8,3315
09-05-2021,DZ,Algeria,AFRO,208,123900,6,3321
10-05-2021,DZ,Algeria,AFRO,204,124104,7,3328
11-05-2021,DZ,Algeria,AFRO,184,124288,7,3335
12-05-2021,DZ,Algeria,AFRO,195,124483,8,3343
13-05-2021,DZ,Algeria,AFRO,199,124682,7,3350
14-05-2021,DZ,Algeria,AFRO,207,124889,5,3355
15-05-2021,DZ,Algeria,AFRO,170,125059,5,3360
16-05-2021,DZ,Algeria,AFRO,135,125194,6,3366
17-05-2021,DZ,Algeria,AFRO,117,125311,8,3374
18-05-2021,DZ,Algeria,AFRO,174,125485,7,3381
19-05-2021,DZ,Algeria,AFRO,208,125693,7,3388
20-05-2021,DZ,Algeria,AFRO,203,125896,7,3395
21-05-2021,DZ,Algeria,AFRO,260,126156,6,3401
22-05-2021,DZ,Algeria,AFRO,278,126434,4,3405
23-05-2021,DZ,Algeria,AFRO,217,126651,6,3411
24-05-2021,DZ,Algeria,AFRO,209,126860,7,3418
25-05-2021,DZ,Algeria,AFRO,247,127107,8,3426
26-05-2021,DZ,Algeria,AFRO,254,127361,7,3433
27-05-2021,DZ,Algeria,AFRO,285,127646,7,3440
28-05-2021,DZ,Algeria,AFRO,280,127926,8,3448
29-05-2021,DZ,Algeria,AFRO,272,128198,7,3455
30-05-2021,DZ,Algeria,AFRO,258,128456,5,3460
01-01-2021,AS,American Samoa,WPRO,0,0,0,0
02-01-2021,AS,American Samoa,WPRO,0,0,0,0
03-01-2021,AS,American Samoa,WPRO,0,0,0,0
04-01-2021,AS,American Samoa,WPRO,0,0,0,0
05-01-2021,AS,American Samoa,WPRO,0,0,0,0
06-01-2021,AS,American Samoa,WPRO,0,0,0,0
07-01-2021,AS,American Samoa,WPRO,0,0,0,0
08-01-2021,AS,American Samoa,WPRO,0,0,0,0
09-01-2021,AS,American Samoa,WPRO,0,0,0,0
10-01-2021,AS,American Samoa,WPRO,0,0,0,0
11-01-2021,AS,American Samoa,WPRO,0,0,0,0
12-01-2021,AS,American Samoa,WPRO,0,0,0,0
13-01-2021,AS,American Samoa,WPRO,0,0,0,0
14-01-2021,AS,American Samoa,WPRO,0,0,0,0
15-01-2021,AS,American Samoa,WPRO,0,0,0,0
16-01-2021,AS,American Samoa,WPRO,0,0,0,0
17-01-2021,AS,American Samoa,WPRO,0,0,0,0
18-01-2021,AS,American Samoa,WPRO,0,0,0,0
19-01-2021,AS,American Samoa,WPRO,0,0,0,0
20-01-2021,AS,American Samoa,WPRO,0,0,0,0
21-01-2021,AS,American Samoa,WPRO,0,0,0,0
22-01-2021,AS,American Samoa,WPRO,0,0,0,0
23-01-2021,AS,American Samoa,WPRO,0,0,0,0
24-01-2021,AS,American Samoa,WPRO,0,0,0,0
25-01-2021,AS,American Samoa,WPRO,0,0,0,0
26-01-2021,AS,American Samoa,WPRO,0,0,0,0
27-01-2021,AS,American Samoa,WPRO,0,0,0,0
28-01-2021,AS,American Samoa,WPRO,0,0,0,0
29-01-2021,AS,American Samoa,WPRO,0,0,0,0
30-01-2021,AS,American Samoa,WPRO,0,0,0,0
31-01-2021,AS,American Samoa,WPRO,0,0,0,0
01-02-2021,AS,American Samoa,WPRO,0,0,0,0
02-02-2021,AS,American Samoa,WPRO,0,0,0,0
03-02-2021,AS,American Samoa,WPRO,0,0,0,0
04-02-2021,AS,American Samoa,WPRO,0,0,0,0
05-02-2021,AS,American Samoa,WPRO,0,0,0,0
06-02-2021,AS,American Samoa,WPRO,0,0,0,0
07-02-2021,AS,American Samoa,WPRO,0,0,0,0
08-02-2021,AS,American Samoa,WPRO,0,0,0,0
09-02-2021,AS,American Samoa,WPRO,0,0,0,0
10-02-2021,AS,American Samoa,WPRO,0,0,0,0
11-02-2021,AS,American Samoa,WPRO,0,0,0,0
12-02-2021,AS,American Samoa,WPRO,0,0,0,0
13-02-2021,AS,American Samoa,WPRO,0,0,0,0
14-02-2021,AS,American Samoa,WPRO,0,0,0,0
15-02-2021,AS,American Samoa,WPRO,0,0,0,0
16-02-2021,AS,American Samoa,WPRO,0,0,0,0
17-02-2021,AS,American Samoa,WPRO,0,0,0,0
18-02-2021,AS,American Samoa,WPRO,0,0,0,0
19-02-2021,AS,American Samoa,WPRO,0,0,0,0
20-02-2021,AS,American Samoa,WPRO,0,0,0,0
21-02-2021,AS,American Samoa,WPRO,0,0,0,0
22-02-2021,AS,American Samoa,WPRO,0,0,0,0
23-02-2021,AS,American Samoa,WPRO,0,0,0,0
24-02-2021,AS,American Samoa,WPRO,0,0,0,0
25-02-2021,AS,American Samoa,WPRO,0,0,0,0
26-02-2021,AS,American Samoa,WPRO,0,0,0,0
27-02-2021,AS,American Samoa,WPRO,0,0,0,0
28-02-2021,AS,American Samoa,WPRO,0,0,0,0
01-03-2021,AS,American Samoa,WPRO,0,0,0,0
02-03-2021,AS,American Samoa,WPRO,0,0,0,0
03-03-2021,AS,American Samoa,WPRO,0,0,0,0
04-03-2021,AS,American Samoa,WPRO,0,0,0,0
05-03-2021,AS,American Samoa,WPRO,0,0,0,0
06-03-2021,AS,American Samoa,WPRO,0,0,0,0
07-03-2021,AS,American Samoa,WPRO,0,0,0,0
08-03-2021,AS,American Samoa,WPRO,0,0,0,0
09-03-2021,AS,American Samoa,WPRO,0,0,0,0
10-03-2021,AS,American Samoa,WPRO,0,0,0,0
11-03-2021,AS,American Samoa,WPRO,0,0,0,0
12-03-2021,AS,American Samoa,WPRO,0,0,0,0
13-03-2021,AS,American Samoa,WPRO,0,0,0,0
14-03-2021,AS,American Samoa,WPRO,0,0,0,0
15-03-2021,AS,American Samoa,WPRO,0,0,0,0
16-03-2021,AS,American Samoa,WPRO,0,0,0,0
17-03-2021,AS,American Samoa,WPRO,0,0,0,0
18-03-2021,AS,American Samoa,WPRO,0,0,0,0
19-03-2021,AS,American Samoa,WPRO,0,0,0,0
20-03-2021,AS,American Samoa,WPRO,0,0,0,0
21-03-2021,AS,American Samoa,WPRO,0,0,0,0
22-03-2021,AS,American Samoa,WPRO,0,0,0,0
23-03-2021,AS,American Samoa,WPRO,0,0,0,0
24-03-2021,AS,American Samoa,WPRO,0,0,0,0
25-03-2021,AS,American Samoa,WPRO,0,0,0,0
26-03-2021,AS,American Samoa,WPRO,0,0,0,0
27-03-2021,AS,American Samoa,WPRO,0,0,0,0
28-03-2021,AS,American Samoa,WPRO,0,0,0,0
29-03-2021,AS,American Samoa,WPRO,0,0,0,0
30-03-2021,AS,American Samoa,WPRO,0,0,0,0
31-03-2021,AS,American Samoa,WPRO,0,0,0,0
01-04-2021,AS,American Samoa,WPRO,0,0,0,0
02-04-2021,AS,American Samoa,WPRO,0,0,0,0
03-04-2021,AS,American Samoa,WPRO,0,0,0,0
04-04-2021,AS,American Samoa,WPRO,0,0,0,0
05-04-2021,AS,American Samoa,WPRO,0,0,0,0
06-04-2021,AS,American Samoa,WPRO,0,0,0,0
07-04-2021,AS,American Samoa,WPRO,0,0,0,0
08-04-2021,AS,American Samoa,WPRO,0,0,0,0
09-04-2021,AS,American Samoa,WPRO,0,0,0,0
10-04-2021,AS,American Samoa,WPRO,0,0,0,0
11-04-2021,AS,American Samoa,WPRO,0,0,0,0
12-04-2021,AS,American Samoa,WPRO,0,0,0,0
13-04-2021,AS,American Samoa,WPRO,0,0,0,0
14-04-2021,AS,American Samoa,WPRO,0,0,0,0
15-04-2021,AS,American Samoa,WPRO,0,0,0,0
16-04-2021,AS,American Samoa,WPRO,0,0,0,0
17-04-2021,AS,American Samoa,WPRO,0,0,0,0
18-04-2021,AS,American Samoa,WPRO,0,0,0,0
19-04-2021,AS,American Samoa,WPRO,0,0,0,0
20-04-2021,AS,American Samoa,WPRO,0,0,0,0
21-04-2021,AS,American Samoa,WPRO,0,0,0,0
22-04-2021,AS,American Samoa,WPRO,0,0,0,0
23-04-2021,AS,American Samoa,WPRO,0,0,0,0
24-04-2021,AS,American Samoa,WPRO,0,0,0,0
25-04-2021,AS,American Samoa,WPRO,0,0,0,0
26-04-2021,AS,American Samoa,WPRO,0,0,0,0
27-04-2021,AS,American Samoa,WPRO,0,0,0,0
28-04-2021,AS,American Samoa,WPRO,0,0,0,0
29-04-2021,AS,American Samoa,WPRO,0,0,0,0
30-04-2021,AS,American Samoa,WPRO,0,0,0,0
01-05-2021,AS,American Samoa,WPRO,0,0,0,0
02-05-2021,AS,American Samoa,WPRO,0,0,0,0
03-05-2021,AS,American Samoa,WPRO,0,0,0,0
04-05-2021,AS,American Samoa,WPRO,0,0,0,0
05-05-2021,AS,American Samoa,WPRO,0,0,0,0
06-05-2021,AS,American Samoa,WPRO,0,0,0,0
07-05-2021,AS,American Samoa,WPRO,0,0,0,0
08-05-2021,AS,American Samoa,WPRO,0,0,0,0
09-05-2021,AS,American Samoa,WPRO,0,0,0,0
10-05-2021,AS,American Samoa,WPRO,0,0,0,0
11-05-2021,AS,American Samoa,WPRO,0,0,0,0
12-05-2021,AS,American Samoa,WPRO,0,0,0,0
13-05-2021,AS,American Samoa,WPRO,0,0,0,0
14-05-2021,AS,American Samoa,WPRO,0,0,0,0
15-05-2021,AS,American Samoa,WPRO,0,0,0,0
16-05-2021,AS,American Samoa,WPRO,0,0,0,0
17-05-2021,AS,American Samoa,WPRO,0,0,0,0
18-05-2021,AS,American Samoa,WPRO,0,0,0,0
19-05-2021,AS,American Samoa,WPRO,0,0,0,0
20-05-2021,AS,American Samoa,WPRO,0,0,0,0
21-05-2021,AS,American Samoa,WPRO,0,0,0,0
22-05-2021,AS,American Samoa,WPRO,0,0,0,0
23-05-2021,AS,American Samoa,WPRO,0,0,0,0
24-05-2021,AS,American Samoa,WPRO,0,0,0,0
25-05-2021,AS,American Samoa,WPRO,0,0,0,0
26-05-2021,AS,American Samoa,WPRO,0,0,0,0
27-05-2021,AS,American Samoa,WPRO,0,0,0,0
28-05-2021,AS,American Samoa,WPRO,0,0,0,0
29-05-2021,AS,American Samoa,WPRO,0,0,0,0
30-05-2021,AS,American Samoa,WPRO,0,0,0,0
01-01-2021,AD,Andorra,EURO,66,8049,0,84
02-01-2021,AD,Andorra,EURO,68,8117,0,84
03-01-2021,AD,Andorra,EURO,49,8166,0,84
04-01-2021,AD,Andorra,EURO,26,8192,0,84
05-01-2021,AD,Andorra,EURO,57,8249,0,84
06-01-2021,AD,Andorra,EURO,59,8308,0,84
07-01-2021,AD,Andorra,EURO,40,8348,0,84
08-01-2021,AD,Andorra,EURO,0,8348,0,84
09-01-2021,AD,Andorra,EURO,141,8489,0,84
10-01-2021,AD,Andorra,EURO,97,8586,1,85
11-01-2021,AD,Andorra,EURO,0,8586,0,85
12-01-2021,AD,Andorra,EURO,96,8682,1,86
13-01-2021,AD,Andorra,EURO,63,8745,1,87
14-01-2021,AD,Andorra,EURO,73,8818,0,87
15-01-2021,AD,Andorra,EURO,50,8868,1,88
16-01-2021,AD,Andorra,EURO,78,8946,0,88
17-01-2021,AD,Andorra,EURO,92,9038,3,91
18-01-2021,AD,Andorra,EURO,0,9038,0,91
19-01-2021,AD,Andorra,EURO,45,9083,0,91
20-01-2021,AD,Andorra,EURO,111,9194,1,92
21-01-2021,AD,Andorra,EURO,114,9308,0,92
22-01-2021,AD,Andorra,EURO,71,9379,1,93
23-01-2021,AD,Andorra,EURO,37,9416,0,93
24-01-2021,AD,Andorra,EURO,83,9499,3,96
25-01-2021,AD,Andorra,EURO,50,9549,0,96
26-01-2021,AD,Andorra,EURO,47,9596,1,97
27-01-2021,AD,Andorra,EURO,42,9638,0,97
28-01-2021,AD,Andorra,EURO,78,9716,1,98
29-01-2021,AD,Andorra,EURO,63,9779,2,100
30-01-2021,AD,Andorra,EURO,58,9837,0,100
31-01-2021,AD,Andorra,EURO,48,9885,1,101
01-02-2021,AD,Andorra,EURO,52,9937,0,101
02-02-2021,AD,Andorra,EURO,35,9972,0,101
03-02-2021,AD,Andorra,EURO,45,10017,1,102
04-02-2021,AD,Andorra,EURO,53,10070,1,103
05-02-2021,AD,Andorra,EURO,67,10137,0,103
06-02-2021,AD,Andorra,EURO,35,10172,1,104
07-02-2021,AD,Andorra,EURO,34,10206,1,105
08-02-2021,AD,Andorra,EURO,45,10251,1,106
09-02-2021,AD,Andorra,EURO,24,10275,0,106
10-02-2021,AD,Andorra,EURO,37,10312,0,106
11-02-2021,AD,Andorra,EURO,40,10352,0,106
12-02-2021,AD,Andorra,EURO,39,10391,0,106
13-02-2021,AD,Andorra,EURO,36,10427,0,106
14-02-2021,AD,Andorra,EURO,36,10463,1,107
15-02-2021,AD,Andorra,EURO,40,10503,0,107
16-02-2021,AD,Andorra,EURO,35,10538,0,107
17-02-2021,AD,Andorra,EURO,17,10555,0,107
18-02-2021,AD,Andorra,EURO,28,10583,0,107
19-02-2021,AD,Andorra,EURO,27,10610,0,107
20-02-2021,AD,Andorra,EURO,35,10645,0,107
21-02-2021,AD,Andorra,EURO,27,10672,0,107
22-02-2021,AD,Andorra,EURO,27,10699,0,107
23-02-2021,AD,Andorra,EURO,13,10712,2,109
24-02-2021,AD,Andorra,EURO,27,10739,1,110
25-02-2021,AD,Andorra,EURO,36,10775,0,110
26-02-2021,AD,Andorra,EURO,24,10799,0,110
27-02-2021,AD,Andorra,EURO,23,10822,0,110
28-02-2021,AD,Andorra,EURO,27,10849,0,110
01-03-2021,AD,Andorra,EURO,17,10866,0,110
02-03-2021,AD,Andorra,EURO,23,10889,0,110
03-03-2021,AD,Andorra,EURO,19,10908,0,110
04-03-2021,AD,Andorra,EURO,40,10948,2,112
05-03-2021,AD,Andorra,EURO,28,10976,0,112
06-03-2021,AD,Andorra,EURO,22,10998,0,112
07-03-2021,AD,Andorra,EURO,21,11019,0,112
08-03-2021,AD,Andorra,EURO,23,11042,0,112
09-03-2021,AD,Andorra,EURO,27,11069,0,112
10-03-2021,AD,Andorra,EURO,20,11089,0,112
11-03-2021,AD,Andorra,EURO,41,11130,0,112
12-03-2021,AD,Andorra,EURO,69,11199,0,112
13-03-2021,AD,Andorra,EURO,29,11228,0,112
14-03-2021,AD,Andorra,EURO,0,11228,0,112
15-03-2021,AD,Andorra,EURO,38,11266,1,113
16-03-2021,AD,Andorra,EURO,23,11289,0,113
17-03-2021,AD,Andorra,EURO,30,11319,0,113
18-03-2021,AD,Andorra,EURO,41,11360,0,113
19-03-2021,AD,Andorra,EURO,33,11393,0,113
20-03-2021,AD,Andorra,EURO,38,11431,0,113
21-03-2021,AD,Andorra,EURO,50,11481,0,113
22-03-2021,AD,Andorra,EURO,36,11517,0,113
23-03-2021,AD,Andorra,EURO,28,11545,0,113
24-03-2021,AD,Andorra,EURO,46,11591,0,113
25-03-2021,AD,Andorra,EURO,47,11638,1,114
26-03-2021,AD,Andorra,EURO,49,11687,0,114
27-03-2021,AD,Andorra,EURO,45,11732,0,114
28-03-2021,AD,Andorra,EURO,77,11809,1,115
29-03-2021,AD,Andorra,EURO,41,11850,0,115
30-03-2021,AD,Andorra,EURO,38,11888,0,115
31-03-2021,AD,Andorra,EURO,56,11944,0,115
01-04-2021,AD,Andorra,EURO,66,12010,0,115
02-04-2021,AD,Andorra,EURO,43,12053,0,115
03-04-2021,AD,Andorra,EURO,62,12115,1,116
04-04-2021,AD,Andorra,EURO,59,12174,1,117
05-04-2021,AD,Andorra,EURO,57,12231,0,117
06-04-2021,AD,Andorra,EURO,55,12286,0,117
07-04-2021,AD,Andorra,EURO,42,12328,0,117
08-04-2021,AD,Andorra,EURO,35,12363,2,119
09-04-2021,AD,Andorra,EURO,46,12409,1,120
10-04-2021,AD,Andorra,EURO,47,12456,0,120
11-04-2021,AD,Andorra,EURO,41,12497,0,120
12-04-2021,AD,Andorra,EURO,48,12545,0,120
13-04-2021,AD,Andorra,EURO,36,12581,1,121
14-04-2021,AD,Andorra,EURO,33,12614,0,121
15-04-2021,AD,Andorra,EURO,27,12641,0,121
16-04-2021,AD,Andorra,EURO,0,12641,0,121
17-04-2021,AD,Andorra,EURO,71,12712,2,123
18-04-2021,AD,Andorra,EURO,59,12771,0,123
19-04-2021,AD,Andorra,EURO,34,12805,0,123
20-04-2021,AD,Andorra,EURO,0,12805,0,123
21-04-2021,AD,Andorra,EURO,69,12874,0,123
22-04-2021,AD,Andorra,EURO,43,12917,0,123
23-04-2021,AD,Andorra,EURO,25,12942,0,123
24-04-2021,AD,Andorra,EURO,65,13007,1,124
25-04-2021,AD,Andorra,EURO,17,13024,0,124
26-04-2021,AD,Andorra,EURO,36,13060,0,124
27-04-2021,AD,Andorra,EURO,23,13083,0,124
28-04-2021,AD,Andorra,EURO,38,13121,0,124
29-04-2021,AD,Andorra,EURO,27,13148,1,125
30-04-2021,AD,Andorra,EURO,50,13198,0,125
01-05-2021,AD,Andorra,EURO,34,13232,0,125
02-05-2021,AD,Andorra,EURO,0,13232,0,125
03-05-2021,AD,Andorra,EURO,50,13282,2,127
04-05-2021,AD,Andorra,EURO,13,13295,0,127
05-05-2021,AD,Andorra,EURO,21,13316,0,127
06-05-2021,AD,Andorra,EURO,24,13340,0,127
07-05-2021,AD,Andorra,EURO,23,13363,0,127
08-05-2021,AD,Andorra,EURO,27,13390,0,127
09-05-2021,AD,Andorra,EURO,16,13406,0,127
10-05-2021,AD,Andorra,EURO,17,13423,0,127
11-05-2021,AD,Andorra,EURO,6,13429,0,127
12-05-2021,AD,Andorra,EURO,18,13447,0,127
13-05-2021,AD,Andorra,EURO,23,13470,0,127
14-05-2021,AD,Andorra,EURO,0,13470,0,127
15-05-2021,AD,Andorra,EURO,40,13510,0,127
16-05-2021,AD,Andorra,EURO,0,13510,0,127
17-05-2021,AD,Andorra,EURO,0,13510,0,127
18-05-2021,AD,Andorra,EURO,45,13555,0,127
19-05-2021,AD,Andorra,EURO,14,13569,0,127
20-05-2021,AD,Andorra,EURO,0,13569,0,127
21-05-2021,AD,Andorra,EURO,40,13609,0,127
22-05-2021,AD,Andorra,EURO,0,13609,0,127
23-05-2021,AD,Andorra,EURO,0,13609,0,127
24-05-2021,AD,Andorra,EURO,0,13609,0,127
25-05-2021,AD,Andorra,EURO,55,13664,0,127
26-05-2021,AD,Andorra,EURO,0,13664,0,127
27-05-2021,AD,Andorra,EURO,7,13671,0,127
28-05-2021,AD,Andorra,EURO,11,13682,0,127
29-05-2021,AD,Andorra,EURO,11,13693,0,127
30-05-2021,AD,Andorra,EURO,0,13693,0,127
01-01-2021,AO,Angola,AFRO,182,17553,6,405
02-01-2021,AO,Angola,AFRO,0,17553,0,405
03-01-2021,AO,Angola,AFRO,55,17608,2,407
04-01-2021,AO,Angola,AFRO,34,17642,1,408
05-01-2021,AO,Angola,AFRO,42,17684,0,408
06-01-2021,AO,Angola,AFRO,0,17684,0,408
07-01-2021,AO,Angola,AFRO,180,17864,5,413
08-01-2021,AO,Angola,AFRO,110,17974,0,413
09-01-2021,AO,Angola,AFRO,92,18066,2,415
10-01-2021,AO,Angola,AFRO,90,18156,1,416
11-01-2021,AO,Angola,AFRO,37,18193,0,416
12-01-2021,AO,Angola,AFRO,61,18254,4,420
13-01-2021,AO,Angola,AFRO,89,18343,2,422
14-01-2021,AO,Angola,AFRO,82,18425,2,424
15-01-2021,AO,Angola,AFRO,188,18613,1,425
16-01-2021,AO,Angola,AFRO,0,18613,0,425
17-01-2021,AO,Angola,AFRO,152,18765,6,431
18-01-2021,AO,Angola,AFRO,110,18875,5,436
19-01-2021,AO,Angola,AFRO,51,18926,3,439
20-01-2021,AO,Angola,AFRO,85,19011,3,442
21-01-2021,AO,Angola,AFRO,82,19093,2,444
22-01-2021,AO,Angola,AFRO,84,19177,4,448
23-01-2021,AO,Angola,AFRO,92,19269,4,452
24-01-2021,AO,Angola,AFRO,98,19367,5,457
25-01-2021,AO,Angola,AFRO,32,19399,2,459
26-01-2021,AO,Angola,AFRO,77,19476,2,461
27-01-2021,AO,Angola,AFRO,77,19553,1,462
28-01-2021,AO,Angola,AFRO,27,19580,0,462
29-01-2021,AO,Angola,AFRO,92,19672,2,464
30-01-2021,AO,Angola,AFRO,51,19723,0,464
31-01-2021,AO,Angola,AFRO,59,19782,0,464
01-02-2021,AO,Angola,AFRO,14,19796,2,466
02-02-2021,AO,Angola,AFRO,33,19829,0,466
03-02-2021,AO,Angola,AFRO,71,19900,2,468
04-02-2021,AO,Angola,AFRO,37,19937,2,470
05-02-2021,AO,Angola,AFRO,59,19996,3,473
06-02-2021,AO,Angola,AFRO,34,20030,1,474
07-02-2021,AO,Angola,AFRO,32,20062,1,475
08-02-2021,AO,Angola,AFRO,24,20086,0,475
09-02-2021,AO,Angola,AFRO,26,20112,0,475
10-02-2021,AO,Angola,AFRO,51,20163,3,478
11-02-2021,AO,Angola,AFRO,47,20210,9,487
12-02-2021,AO,Angola,AFRO,51,20261,0,487
13-02-2021,AO,Angola,AFRO,33,20294,3,490
14-02-2021,AO,Angola,AFRO,35,20329,1,491
15-02-2021,AO,Angola,AFRO,37,20366,1,492
16-02-2021,AO,Angola,AFRO,15,20381,1,493
17-02-2021,AO,Angola,AFRO,8,20389,1,494
18-02-2021,AO,Angola,AFRO,11,20400,0,494
19-02-2021,AO,Angola,AFRO,52,20452,4,498
20-02-2021,AO,Angola,AFRO,26,20478,0,498
21-02-2021,AO,Angola,AFRO,21,20499,0,498
22-02-2021,AO,Angola,AFRO,20,20519,1,499
23-02-2021,AO,Angola,AFRO,29,20548,0,499
24-02-2021,AO,Angola,AFRO,36,20584,1,500
25-02-2021,AO,Angola,AFRO,56,20640,1,501
26-02-2021,AO,Angola,AFRO,55,20695,1,502
27-02-2021,AO,Angola,AFRO,64,20759,2,504
28-02-2021,AO,Angola,AFRO,23,20782,2,506
01-03-2021,AO,Angola,AFRO,25,20807,2,508
02-03-2021,AO,Angola,AFRO,47,20854,0,508
03-03-2021,AO,Angola,AFRO,28,20882,2,510
04-03-2021,AO,Angola,AFRO,41,20923,0,510
05-03-2021,AO,Angola,AFRO,58,20981,1,511
06-03-2021,AO,Angola,AFRO,45,21026,0,511
07-03-2021,AO,Angola,AFRO,29,21055,1,512
08-03-2021,AO,Angola,AFRO,31,21086,2,514
09-03-2021,AO,Angola,AFRO,22,21108,1,515
10-03-2021,AO,Angola,AFRO,6,21114,1,516
11-03-2021,AO,Angola,AFRO,0,21114,0,516
12-03-2021,AO,Angola,AFRO,91,21205,1,517
13-03-2021,AO,Angola,AFRO,60,21265,2,519
14-03-2021,AO,Angola,AFRO,58,21323,1,520
15-03-2021,AO,Angola,AFRO,57,21380,1,521
16-03-2021,AO,Angola,AFRO,27,21407,0,521
17-03-2021,AO,Angola,AFRO,39,21446,1,522
18-03-2021,AO,Angola,AFRO,43,21489,0,522
19-03-2021,AO,Angola,AFRO,69,21558,0,522
20-03-2021,AO,Angola,AFRO,84,21642,3,525
21-03-2021,AO,Angola,AFRO,54,21696,1,526
22-03-2021,AO,Angola,AFRO,37,21733,1,527
23-03-2021,AO,Angola,AFRO,24,21757,3,530
24-03-2021,AO,Angola,AFRO,17,21774,1,531
25-03-2021,AO,Angola,AFRO,62,21836,1,532
26-03-2021,AO,Angola,AFRO,78,21914,0,532
27-03-2021,AO,Angola,AFRO,51,21965,0,532
28-03-2021,AO,Angola,AFRO,66,22031,1,533
29-03-2021,AO,Angola,AFRO,32,22063,0,533
30-03-2021,AO,Angola,AFRO,69,22132,1,534
31-03-2021,AO,Angola,AFRO,50,22182,2,536
01-04-2021,AO,Angola,AFRO,129,22311,1,537
02-04-2021,AO,Angola,AFRO,88,22399,1,538
03-04-2021,AO,Angola,AFRO,68,22467,0,538
04-04-2021,AO,Angola,AFRO,112,22579,2,540
05-04-2021,AO,Angola,AFRO,52,22631,2,542
06-04-2021,AO,Angola,AFRO,86,22717,1,543
07-04-2021,AO,Angola,AFRO,168,22885,4,547
08-04-2021,AO,Angola,AFRO,125,23010,0,547
09-04-2021,AO,Angola,AFRO,98,23108,2,549
10-04-2021,AO,Angola,AFRO,134,23242,0,549
11-04-2021,AO,Angola,AFRO,89,23331,1,550
12-04-2021,AO,Angola,AFRO,126,23457,3,553
13-04-2021,AO,Angola,AFRO,92,23549,1,554
14-04-2021,AO,Angola,AFRO,148,23697,0,554
15-04-2021,AO,Angola,AFRO,144,23841,3,557
16-04-2021,AO,Angola,AFRO,110,23951,0,557
17-04-2021,AO,Angola,AFRO,171,24122,3,560
18-04-2021,AO,Angola,AFRO,178,24300,1,561
19-04-2021,AO,Angola,AFRO,89,24389,0,561
20-04-2021,AO,Angola,AFRO,129,24518,2,563
21-04-2021,AO,Angola,AFRO,143,24661,2,565
22-04-2021,AO,Angola,AFRO,222,24883,5,570
23-04-2021,AO,Angola,AFRO,168,25051,2,572
24-04-2021,AO,Angola,AFRO,228,25279,2,574
25-04-2021,AO,Angola,AFRO,213,25492,3,577
26-04-2021,AO,Angola,AFRO,117,25609,2,579
27-04-2021,AO,Angola,AFRO,101,25710,4,583
28-04-2021,AO,Angola,AFRO,232,25942,4,587
29-04-2021,AO,Angola,AFRO,226,26168,4,591
30-04-2021,AO,Angola,AFRO,263,26431,3,594
01-05-2021,AO,Angola,AFRO,221,26652,2,596
02-05-2021,AO,Angola,AFRO,163,26815,4,600
03-05-2021,AO,Angola,AFRO,178,26993,2,602
04-05-2021,AO,Angola,AFRO,140,27133,1,603
05-05-2021,AO,Angola,AFRO,151,27284,6,609
06-05-2021,AO,Angola,AFRO,245,27529,9,618
07-05-2021,AO,Angola,AFRO,392,27921,4,622
08-05-2021,AO,Angola,AFRO,280,28201,6,628
09-05-2021,AO,Angola,AFRO,276,28477,2,630
10-05-2021,AO,Angola,AFRO,263,28740,3,633
11-05-2021,AO,Angola,AFRO,135,28875,3,636
12-05-2021,AO,Angola,AFRO,271,29146,3,639
13-05-2021,AO,Angola,AFRO,259,29405,6,645
14-05-2021,AO,Angola,AFRO,290,29695,4,649
15-05-2021,AO,Angola,AFRO,335,30030,2,651
16-05-2021,AO,Angola,AFRO,324,30354,4,655
17-05-2021,AO,Angola,AFRO,283,30637,4,659
18-05-2021,AO,Angola,AFRO,150,30787,18,677
19-05-2021,AO,Angola,AFRO,258,31045,8,685
20-05-2021,AO,Angola,AFRO,393,31438,11,696
21-05-2021,AO,Angola,AFRO,223,31661,8,704
22-05-2021,AO,Angola,AFRO,248,31909,5,709
23-05-2021,AO,Angola,AFRO,240,32149,6,715
24-05-2021,AO,Angola,AFRO,292,32441,10,725
25-05-2021,AO,Angola,AFRO,182,32623,6,731
26-05-2021,AO,Angola,AFRO,310,32933,4,735
27-05-2021,AO,Angola,AFRO,405,33338,7,742
28-05-2021,AO,Angola,AFRO,269,33607,3,745
29-05-2021,AO,Angola,AFRO,337,33944,4,749
30-05-2021,AO,Angola,AFRO,236,34180,8,757
01-01-2021,AI,Anguilla,AMRO,0,13,0,0
02-01-2021,AI,Anguilla,AMRO,1,14,0,0
03-01-2021,AI,Anguilla,AMRO,1,15,0,0
04-01-2021,AI,Anguilla,AMRO,0,15,0,0
05-01-2021,AI,Anguilla,AMRO,0,15,0,0
06-01-2021,AI,Anguilla,AMRO,0,15,0,0
07-01-2021,AI,Anguilla,AMRO,0,15,0,0
08-01-2021,AI,Anguilla,AMRO,0,15,0,0
09-01-2021,AI,Anguilla,AMRO,0,15,0,0
10-01-2021,AI,Anguilla,AMRO,0,15,0,0
11-01-2021,AI,Anguilla,AMRO,0,15,0,0
12-01-2021,AI,Anguilla,AMRO,0,15,0,0
13-01-2021,AI,Anguilla,AMRO,0,15,0,0
14-01-2021,AI,Anguilla,AMRO,0,15,0,0
15-01-2021,AI,Anguilla,AMRO,0,15,0,0
16-01-2021,AI,Anguilla,AMRO,0,15,0,0
17-01-2021,AI,Anguilla,AMRO,0,15,0,0
18-01-2021,AI,Anguilla,AMRO,0,15,0,0
19-01-2021,AI,Anguilla,AMRO,0,15,0,0
20-01-2021,AI,Anguilla,AMRO,0,15,0,0
21-01-2021,AI,Anguilla,AMRO,0,15,0,0
22-01-2021,AI,Anguilla,AMRO,0,15,0,0
23-01-2021,AI,Anguilla,AMRO,0,15,0,0
24-01-2021,AI,Anguilla,AMRO,0,15,0,0
25-01-2021,AI,Anguilla,AMRO,0,15,0,0
26-01-2021,AI,Anguilla,AMRO,1,16,0,0
27-01-2021,AI,Anguilla,AMRO,0,16,0,0
28-01-2021,AI,Anguilla,AMRO,0,16,0,0
29-01-2021,AI,Anguilla,AMRO,0,16,0,0
30-01-2021,AI,Anguilla,AMRO,0,16,0,0
31-01-2021,AI,Anguilla,AMRO,1,17,0,0
01-02-2021,AI,Anguilla,AMRO,0,17,0,0
02-02-2021,AI,Anguilla,AMRO,0,17,0,0
03-02-2021,AI,Anguilla,AMRO,0,17,0,0
04-02-2021,AI,Anguilla,AMRO,0,17,0,0
05-02-2021,AI,Anguilla,AMRO,0,17,0,0
06-02-2021,AI,Anguilla,AMRO,0,17,0,0
07-02-2021,AI,Anguilla,AMRO,0,17,0,0
08-02-2021,AI,Anguilla,AMRO,0,17,0,0
09-02-2021,AI,Anguilla,AMRO,0,17,0,0
10-02-2021,AI,Anguilla,AMRO,1,18,0,0
11-02-2021,AI,Anguilla,AMRO,0,18,0,0
12-02-2021,AI,Anguilla,AMRO,0,18,0,0
13-02-2021,AI,Anguilla,AMRO,0,18,0,0
14-02-2021,AI,Anguilla,AMRO,0,18,0,0
15-02-2021,AI,Anguilla,AMRO,0,18,0,0
16-02-2021,AI,Anguilla,AMRO,0,18,0,0
17-02-2021,AI,Anguilla,AMRO,0,18,0,0
18-02-2021,AI,Anguilla,AMRO,0,18,0,0
19-02-2021,AI,Anguilla,AMRO,0,18,0,0
20-02-2021,AI,Anguilla,AMRO,0,18,0,0
21-02-2021,AI,Anguilla,AMRO,0,18,0,0
22-02-2021,AI,Anguilla,AMRO,0,18,0,0
23-02-2021,AI,Anguilla,AMRO,0,18,0,0
24-02-2021,AI,Anguilla,AMRO,0,18,0,0
25-02-2021,AI,Anguilla,AMRO,0,18,0,0
26-02-2021,AI,Anguilla,AMRO,0,18,0,0
27-02-2021,AI,Anguilla,AMRO,0,18,0,0
28-02-2021,AI,Anguilla,AMRO,0,18,0,0
01-03-2021,AI,Anguilla,AMRO,0,18,0,0
02-03-2021,AI,Anguilla,AMRO,0,18,0,0
03-03-2021,AI,Anguilla,AMRO,0,18,0,0
04-03-2021,AI,Anguilla,AMRO,0,18,0,0
05-03-2021,AI,Anguilla,AMRO,0,18,0,0
06-03-2021,AI,Anguilla,AMRO,0,18,0,0
07-03-2021,AI,Anguilla,AMRO,0,18,0,0
08-03-2021,AI,Anguilla,AMRO,0,18,0,0
09-03-2021,AI,Anguilla,AMRO,0,18,0,0
10-03-2021,AI,Anguilla,AMRO,0,18,0,0
11-03-2021,AI,Anguilla,AMRO,0,18,0,0
12-03-2021,AI,Anguilla,AMRO,3,21,0,0
13-03-2021,AI,Anguilla,AMRO,0,21,0,0
14-03-2021,AI,Anguilla,AMRO,0,21,0,0
15-03-2021,AI,Anguilla,AMRO,0,21,0,0
16-03-2021,AI,Anguilla,AMRO,0,21,0,0
17-03-2021,AI,Anguilla,AMRO,0,21,0,0
18-03-2021,AI,Anguilla,AMRO,0,21,0,0
19-03-2021,AI,Anguilla,AMRO,0,21,0,0
20-03-2021,AI,Anguilla,AMRO,0,21,0,0
21-03-2021,AI,Anguilla,AMRO,1,22,0,0
22-03-2021,AI,Anguilla,AMRO,0,22,0,0
23-03-2021,AI,Anguilla,AMRO,0,22,0,0
24-03-2021,AI,Anguilla,AMRO,0,22,0,0
25-03-2021,AI,Anguilla,AMRO,1,23,0,0
26-03-2021,AI,Anguilla,AMRO,0,23,0,0
27-03-2021,AI,Anguilla,AMRO,0,23,0,0
28-03-2021,AI,Anguilla,AMRO,0,23,0,0
29-03-2021,AI,Anguilla,AMRO,2,25,0,0
30-03-2021,AI,Anguilla,AMRO,0,25,0,0
31-03-2021,AI,Anguilla,AMRO,0,25,0,0
01-04-2021,AI,Anguilla,AMRO,0,25,0,0
02-04-2021,AI,Anguilla,AMRO,0,25,0,0
03-04-2021,AI,Anguilla,AMRO,0,25,0,0
04-04-2021,AI,Anguilla,AMRO,0,25,0,0
05-04-2021,AI,Anguilla,AMRO,0,25,0,0
06-04-2021,AI,Anguilla,AMRO,0,25,0,0
07-04-2021,AI,Anguilla,AMRO,0,25,0,0
08-04-2021,AI,Anguilla,AMRO,0,25,0,0
09-04-2021,AI,Anguilla,AMRO,0,25,0,0
10-04-2021,AI,Anguilla,AMRO,0,25,0,0
11-04-2021,AI,Anguilla,AMRO,4,29,0,0
12-04-2021,AI,Anguilla,AMRO,0,29,0,0
13-04-2021,AI,Anguilla,AMRO,0,29,0,0
14-04-2021,AI,Anguilla,AMRO,0,29,0,0
15-04-2021,AI,Anguilla,AMRO,0,29,0,0
16-04-2021,AI,Anguilla,AMRO,0,29,0,0
17-04-2021,AI,Anguilla,AMRO,0,29,0,0
18-04-2021,AI,Anguilla,AMRO,0,29,0,0
19-04-2021,AI,Anguilla,AMRO,0,29,0,0
20-04-2021,AI,Anguilla,AMRO,0,29,0,0
21-04-2021,AI,Anguilla,AMRO,0,29,0,0
22-04-2021,AI,Anguilla,AMRO,1,30,0,0
23-04-2021,AI,Anguilla,AMRO,3,33,0,0
24-04-2021,AI,Anguilla,AMRO,0,33,0,0
25-04-2021,AI,Anguilla,AMRO,25,58,0,0
26-04-2021,AI,Anguilla,AMRO,0,58,0,0
27-04-2021,AI,Anguilla,AMRO,15,73,0,0
28-04-2021,AI,Anguilla,AMRO,11,84,0,0
29-04-2021,AI,Anguilla,AMRO,3,87,0,0
30-04-2021,AI,Anguilla,AMRO,4,91,0,0
01-05-2021,AI,Anguilla,AMRO,2,93,0,0
02-05-2021,AI,Anguilla,AMRO,0,93,0,0
03-05-2021,AI,Anguilla,AMRO,2,95,0,0
04-05-2021,AI,Anguilla,AMRO,0,95,0,0
05-05-2021,AI,Anguilla,AMRO,0,95,0,0
06-05-2021,AI,Anguilla,AMRO,0,95,0,0
07-05-2021,AI,Anguilla,AMRO,0,95,0,0
08-05-2021,AI,Anguilla,AMRO,0,95,0,0
09-05-2021,AI,Anguilla,AMRO,4,99,0,0
10-05-2021,AI,Anguilla,AMRO,0,99,0,0
11-05-2021,AI,Anguilla,AMRO,0,99,0,0
12-05-2021,AI,Anguilla,AMRO,10,109,0,0
13-05-2021,AI,Anguilla,AMRO,0,109,0,0
14-05-2021,AI,Anguilla,AMRO,0,109,0,0
15-05-2021,AI,Anguilla,AMRO,0,109,0,0
16-05-2021,AI,Anguilla,AMRO,0,109,0,0
17-05-2021,AI,Anguilla,AMRO,0,109,0,0
18-05-2021,AI,Anguilla,AMRO,0,109,0,0
19-05-2021,AI,Anguilla,AMRO,0,109,0,0
20-05-2021,AI,Anguilla,AMRO,0,109,0,0
21-05-2021,AI,Anguilla,AMRO,0,109,0,0
22-05-2021,AI,Anguilla,AMRO,0,109,0,0
23-05-2021,AI,Anguilla,AMRO,0,109,0,0
24-05-2021,AI,Anguilla,AMRO,0,109,0,0
25-05-2021,AI,Anguilla,AMRO,0,109,0,0
26-05-2021,AI,Anguilla,AMRO,0,109,0,0
27-05-2021,AI,Anguilla,AMRO,0,109,0,0
28-05-2021,AI,Anguilla,AMRO,0,109,0,0
29-05-2021,AI,Anguilla,AMRO,0,109,0,0
30-05-2021,AI,Anguilla,AMRO,0,109,0,0
01-01-2021,AG,Antigua and Barbuda,AMRO,1,159,0,5
02-01-2021,AG,Antigua and Barbuda,AMRO,0,159,0,5
03-01-2021,AG,Antigua and Barbuda,AMRO,0,159,0,5
04-01-2021,AG,Antigua and Barbuda,AMRO,0,159,0,5
05-01-2021,AG,Antigua and Barbuda,AMRO,1,160,0,5
06-01-2021,AG,Antigua and Barbuda,AMRO,0,160,0,5
07-01-2021,AG,Antigua and Barbuda,AMRO,0,160,0,5
08-01-2021,AG,Antigua and Barbuda,AMRO,3,163,0,5
09-01-2021,AG,Antigua and Barbuda,AMRO,4,167,0,5
10-01-2021,AG,Antigua and Barbuda,AMRO,2,169,0,5
11-01-2021,AG,Antigua and Barbuda,AMRO,7,176,0,5
12-01-2021,AG,Antigua and Barbuda,AMRO,0,176,0,5
13-01-2021,AG,Antigua and Barbuda,AMRO,0,176,0,5
14-01-2021,AG,Antigua and Barbuda,AMRO,0,176,0,5
15-01-2021,AG,Antigua and Barbuda,AMRO,8,184,1,6
16-01-2021,AG,Antigua and Barbuda,AMRO,0,184,0,6
17-01-2021,AG,Antigua and Barbuda,AMRO,3,187,0,6
18-01-2021,AG,Antigua and Barbuda,AMRO,0,187,0,6
19-01-2021,AG,Antigua and Barbuda,AMRO,2,189,0,6
20-01-2021,AG,Antigua and Barbuda,AMRO,1,190,0,6
21-01-2021,AG,Antigua and Barbuda,AMRO,0,190,0,6
22-01-2021,AG,Antigua and Barbuda,AMRO,0,190,0,6
23-01-2021,AG,Antigua and Barbuda,AMRO,2,192,0,6
24-01-2021,AG,Antigua and Barbuda,AMRO,3,195,0,6
25-01-2021,AG,Antigua and Barbuda,AMRO,0,195,0,6
26-01-2021,AG,Antigua and Barbuda,AMRO,6,201,0,6
27-01-2021,AG,Antigua and Barbuda,AMRO,0,201,0,6
28-01-2021,AG,Antigua and Barbuda,AMRO,0,201,0,6
29-01-2021,AG,Antigua and Barbuda,AMRO,14,215,0,6
30-01-2021,AG,Antigua and Barbuda,AMRO,3,218,0,6
31-01-2021,AG,Antigua and Barbuda,AMRO,0,218,1,7
01-02-2021,AG,Antigua and Barbuda,AMRO,2,220,0,7
02-02-2021,AG,Antigua and Barbuda,AMRO,14,234,0,7
03-02-2021,AG,Antigua and Barbuda,AMRO,0,234,0,7
04-02-2021,AG,Antigua and Barbuda,AMRO,15,249,0,7
05-02-2021,AG,Antigua and Barbuda,AMRO,19,268,0,7
06-02-2021,AG,Antigua and Barbuda,AMRO,9,277,0,7
07-02-2021,AG,Antigua and Barbuda,AMRO,0,277,0,7
08-02-2021,AG,Antigua and Barbuda,AMRO,22,299,0,7
09-02-2021,AG,Antigua and Barbuda,AMRO,17,316,0,7
10-02-2021,AG,Antigua and Barbuda,AMRO,0,316,1,8
11-02-2021,AG,Antigua and Barbuda,AMRO,34,350,1,9
12-02-2021,AG,Antigua and Barbuda,AMRO,31,381,0,9
13-02-2021,AG,Antigua and Barbuda,AMRO,0,381,0,9
14-02-2021,AG,Antigua and Barbuda,AMRO,46,427,0,9
15-02-2021,AG,Antigua and Barbuda,AMRO,0,427,0,9
16-02-2021,AG,Antigua and Barbuda,AMRO,0,427,0,9
17-02-2021,AG,Antigua and Barbuda,AMRO,16,443,0,9
18-02-2021,AG,Antigua and Barbuda,AMRO,43,486,1,10
19-02-2021,AG,Antigua and Barbuda,AMRO,39,525,0,10
20-02-2021,AG,Antigua and Barbuda,AMRO,23,548,0,10
21-02-2021,AG,Antigua and Barbuda,AMRO,50,598,1,11
22-02-2021,AG,Antigua and Barbuda,AMRO,0,598,2,13
23-02-2021,AG,Antigua and Barbuda,AMRO,16,614,1,14
24-02-2021,AG,Antigua and Barbuda,AMRO,0,614,0,14
25-02-2021,AG,Antigua and Barbuda,AMRO,22,636,0,14
26-02-2021,AG,Antigua and Barbuda,AMRO,10,646,0,14
27-02-2021,AG,Antigua and Barbuda,AMRO,55,701,0,14
28-02-2021,AG,Antigua and Barbuda,AMRO,25,726,0,14
01-03-2021,AG,Antigua and Barbuda,AMRO,0,726,0,14
02-03-2021,AG,Antigua and Barbuda,AMRO,43,769,1,15
03-03-2021,AG,Antigua and Barbuda,AMRO,0,769,2,17
04-03-2021,AG,Antigua and Barbuda,AMRO,0,769,1,18
05-03-2021,AG,Antigua and Barbuda,AMRO,0,769,1,19
06-03-2021,AG,Antigua and Barbuda,AMRO,44,813,2,21
07-03-2021,AG,Antigua and Barbuda,AMRO,0,813,0,21
08-03-2021,AG,Antigua and Barbuda,AMRO,19,832,0,21
09-03-2021,AG,Antigua and Barbuda,AMRO,16,848,0,21
10-03-2021,AG,Antigua and Barbuda,AMRO,14,862,1,22
11-03-2021,AG,Antigua and Barbuda,AMRO,0,862,0,22
12-03-2021,AG,Antigua and Barbuda,AMRO,20,882,1,23
13-03-2021,AG,Antigua and Barbuda,AMRO,63,945,2,25
14-03-2021,AG,Antigua and Barbuda,AMRO,17,962,2,27
15-03-2021,AG,Antigua and Barbuda,AMRO,1,963,0,27
16-03-2021,AG,Antigua and Barbuda,AMRO,0,963,0,27
17-03-2021,AG,Antigua and Barbuda,AMRO,20,983,0,27
18-03-2021,AG,Antigua and Barbuda,AMRO,9,992,0,27
19-03-2021,AG,Antigua and Barbuda,AMRO,16,1008,0,27
20-03-2021,AG,Antigua and Barbuda,AMRO,3,1011,0,27
21-03-2021,AG,Antigua and Barbuda,AMRO,22,1033,1,28
22-03-2021,AG,Antigua and Barbuda,AMRO,0,1033,0,28
23-03-2021,AG,Antigua and Barbuda,AMRO,0,1033,0,28
24-03-2021,AG,Antigua and Barbuda,AMRO,39,1072,0,28
25-03-2021,AG,Antigua and Barbuda,AMRO,8,1080,0,28
26-03-2021,AG,Antigua and Barbuda,AMRO,20,1100,0,28
27-03-2021,AG,Antigua and Barbuda,AMRO,3,1103,0,28
28-03-2021,AG,Antigua and Barbuda,AMRO,19,1122,0,28
29-03-2021,AG,Antigua and Barbuda,AMRO,6,1128,0,28
30-03-2021,AG,Antigua and Barbuda,AMRO,8,1136,0,28
31-03-2021,AG,Antigua and Barbuda,AMRO,0,1136,0,28
01-04-2021,AG,Antigua and Barbuda,AMRO,0,1136,0,28
02-04-2021,AG,Antigua and Barbuda,AMRO,11,1147,0,28
03-04-2021,AG,Antigua and Barbuda,AMRO,5,1152,0,28
04-04-2021,AG,Antigua and Barbuda,AMRO,18,1170,0,28
05-04-2021,AG,Antigua and Barbuda,AMRO,0,1170,0,28
06-04-2021,AG,Antigua and Barbuda,AMRO,0,1170,0,28
07-04-2021,AG,Antigua and Barbuda,AMRO,3,1173,1,29
08-04-2021,AG,Antigua and Barbuda,AMRO,0,1173,0,29
09-04-2021,AG,Antigua and Barbuda,AMRO,4,1177,0,29
10-04-2021,AG,Antigua and Barbuda,AMRO,3,1180,0,29
11-04-2021,AG,Antigua and Barbuda,AMRO,2,1182,1,30
12-04-2021,AG,Antigua and Barbuda,AMRO,15,1197,0,30
13-04-2021,AG,Antigua and Barbuda,AMRO,1,1198,0,30
14-04-2021,AG,Antigua and Barbuda,AMRO,3,1201,1,31
15-04-2021,AG,Antigua and Barbuda,AMRO,0,1201,0,31
16-04-2021,AG,Antigua and Barbuda,AMRO,8,1209,0,31
17-04-2021,AG,Antigua and Barbuda,AMRO,4,1213,0,31
18-04-2021,AG,Antigua and Barbuda,AMRO,0,1213,0,31
19-04-2021,AG,Antigua and Barbuda,AMRO,3,1216,0,31
20-04-2021,AG,Antigua and Barbuda,AMRO,1,1217,0,31
21-04-2021,AG,Antigua and Barbuda,AMRO,0,1217,0,31
22-04-2021,AG,Antigua and Barbuda,AMRO,0,1217,0,31
23-04-2021,AG,Antigua and Barbuda,AMRO,0,1217,0,31
24-04-2021,AG,Antigua and Barbuda,AMRO,5,1222,0,31
25-04-2021,AG,Antigua and Barbuda,AMRO,0,1222,0,31
26-04-2021,AG,Antigua and Barbuda,AMRO,5,1227,0,31
27-04-2021,AG,Antigua and Barbuda,AMRO,0,1227,1,32
28-04-2021,AG,Antigua and Barbuda,AMRO,5,1232,0,32
29-04-2021,AG,Antigua and Barbuda,AMRO,0,1232,0,32
30-04-2021,AG,Antigua and Barbuda,AMRO,-8,1224,0,32
01-05-2021,AG,Antigua and Barbuda,AMRO,3,1227,0,32
02-05-2021,AG,Antigua and Barbuda,AMRO,2,1229,0,32
03-05-2021,AG,Antigua and Barbuda,AMRO,0,1229,0,32
04-05-2021,AG,Antigua and Barbuda,AMRO,0,1229,0,32
05-05-2021,AG,Antigua and Barbuda,AMRO,0,1229,0,32
06-05-2021,AG,Antigua and Barbuda,AMRO,2,1231,0,32
07-05-2021,AG,Antigua and Barbuda,AMRO,5,1236,0,32
08-05-2021,AG,Antigua and Barbuda,AMRO,0,1236,0,32
09-05-2021,AG,Antigua and Barbuda,AMRO,1,1237,0,32
10-05-2021,AG,Antigua and Barbuda,AMRO,1,1238,0,32
11-05-2021,AG,Antigua and Barbuda,AMRO,0,1238,0,32
12-05-2021,AG,Antigua and Barbuda,AMRO,0,1238,0,32
13-05-2021,AG,Antigua and Barbuda,AMRO,3,1241,0,32
14-05-2021,AG,Antigua and Barbuda,AMRO,10,1251,10,42
15-05-2021,AG,Antigua and Barbuda,AMRO,0,1251,0,42
16-05-2021,AG,Antigua and Barbuda,AMRO,0,1251,0,42
17-05-2021,AG,Antigua and Barbuda,AMRO,0,1251,0,42
18-05-2021,AG,Antigua and Barbuda,AMRO,1,1252,0,42
19-05-2021,AG,Antigua and Barbuda,AMRO,3,1255,0,42
20-05-2021,AG,Antigua and Barbuda,AMRO,0,1255,0,42
21-05-2021,AG,Antigua and Barbuda,AMRO,0,1255,0,42
22-05-2021,AG,Antigua and Barbuda,AMRO,0,1255,0,42
23-05-2021,AG,Antigua and Barbuda,AMRO,0,1255,0,42
24-05-2021,AG,Antigua and Barbuda,AMRO,3,1258,0,42
25-05-2021,AG,Antigua and Barbuda,AMRO,0,1258,0,42
26-05-2021,AG,Antigua and Barbuda,AMRO,0,1258,0,42
27-05-2021,AG,Antigua and Barbuda,AMRO,0,1258,0,42
28-05-2021,AG,Antigua and Barbuda,AMRO,0,1258,0,42
29-05-2021,AG,Antigua and Barbuda,AMRO,1,1259,0,42
30-05-2021,AG,Antigua and Barbuda,AMRO,0,1259,0,42
01-01-2021,AR,Argentina,AMRO,11765,1613928,145,43163
02-01-2021,AR,Argentina,AMRO,11586,1625514,82,43245
03-01-2021,AR,Argentina,AMRO,4080,1629594,74,43319
04-01-2021,AR,Argentina,AMRO,5240,1634834,56,43375
05-01-2021,AR,Argentina,AMRO,5884,1640718,107,43482
06-01-2021,AR,Argentina,AMRO,8222,1648940,152,43634
07-01-2021,AR,Argentina,AMRO,13790,1662730,151,43785
08-01-2021,AR,Argentina,AMRO,13441,1676171,191,43976
09-01-2021,AR,Argentina,AMRO,13835,1690006,146,44122
10-01-2021,AR,Argentina,AMRO,13346,1703352,151,44273
11-01-2021,AR,Argentina,AMRO,11057,1714409,144,44417
12-01-2021,AR,Argentina,AMRO,7808,1722217,78,44495
13-01-2021,AR,Argentina,AMRO,8704,1730921,159,44654
14-01-2021,AR,Argentina,AMRO,13783,1744704,194,44848
15-01-2021,AR,Argentina,AMRO,12725,1757429,135,44983
16-01-2021,AR,Argentina,AMRO,13286,1770715,142,45125
17-01-2021,AR,Argentina,AMRO,12332,1783047,102,45227
18-01-2021,AR,Argentina,AMRO,8932,1791979,68,45295
19-01-2021,AR,Argentina,AMRO,7264,1799243,112,45407
20-01-2021,AR,Argentina,AMRO,8185,1807428,425,45832
21-01-2021,AR,Argentina,AMRO,12141,1819569,234,46066
22-01-2021,AR,Argentina,AMRO,12112,1831681,150,46216
23-01-2021,AR,Argentina,AMRO,11396,1843077,139,46355
24-01-2021,AR,Argentina,AMRO,10753,1853830,220,46575
25-01-2021,AR,Argentina,AMRO,8362,1862192,162,46737
26-01-2021,AR,Argentina,AMRO,5031,1867223,90,46827
27-01-2021,AR,Argentina,AMRO,7578,1874801,207,47034
28-01-2021,AR,Argentina,AMRO,10409,1885210,219,47253
29-01-2021,AR,Argentina,AMRO,10843,1896053,182,47435
30-01-2021,AR,Argentina,AMRO,9471,1905524,166,47601
31-01-2021,AR,Argentina,AMRO,9838,1915362,174,47775
01-02-2021,AR,Argentina,AMRO,6902,1922264,156,47931
02-02-2021,AR,Argentina,AMRO,4975,1927239,43,47974
03-02-2021,AR,Argentina,AMRO,6614,1933853,275,48249
04-02-2021,AR,Argentina,AMRO,9695,1943548,177,48426
05-02-2021,AR,Argentina,AMRO,9196,1952744,113,48539
06-02-2021,AR,Argentina,AMRO,8891,1961635,161,48700
07-02-2021,AR,Argentina,AMRO,8374,1970009,285,48985
08-02-2021,AR,Argentina,AMRO,6680,1976689,125,49110
09-02-2021,AR,Argentina,AMRO,3658,1980347,61,49171
10-02-2021,AR,Argentina,AMRO,5154,1985501,227,49398
11-02-2021,AR,Argentina,AMRO,7794,1993295,158,49556
12-02-2021,AR,Argentina,AMRO,7739,2001034,118,49674
13-02-2021,AR,Argentina,AMRO,7311,2008345,200,49874
14-02-2021,AR,Argentina,AMRO,13208,2021553,314,50188
15-02-2021,AR,Argentina,AMRO,4245,2025798,48,50236
16-02-2021,AR,Argentina,AMRO,0,2025798,0,50236
17-02-2021,AR,Argentina,AMRO,3259,2029057,91,50327
18-02-2021,AR,Argentina,AMRO,4003,2033060,105,50432
19-02-2021,AR,Argentina,AMRO,6064,2039124,184,50616
20-02-2021,AR,Argentina,AMRO,7671,2046795,241,50857
21-02-2021,AR,Argentina,AMRO,7886,2054681,143,51000
22-02-2021,AR,Argentina,AMRO,5944,2060625,122,51122
23-02-2021,AR,Argentina,AMRO,9126,2069751,237,51359
24-02-2021,AR,Argentina,AMRO,7477,2077228,151,51510
25-02-2021,AR,Argentina,AMRO,3596,2080824,14,51524
26-02-2021,AR,Argentina,AMRO,7363,2088187,156,51680
27-02-2021,AR,Argentina,AMRO,10541,2098728,207,51887
28-02-2021,AR,Argentina,AMRO,5469,2104197,59,51946
01-03-2021,AR,Argentina,AMRO,3168,2107365,19,51965
02-03-2021,AR,Argentina,AMRO,4658,2112023,112,52077
03-03-2021,AR,Argentina,AMRO,6653,2118676,115,52192
04-03-2021,AR,Argentina,AMRO,7855,2126531,261,52453
05-03-2021,AR,Argentina,AMRO,3556,2130087,52,52505
06-03-2021,AR,Argentina,AMRO,11767,2141854,279,52784
07-03-2021,AR,Argentina,AMRO,4860,2146714,86,52870
08-03-2021,AR,Argentina,AMRO,2922,2149636,10,52880
09-03-2021,AR,Argentina,AMRO,5058,2154694,241,53121
10-03-2021,AR,Argentina,AMRO,7307,2162001,131,53252
11-03-2021,AR,Argentina,AMRO,7693,2169694,107,53359
12-03-2021,AR,Argentina,AMRO,8204,2177898,134,53493
13-03-2021,AR,Argentina,AMRO,7849,2185747,85,53578
14-03-2021,AR,Argentina,AMRO,6278,2192025,68,53646
15-03-2021,AR,Argentina,AMRO,3697,2195722,24,53670
16-03-2021,AR,Argentina,AMRO,0,2195722,0,53670
17-03-2021,AR,Argentina,AMRO,6164,2201886,166,53836
18-03-2021,AR,Argentina,AMRO,8235,2210121,200,54036
19-03-2021,AR,Argentina,AMRO,8304,2218425,195,54231
20-03-2021,AR,Argentina,AMRO,8328,2226753,155,54386
21-03-2021,AR,Argentina,AMRO,8160,2234913,90,54476
22-03-2021,AR,Argentina,AMRO,6826,2241739,41,54517
23-03-2021,AR,Argentina,AMRO,4032,2245771,28,54545
24-03-2021,AR,Argentina,AMRO,6401,2252172,126,54671
25-03-2021,AR,Argentina,AMRO,9405,2261577,152,54823
26-03-2021,AR,Argentina,AMRO,8300,2269877,123,54946
27-03-2021,AR,Argentina,AMRO,8238,2278115,146,55092
28-03-2021,AR,Argentina,AMRO,12936,2291051,143,55235
29-03-2021,AR,Argentina,AMRO,10338,2301389,133,55368
30-03-2021,AR,Argentina,AMRO,7208,2308597,81,55449
31-03-2021,AR,Argentina,AMRO,14014,2322611,162,55611
01-04-2021,AR,Argentina,AMRO,10154,2332765,125,55736
02-04-2021,AR,Argentina,AMRO,16056,2348821,122,55858
03-04-2021,AR,Argentina,AMRO,14430,2363251,83,55941
04-04-2021,AR,Argentina,AMRO,9902,2373153,82,56023
05-04-2021,AR,Argentina,AMRO,10384,2383537,83,56106
06-04-2021,AR,Argentina,AMRO,9955,2393492,93,56199
07-04-2021,AR,Argentina,AMRO,13667,2407159,272,56471
08-04-2021,AR,Argentina,AMRO,20870,2428029,163,56634
09-04-2021,AR,Argentina,AMRO,22039,2450068,198,56832
10-04-2021,AR,Argentina,AMRO,23683,2473751,290,57122
11-04-2021,AR,Argentina,AMRO,24130,2497881,228,57350
12-04-2021,AR,Argentina,AMRO,19419,2517300,297,57647
13-04-2021,AR,Argentina,AMRO,15262,2532562,132,57779
14-04-2021,AR,Argentina,AMRO,19437,2551999,178,57957
15-04-2021,AR,Argentina,AMRO,27001,2579000,217,58174
16-04-2021,AR,Argentina,AMRO,25157,2604157,368,58542
17-04-2021,AR,Argentina,AMRO,24999,2629156,383,58925
18-04-2021,AR,Argentina,AMRO,29472,2658628,159,59084
19-04-2021,AR,Argentina,AMRO,19119,2677747,80,59164
20-04-2021,AR,Argentina,AMRO,16267,2694014,64,59228
21-04-2021,AR,Argentina,AMRO,20461,2714475,248,59476
22-04-2021,AR,Argentina,AMRO,29145,2743620,316,59792
23-04-2021,AR,Argentina,AMRO,25932,2769552,291,60083
24-04-2021,AR,Argentina,AMRO,27216,2796768,537,60620
25-04-2021,AR,Argentina,AMRO,27884,2824652,556,61176
26-04-2021,AR,Argentina,AMRO,21220,2845872,298,61474
27-04-2021,AR,Argentina,AMRO,15012,2860884,170,61644
28-04-2021,AR,Argentina,AMRO,18793,2879677,443,62087
29-04-2021,AR,Argentina,AMRO,25495,2905172,512,62599
30-04-2021,AR,Argentina,AMRO,23718,2928890,348,62947
01-05-2021,AR,Argentina,AMRO,26053,2954943,561,63508
02-05-2021,AR,Argentina,AMRO,22420,2977363,357,63865
03-05-2021,AR,Argentina,AMRO,16502,2993865,231,64096
04-05-2021,AR,Argentina,AMRO,11394,3005259,156,64252
05-05-2021,AR,Argentina,AMRO,15920,3021179,540,64792
06-05-2021,AR,Argentina,AMRO,26238,3047417,410,65202
07-05-2021,AR,Argentina,AMRO,24079,3071496,663,65865
08-05-2021,AR,Argentina,AMRO,24086,3095582,398,66263
09-05-2021,AR,Argentina,AMRO,22552,3118134,609,66872
10-05-2021,AR,Argentina,AMRO,18024,3136158,170,67042
11-05-2021,AR,Argentina,AMRO,11582,3147740,283,67325
12-05-2021,AR,Argentina,AMRO,17381,3165121,496,67821
13-05-2021,AR,Argentina,AMRO,25976,3191097,490,68311
14-05-2021,AR,Argentina,AMRO,24475,3215572,496,68807
15-05-2021,AR,Argentina,AMRO,26531,3242103,447,69254
16-05-2021,AR,Argentina,AMRO,27363,3269466,599,69853
17-05-2021,AR,Argentina,AMRO,21469,3290935,400,70253
18-05-2021,AR,Argentina,AMRO,16350,3307285,269,70522
19-05-2021,AR,Argentina,AMRO,28680,3335965,505,71027
20-05-2021,AR,Argentina,AMRO,35543,3371508,744,71771
21-05-2021,AR,Argentina,AMRO,39652,3411160,494,72265
22-05-2021,AR,Argentina,AMRO,35884,3447044,434,72699
23-05-2021,AR,Argentina,AMRO,35468,3482512,692,73391
24-05-2021,AR,Argentina,AMRO,32171,3514683,297,73688
25-05-2021,AR,Argentina,AMRO,24801,3539484,375,74063
26-05-2021,AR,Argentina,AMRO,22651,3562135,417,74480
27-05-2021,AR,Argentina,AMRO,24601,3586736,576,75056
28-05-2021,AR,Argentina,AMRO,35399,3622135,532,75588
29-05-2021,AR,Argentina,AMRO,41080,3663215,547,76135
30-05-2021,AR,Argentina,AMRO,39207,3702422,558,76693
01-01-2021,AM,Armenia,EURO,531,158722,16,2818
02-01-2021,AM,Armenia,EURO,1016,159738,10,2828
03-01-2021,AM,Armenia,EURO,289,160027,22,2850
04-01-2021,AM,Armenia,EURO,193,160220,14,2864
05-01-2021,AM,Armenia,EURO,324,160544,14,2878
06-01-2021,AM,Armenia,EURO,309,160853,12,2890
07-01-2021,AM,Armenia,EURO,201,161054,11,2901
08-01-2021,AM,Armenia,EURO,361,161415,7,2908
09-01-2021,AM,Armenia,EURO,379,161794,14,2922
10-01-2021,AM,Armenia,EURO,337,162131,7,2929
11-01-2021,AM,Armenia,EURO,757,162888,2,2931
12-01-2021,AM,Armenia,EURO,0,162888,0,2931
13-01-2021,AM,Armenia,EURO,240,163128,20,2951
14-01-2021,AM,Armenia,EURO,448,163576,12,2963
15-01-2021,AM,Armenia,EURO,396,163972,11,2974
16-01-2021,AM,Armenia,EURO,263,164235,13,2987
17-01-2021,AM,Armenia,EURO,351,164586,5,2992
18-01-2021,AM,Armenia,EURO,90,164676,6,2998
19-01-2021,AM,Armenia,EURO,236,164912,9,3007
20-01-2021,AM,Armenia,EURO,309,165221,9,3016
21-01-2021,AM,Armenia,EURO,307,165528,5,3021
22-01-2021,AM,Armenia,EURO,183,165711,9,3030
23-01-2021,AM,Armenia,EURO,198,165909,4,3034
24-01-2021,AM,Armenia,EURO,127,166036,5,3039
25-01-2021,AM,Armenia,EURO,58,166094,8,3047
26-01-2021,AM,Armenia,EURO,138,166232,5,3052
27-01-2021,AM,Armenia,EURO,195,166427,4,3056
28-01-2021,AM,Armenia,EURO,242,166669,11,3067
29-01-2021,AM,Armenia,EURO,59,166728,2,3069
30-01-2021,AM,Armenia,EURO,173,166901,2,3071
31-01-2021,AM,Armenia,EURO,125,167026,9,3080
01-02-2021,AM,Armenia,EURO,62,167088,4,3084
02-02-2021,AM,Armenia,EURO,143,167231,5,3089
03-02-2021,AM,Armenia,EURO,190,167421,7,3096
04-02-2021,AM,Armenia,EURO,147,167568,11,3107
05-02-2021,AM,Armenia,EURO,158,167726,2,3109
06-02-2021,AM,Armenia,EURO,211,167937,5,3114
07-02-2021,AM,Armenia,EURO,151,168088,3,3117
08-02-2021,AM,Armenia,EURO,89,168177,6,3123
09-02-2021,AM,Armenia,EURO,123,168300,3,3126
10-02-2021,AM,Armenia,EURO,196,168496,4,3130
11-02-2021,AM,Armenia,EURO,180,168676,5,3135
12-02-2021,AM,Armenia,EURO,154,168830,3,3138
13-02-2021,AM,Armenia,EURO,192,169022,2,3140
14-02-2021,AM,Armenia,EURO,145,169167,1,3141
15-02-2021,AM,Armenia,EURO,88,169255,6,3147
16-02-2021,AM,Armenia,EURO,136,169391,3,3150
17-02-2021,AM,Armenia,EURO,206,169597,5,3155
18-02-2021,AM,Armenia,EURO,223,169820,1,3156
19-02-2021,AM,Armenia,EURO,191,170011,2,3158
20-02-2021,AM,Armenia,EURO,223,170234,1,3159
21-02-2021,AM,Armenia,EURO,168,170402,5,3164
22-02-2021,AM,Armenia,EURO,104,170506,3,3167
23-02-2021,AM,Armenia,EURO,166,170672,4,3171
24-02-2021,AM,Armenia,EURO,273,170945,4,3175
25-02-2021,AM,Armenia,EURO,282,171227,4,3179
26-02-2021,AM,Armenia,EURO,283,171510,4,3183
27-02-2021,AM,Armenia,EURO,283,171793,7,3190
28-02-2021,AM,Armenia,EURO,265,172058,2,3192
01-03-2021,AM,Armenia,EURO,158,172216,3,3195
02-03-2021,AM,Armenia,EURO,240,172456,5,3200
03-03-2021,AM,Armenia,EURO,360,172816,2,3202
04-03-2021,AM,Armenia,EURO,491,173307,6,3208
05-03-2021,AM,Armenia,EURO,442,173749,7,3215
06-03-2021,AM,Armenia,EURO,508,174257,4,3219
07-03-2021,AM,Armenia,EURO,422,174679,2,3221
08-03-2021,AM,Armenia,EURO,337,175016,4,3225
09-03-2021,AM,Armenia,EURO,182,175198,7,3232
10-03-2021,AM,Armenia,EURO,340,175538,5,3237
11-03-2021,AM,Armenia,EURO,748,176286,2,3239
12-03-2021,AM,Armenia,EURO,818,177104,4,3243
13-03-2021,AM,Armenia,EURO,795,177899,10,3253
14-03-2021,AM,Armenia,EURO,486,178385,2,3255
15-03-2021,AM,Armenia,EURO,317,178702,10,3265
16-03-2021,AM,Armenia,EURO,585,179287,12,3277
17-03-2021,AM,Armenia,EURO,854,180141,5,3282
18-03-2021,AM,Armenia,EURO,1024,181165,19,3301
19-03-2021,AM,Armenia,EURO,891,182056,19,3320
20-03-2021,AM,Armenia,EURO,1071,183127,12,3332
21-03-2021,AM,Armenia,EURO,586,183713,16,3348
22-03-2021,AM,Armenia,EURO,506,184219,12,3360
23-03-2021,AM,Armenia,EURO,801,185020,24,3384
24-03-2021,AM,Armenia,EURO,1164,186184,14,3398
25-03-2021,AM,Armenia,EURO,1257,187441,18,3416
26-03-2021,AM,Armenia,EURO,1005,188446,18,3434
27-03-2021,AM,Armenia,EURO,1094,189540,16,3450
28-03-2021,AM,Armenia,EURO,777,190317,14,3464
29-03-2021,AM,Armenia,EURO,424,190741,12,3476
30-03-2021,AM,Armenia,EURO,750,191491,21,3497
31-03-2021,AM,Armenia,EURO,1148,192639,18,3515
01-04-2021,AM,Armenia,EURO,1097,193736,18,3533
02-04-2021,AM,Armenia,EURO,1116,194852,19,3552
03-04-2021,AM,Armenia,EURO,1192,196044,23,3575
04-04-2021,AM,Armenia,EURO,590,196634,17,3592
05-04-2021,AM,Armenia,EURO,479,197113,22,3614
06-04-2021,AM,Armenia,EURO,760,197873,13,3627
07-04-2021,AM,Armenia,EURO,1025,198898,20,3647
08-04-2021,AM,Armenia,EURO,1231,200129,28,3675
09-04-2021,AM,Armenia,EURO,1029,201158,22,3697
10-04-2021,AM,Armenia,EURO,1009,202167,23,3720
11-04-2021,AM,Armenia,EURO,650,202817,15,3735
12-04-2021,AM,Armenia,EURO,510,203327,0,3735
13-04-2021,AM,Armenia,EURO,726,204053,40,3775
14-04-2021,AM,Armenia,EURO,1075,205128,19,3794
15-04-2021,AM,Armenia,EURO,1014,206142,23,3817
16-04-2021,AM,Armenia,EURO,961,207103,18,3835
17-04-2021,AM,Armenia,EURO,870,207973,24,3859
18-04-2021,AM,Armenia,EURO,547,208520,19,3878
19-04-2021,AM,Armenia,EURO,298,208818,17,3895
20-04-2021,AM,Armenia,EURO,667,209485,24,3919
21-04-2021,AM,Armenia,EURO,1033,210518,25,3944
22-04-2021,AM,Armenia,EURO,881,211399,25,3969
23-04-2021,AM,Armenia,EURO,715,212114,15,3984
24-04-2021,AM,Armenia,EURO,764,212878,17,4001
25-04-2021,AM,Armenia,EURO,410,213288,17,4018
26-04-2021,AM,Armenia,EURO,181,213469,22,4040
27-04-2021,AM,Armenia,EURO,595,214064,18,4058
28-04-2021,AM,Armenia,EURO,808,214872,13,4071
29-04-2021,AM,Armenia,EURO,656,215528,16,4087
30-04-2021,AM,Armenia,EURO,536,216064,21,4108
01-05-2021,AM,Armenia,EURO,532,216596,20,4128
02-05-2021,AM,Armenia,EURO,267,216863,11,4139
03-05-2021,AM,Armenia,EURO,145,217008,10,4149
04-05-2021,AM,Armenia,EURO,399,217407,16,4165
05-05-2021,AM,Armenia,EURO,493,217900,13,4178
06-05-2021,AM,Armenia,EURO,425,218325,14,4192
07-05-2021,AM,Armenia,EURO,356,218681,17,4209
08-05-2021,AM,Armenia,EURO,411,219092,16,4225
09-05-2021,AM,Armenia,EURO,178,219270,9,4234
10-05-2021,AM,Armenia,EURO,83,219353,15,4249
11-05-2021,AM,Armenia,EURO,243,219596,7,4256
12-05-2021,AM,Armenia,EURO,354,219950,16,4272
13-05-2021,AM,Armenia,EURO,267,220217,19,4291
14-05-2021,AM,Armenia,EURO,230,220447,10,4301
15-05-2021,AM,Armenia,EURO,282,220729,13,4314
16-05-2021,AM,Armenia,EURO,131,220860,9,4323
17-05-2021,AM,Armenia,EURO,67,220927,10,4333
18-05-2021,AM,Armenia,EURO,212,221139,13,4346
19-05-2021,AM,Armenia,EURO,229,221368,11,4357
20-05-2021,AM,Armenia,EURO,191,221559,7,4364
21-05-2021,AM,Armenia,EURO,140,221699,7,4371
22-05-2021,AM,Armenia,EURO,181,221880,15,4386
23-05-2021,AM,Armenia,EURO,68,221948,6,4392
24-05-2021,AM,Armenia,EURO,34,221982,2,4394
25-05-2021,AM,Armenia,EURO,157,222139,6,4400
26-05-2021,AM,Armenia,EURO,130,222269,11,4411
27-05-2021,AM,Armenia,EURO,140,222409,5,4416
28-05-2021,AM,Armenia,EURO,104,222513,7,4423
29-05-2021,AM,Armenia,EURO,42,222555,5,4428
30-05-2021,AM,Armenia,EURO,81,222636,4,4432
01-01-2021,AW,Aruba,AMRO,69,5442,0,49
02-01-2021,AW,Aruba,AMRO,0,5442,0,49
03-01-2021,AW,Aruba,AMRO,0,5442,0,49
04-01-2021,AW,Aruba,AMRO,0,5442,0,49
05-01-2021,AW,Aruba,AMRO,122,5564,0,49
06-01-2021,AW,Aruba,AMRO,42,5606,0,49
07-01-2021,AW,Aruba,AMRO,110,5716,1,50
08-01-2021,AW,Aruba,AMRO,95,5811,0,50
09-01-2021,AW,Aruba,AMRO,72,5883,0,50
10-01-2021,AW,Aruba,AMRO,0,5883,0,50
11-01-2021,AW,Aruba,AMRO,0,5883,0,50
12-01-2021,AW,Aruba,AMRO,159,6042,1,51
13-01-2021,AW,Aruba,AMRO,26,6068,1,52
14-01-2021,AW,Aruba,AMRO,86,6154,0,52
15-01-2021,AW,Aruba,AMRO,74,6228,0,52
16-01-2021,AW,Aruba,AMRO,68,6296,0,52
17-01-2021,AW,Aruba,AMRO,0,6296,0,52
18-01-2021,AW,Aruba,AMRO,0,6296,0,52
19-01-2021,AW,Aruba,AMRO,139,6435,0,52
20-01-2021,AW,Aruba,AMRO,16,6451,0,52
21-01-2021,AW,Aruba,AMRO,72,6523,0,52
22-01-2021,AW,Aruba,AMRO,39,6562,0,52
23-01-2021,AW,Aruba,AMRO,61,6623,0,52
24-01-2021,AW,Aruba,AMRO,0,6623,0,52
25-01-2021,AW,Aruba,AMRO,0,6623,0,52
26-01-2021,AW,Aruba,AMRO,100,6723,4,56
27-01-2021,AW,Aruba,AMRO,19,6742,1,57
28-01-2021,AW,Aruba,AMRO,26,6768,0,57
29-01-2021,AW,Aruba,AMRO,41,6809,1,58
30-01-2021,AW,Aruba,AMRO,49,6858,0,58
31-01-2021,AW,Aruba,AMRO,0,6858,0,58
01-02-2021,AW,Aruba,AMRO,0,6858,0,58
02-02-2021,AW,Aruba,AMRO,108,6966,1,59
03-02-2021,AW,Aruba,AMRO,20,6986,0,59
04-02-2021,AW,Aruba,AMRO,42,7028,0,59
05-02-2021,AW,Aruba,AMRO,55,7083,2,61
06-02-2021,AW,Aruba,AMRO,51,7134,0,61
07-02-2021,AW,Aruba,AMRO,0,7134,0,61
08-02-2021,AW,Aruba,AMRO,0,7134,0,61
09-02-2021,AW,Aruba,AMRO,89,7223,1,62
10-02-2021,AW,Aruba,AMRO,15,7238,2,64
11-02-2021,AW,Aruba,AMRO,48,7286,2,66
12-02-2021,AW,Aruba,AMRO,33,7319,2,68
13-02-2021,AW,Aruba,AMRO,19,7338,0,68
14-02-2021,AW,Aruba,AMRO,0,7338,0,68
15-02-2021,AW,Aruba,AMRO,0,7338,0,68
16-02-2021,AW,Aruba,AMRO,75,7413,0,68
17-02-2021,AW,Aruba,AMRO,25,7438,0,68
18-02-2021,AW,Aruba,AMRO,23,7461,1,69
19-02-2021,AW,Aruba,AMRO,52,7513,0,69
20-02-2021,AW,Aruba,AMRO,40,7553,1,70
21-02-2021,AW,Aruba,AMRO,0,7553,0,70
22-02-2021,AW,Aruba,AMRO,0,7553,0,70
23-02-2021,AW,Aruba,AMRO,121,7674,1,71
24-02-2021,AW,Aruba,AMRO,18,7692,0,71
25-02-2021,AW,Aruba,AMRO,43,7735,0,71
26-02-2021,AW,Aruba,AMRO,40,7775,0,71
27-02-2021,AW,Aruba,AMRO,29,7804,0,71
28-02-2021,AW,Aruba,AMRO,0,7804,0,71
01-03-2021,AW,Aruba,AMRO,0,7804,0,71
02-03-2021,AW,Aruba,AMRO,87,7891,2,73
03-03-2021,AW,Aruba,AMRO,17,7908,1,74
04-03-2021,AW,Aruba,AMRO,30,7938,0,74
05-03-2021,AW,Aruba,AMRO,35,7973,1,75
06-03-2021,AW,Aruba,AMRO,36,8009,0,75
07-03-2021,AW,Aruba,AMRO,0,8009,0,75
08-03-2021,AW,Aruba,AMRO,0,8009,0,75
09-03-2021,AW,Aruba,AMRO,101,8110,2,77
10-03-2021,AW,Aruba,AMRO,17,8127,0,77
11-03-2021,AW,Aruba,AMRO,50,8177,0,77
12-03-2021,AW,Aruba,AMRO,50,8227,0,77
13-03-2021,AW,Aruba,AMRO,45,8272,0,77
14-03-2021,AW,Aruba,AMRO,0,8272,0,77
15-03-2021,AW,Aruba,AMRO,0,8272,0,77
16-03-2021,AW,Aruba,AMRO,123,8395,2,79
17-03-2021,AW,Aruba,AMRO,26,8421,0,79
18-03-2021,AW,Aruba,AMRO,61,8482,1,80
19-03-2021,AW,Aruba,AMRO,69,8551,1,81
20-03-2021,AW,Aruba,AMRO,73,8624,0,81
21-03-2021,AW,Aruba,AMRO,0,8624,0,81
22-03-2021,AW,Aruba,AMRO,0,8624,0,81
23-03-2021,AW,Aruba,AMRO,147,8771,1,82
24-03-2021,AW,Aruba,AMRO,29,8800,0,82
25-03-2021,AW,Aruba,AMRO,102,8902,0,82
26-03-2021,AW,Aruba,AMRO,83,8985,0,82
27-03-2021,AW,Aruba,AMRO,88,9073,0,82
28-03-2021,AW,Aruba,AMRO,0,9073,0,82
29-03-2021,AW,Aruba,AMRO,0,9073,0,82
30-03-2021,AW,Aruba,AMRO,186,9259,0,82
31-03-2021,AW,Aruba,AMRO,35,9294,0,82
01-04-2021,AW,Aruba,AMRO,80,9374,3,85
02-04-2021,AW,Aruba,AMRO,69,9443,1,86
03-04-2021,AW,Aruba,AMRO,60,9503,0,86
04-04-2021,AW,Aruba,AMRO,0,9503,0,86
05-04-2021,AW,Aruba,AMRO,0,9503,0,86
06-04-2021,AW,Aruba,AMRO,0,9503,0,86
07-04-2021,AW,Aruba,AMRO,178,9681,4,90
08-04-2021,AW,Aruba,AMRO,79,9760,1,91
09-04-2021,AW,Aruba,AMRO,74,9834,1,92
10-04-2021,AW,Aruba,AMRO,62,9896,0,92
11-04-2021,AW,Aruba,AMRO,0,9896,0,92
12-04-2021,AW,Aruba,AMRO,0,9896,0,92
13-04-2021,AW,Aruba,AMRO,154,10050,0,92
14-04-2021,AW,Aruba,AMRO,26,10076,0,92
15-04-2021,AW,Aruba,AMRO,46,10122,0,92
16-04-2021,AW,Aruba,AMRO,37,10159,0,92
17-04-2021,AW,Aruba,AMRO,60,10219,0,92
18-04-2021,AW,Aruba,AMRO,0,10219,0,92
19-04-2021,AW,Aruba,AMRO,0,10219,0,92
20-04-2021,AW,Aruba,AMRO,105,10324,0,92
21-04-2021,AW,Aruba,AMRO,21,10345,0,92
22-04-2021,AW,Aruba,AMRO,54,10399,2,94
23-04-2021,AW,Aruba,AMRO,38,10437,0,94
24-04-2021,AW,Aruba,AMRO,32,10469,1,95
25-04-2021,AW,Aruba,AMRO,0,10469,0,95
26-04-2021,AW,Aruba,AMRO,0,10469,0,95
27-04-2021,AW,Aruba,AMRO,69,10538,3,98
28-04-2021,AW,Aruba,AMRO,17,10555,0,98
29-04-2021,AW,Aruba,AMRO,15,10570,0,98
30-04-2021,AW,Aruba,AMRO,15,10585,0,98
01-05-2021,AW,Aruba,AMRO,23,10608,0,98
02-05-2021,AW,Aruba,AMRO,0,10608,0,98
03-05-2021,AW,Aruba,AMRO,0,10608,0,98
04-05-2021,AW,Aruba,AMRO,62,10670,2,100
05-05-2021,AW,Aruba,AMRO,9,10679,0,100
06-05-2021,AW,Aruba,AMRO,0,10679,0,100
07-05-2021,AW,Aruba,AMRO,42,10721,0,100
08-05-2021,AW,Aruba,AMRO,16,10737,0,100
09-05-2021,AW,Aruba,AMRO,0,10737,0,100
10-05-2021,AW,Aruba,AMRO,0,10737,0,100
11-05-2021,AW,Aruba,AMRO,33,10770,1,101
12-05-2021,AW,Aruba,AMRO,11,10781,1,102
13-05-2021,AW,Aruba,AMRO,14,10795,2,104
14-05-2021,AW,Aruba,AMRO,0,10795,0,104
15-05-2021,AW,Aruba,AMRO,31,10826,0,104
16-05-2021,AW,Aruba,AMRO,0,10826,0,104
17-05-2021,AW,Aruba,AMRO,0,10826,0,104
18-05-2021,AW,Aruba,AMRO,28,10854,0,104
19-05-2021,AW,Aruba,AMRO,3,10857,1,105
20-05-2021,AW,Aruba,AMRO,12,10869,0,105
21-05-2021,AW,Aruba,AMRO,10,10879,0,105
22-05-2021,AW,Aruba,AMRO,13,10892,1,106
23-05-2021,AW,Aruba,AMRO,0,10892,0,106
24-05-2021,AW,Aruba,AMRO,0,10892,0,106
25-05-2021,AW,Aruba,AMRO,25,10917,1,107
26-05-2021,AW,Aruba,AMRO,5,10922,0,107
27-05-2021,AW,Aruba,AMRO,14,10936,0,107
28-05-2021,AW,Aruba,AMRO,15,10951,0,107
29-05-2021,AW,Aruba,AMRO,6,10957,0,107
30-05-2021,AW,Aruba,AMRO,0,10957,0,107
01-01-2021,AU,Australia,WPRO,27,28408,0,909
02-01-2021,AU,Australia,WPRO,19,28427,0,909
03-01-2021,AU,Australia,WPRO,35,28462,0,909
04-01-2021,AU,Australia,WPRO,21,28483,0,909
05-01-2021,AU,Australia,WPRO,21,28504,0,909
06-01-2021,AU,Australia,WPRO,15,28519,0,909
07-01-2021,AU,Australia,WPRO,17,28536,0,909
08-01-2021,AU,Australia,WPRO,11,28547,0,909
09-01-2021,AU,Australia,WPRO,24,28571,0,909
10-01-2021,AU,Australia,WPRO,11,28582,0,909
11-01-2021,AU,Australia,WPRO,13,28595,0,909
12-01-2021,AU,Australia,WPRO,19,28614,0,909
13-01-2021,AU,Australia,WPRO,20,28634,0,909
14-01-2021,AU,Australia,WPRO,16,28650,0,909
15-01-2021,AU,Australia,WPRO,8,28658,0,909
16-01-2021,AU,Australia,WPRO,11,28669,0,909
17-01-2021,AU,Australia,WPRO,20,28689,0,909
18-01-2021,AU,Australia,WPRO,19,28708,0,909
19-01-2021,AU,Australia,WPRO,13,28721,0,909
20-01-2021,AU,Australia,WPRO,9,28730,0,909
21-01-2021,AU,Australia,WPRO,10,28740,0,909
22-01-2021,AU,Australia,WPRO,10,28750,0,909
23-01-2021,AU,Australia,WPRO,5,28755,0,909
24-01-2021,AU,Australia,WPRO,6,28761,0,909
25-01-2021,AU,Australia,WPRO,5,28766,0,909
26-01-2021,AU,Australia,WPRO,11,28777,0,909
27-01-2021,AU,Australia,WPRO,3,28780,0,909
28-01-2021,AU,Australia,WPRO,6,28786,0,909
29-01-2021,AU,Australia,WPRO,8,28794,0,909
30-01-2021,AU,Australia,WPRO,6,28800,0,909
31-01-2021,AU,Australia,WPRO,6,28806,0,909
01-02-2021,AU,Australia,WPRO,5,28811,0,909
02-02-2021,AU,Australia,WPRO,7,28818,0,909
03-02-2021,AU,Australia,WPRO,6,28824,0,909
04-02-2021,AU,Australia,WPRO,5,28829,0,909
05-02-2021,AU,Australia,WPRO,9,28838,0,909
06-02-2021,AU,Australia,WPRO,4,28842,0,909
07-02-2021,AU,Australia,WPRO,6,28848,0,909
08-02-2021,AU,Australia,WPRO,2,28850,0,909
09-02-2021,AU,Australia,WPRO,7,28857,0,909
10-02-2021,AU,Australia,WPRO,3,28860,0,909
11-02-2021,AU,Australia,WPRO,11,28871,0,909
12-02-2021,AU,Australia,WPRO,8,28879,0,909
13-02-2021,AU,Australia,WPRO,7,28886,0,909
14-02-2021,AU,Australia,WPRO,6,28892,0,909
15-02-2021,AU,Australia,WPRO,6,28898,0,909
16-02-2021,AU,Australia,WPRO,2,28900,0,909
17-02-2021,AU,Australia,WPRO,5,28905,0,909
18-02-2021,AU,Australia,WPRO,6,28911,0,909
19-02-2021,AU,Australia,WPRO,1,28912,0,909
20-02-2021,AU,Australia,WPRO,6,28918,0,909
21-02-2021,AU,Australia,WPRO,2,28920,0,909
22-02-2021,AU,Australia,WPRO,6,28926,0,909
23-02-2021,AU,Australia,WPRO,4,28930,0,909
24-02-2021,AU,Australia,WPRO,7,28937,0,909
25-02-2021,AU,Australia,WPRO,2,28939,0,909
26-02-2021,AU,Australia,WPRO,8,28947,0,909
27-02-2021,AU,Australia,WPRO,11,28958,0,909
28-02-2021,AU,Australia,WPRO,7,28965,0,909
01-03-2021,AU,Australia,WPRO,5,28970,0,909
02-03-2021,AU,Australia,WPRO,8,28978,0,909
03-03-2021,AU,Australia,WPRO,8,28986,0,909
04-03-2021,AU,Australia,WPRO,10,28996,0,909
05-03-2021,AU,Australia,WPRO,6,29002,0,909
06-03-2021,AU,Australia,WPRO,18,29020,0,909
07-03-2021,AU,Australia,WPRO,10,29030,0,909
08-03-2021,AU,Australia,WPRO,7,29037,0,909
09-03-2021,AU,Australia,WPRO,9,29046,0,909
10-03-2021,AU,Australia,WPRO,15,29061,0,909
11-03-2021,AU,Australia,WPRO,14,29075,0,909
12-03-2021,AU,Australia,WPRO,15,29090,0,909
13-03-2021,AU,Australia,WPRO,12,29102,0,909
14-03-2021,AU,Australia,WPRO,10,29112,0,909
15-03-2021,AU,Australia,WPRO,5,29117,0,909
16-03-2021,AU,Australia,WPRO,13,29130,0,909
17-03-2021,AU,Australia,WPRO,7,29137,0,909
18-03-2021,AU,Australia,WPRO,16,29153,0,909
19-03-2021,AU,Australia,WPRO,13,29166,0,909
20-03-2021,AU,Australia,WPRO,17,29183,0,909
21-03-2021,AU,Australia,WPRO,9,29192,0,909
22-03-2021,AU,Australia,WPRO,4,29196,0,909
23-03-2021,AU,Australia,WPRO,10,29206,0,909
24-03-2021,AU,Australia,WPRO,5,29211,0,909
25-03-2021,AU,Australia,WPRO,9,29220,0,909
26-03-2021,AU,Australia,WPRO,8,29228,0,909
27-03-2021,AU,Australia,WPRO,12,29240,0,909
28-03-2021,AU,Australia,WPRO,12,29252,0,909
29-03-2021,AU,Australia,WPRO,8,29260,0,909
30-03-2021,AU,Australia,WPRO,18,29278,0,909
31-03-2021,AU,Australia,WPRO,18,29296,0,909
01-04-2021,AU,Australia,WPRO,8,29304,0,909
02-04-2021,AU,Australia,WPRO,18,29322,0,909
03-04-2021,AU,Australia,WPRO,13,29335,0,909
04-04-2021,AU,Australia,WPRO,6,29341,0,909
05-04-2021,AU,Australia,WPRO,7,29348,0,909
06-04-2021,AU,Australia,WPRO,9,29357,0,909
07-04-2021,AU,Australia,WPRO,8,29365,0,909
08-04-2021,AU,Australia,WPRO,14,29379,0,909
09-04-2021,AU,Australia,WPRO,6,29385,0,909
10-04-2021,AU,Australia,WPRO,5,29390,0,909
11-04-2021,AU,Australia,WPRO,6,29396,0,909
12-04-2021,AU,Australia,WPRO,9,29405,0,909
13-04-2021,AU,Australia,WPRO,14,29419,0,909
14-04-2021,AU,Australia,WPRO,18,29437,1,910
15-04-2021,AU,Australia,WPRO,14,29451,0,910
16-04-2021,AU,Australia,WPRO,18,29469,0,910
17-04-2021,AU,Australia,WPRO,15,29484,0,910
18-04-2021,AU,Australia,WPRO,21,29505,0,910
19-04-2021,AU,Australia,WPRO,14,29519,0,910
20-04-2021,AU,Australia,WPRO,24,29543,0,910
21-04-2021,AU,Australia,WPRO,16,29559,0,910
22-04-2021,AU,Australia,WPRO,19,29578,0,910
23-04-2021,AU,Australia,WPRO,24,29602,0,910
24-04-2021,AU,Australia,WPRO,37,29639,0,910
25-04-2021,AU,Australia,WPRO,19,29658,0,910
26-04-2021,AU,Australia,WPRO,8,29666,0,910
27-04-2021,AU,Australia,WPRO,29,29695,0,910
28-04-2021,AU,Australia,WPRO,30,29725,0,910
29-04-2021,AU,Australia,WPRO,24,29749,0,910
30-04-2021,AU,Australia,WPRO,30,29779,0,910
01-05-2021,AU,Australia,WPRO,22,29801,0,910
02-05-2021,AU,Australia,WPRO,11,29812,0,910
03-05-2021,AU,Australia,WPRO,14,29826,0,910
04-05-2021,AU,Australia,WPRO,15,29841,0,910
05-05-2021,AU,Australia,WPRO,11,29852,0,910
06-05-2021,AU,Australia,WPRO,13,29865,0,910
07-05-2021,AU,Australia,WPRO,21,29886,0,910
08-05-2021,AU,Australia,WPRO,11,29897,0,910
09-05-2021,AU,Australia,WPRO,9,29906,0,910
10-05-2021,AU,Australia,WPRO,17,29923,0,910
11-05-2021,AU,Australia,WPRO,8,29931,0,910
12-05-2021,AU,Australia,WPRO,8,29939,0,910
13-05-2021,AU,Australia,WPRO,8,29947,0,910
14-05-2021,AU,Australia,WPRO,8,29955,0,910
15-05-2021,AU,Australia,WPRO,2,29957,0,910
16-05-2021,AU,Australia,WPRO,10,29967,0,910
17-05-2021,AU,Australia,WPRO,8,29975,0,910
18-05-2021,AU,Australia,WPRO,3,29978,0,910
19-05-2021,AU,Australia,WPRO,10,29988,0,910
20-05-2021,AU,Australia,WPRO,3,29991,0,910
21-05-2021,AU,Australia,WPRO,6,29997,0,910
22-05-2021,AU,Australia,WPRO,3,30000,0,910
23-05-2021,AU,Australia,WPRO,4,30004,0,910
24-05-2021,AU,Australia,WPRO,7,30011,0,910
25-05-2021,AU,Australia,WPRO,10,30021,0,910
26-05-2021,AU,Australia,WPRO,9,30030,0,910
27-05-2021,AU,Australia,WPRO,18,30048,0,910
28-05-2021,AU,Australia,WPRO,15,30063,0,910
29-05-2021,AU,Australia,WPRO,10,30073,0,910
30-05-2021,AU,Australia,WPRO,10,30083,0,910
01-01-2021,AT,Austria,EURO,3011,359362,45,6131
02-01-2021,AT,Austria,EURO,2110,361472,46,6177
03-01-2021,AT,Austria,EURO,1491,362963,37,6214
04-01-2021,AT,Austria,EURO,1611,364574,39,6253
05-01-2021,AT,Austria,EURO,1951,366525,73,6326
06-01-2021,AT,Austria,EURO,2255,368780,77,6403
07-01-2021,AT,Austria,EURO,2877,371657,51,6454
08-01-2021,AT,Austria,EURO,2006,373663,50,6504
09-01-2021,AT,Austria,EURO,2001,375664,68,6572
10-01-2021,AT,Austria,EURO,2446,378110,42,6614
11-01-2021,AT,Austria,EURO,1597,379707,17,6631
12-01-2021,AT,Austria,EURO,1328,381035,71,6702
13-01-2021,AT,Austria,EURO,1728,382763,80,6782
14-01-2021,AT,Austria,EURO,2246,385009,44,6826
15-01-2021,AT,Austria,EURO,1514,386523,54,6880
16-01-2021,AT,Austria,EURO,1472,387995,51,6931
17-01-2021,AT,Austria,EURO,1757,389752,33,6964
18-01-2021,AT,Austria,EURO,1361,391113,50,7014
19-01-2021,AT,Austria,EURO,868,391981,55,7069
20-01-2021,AT,Austria,EURO,1463,393444,58,7127
21-01-2021,AT,Austria,EURO,1634,395078,38,7165
22-01-2021,AT,Austria,EURO,1779,396857,57,7222
23-01-2021,AT,Austria,EURO,1779,398636,66,7288
24-01-2021,AT,Austria,EURO,1551,400187,30,7318
25-01-2021,AT,Austria,EURO,1347,401534,44,7362
26-01-2021,AT,Austria,EURO,944,402478,54,7416
27-01-2021,AT,Austria,EURO,1445,403923,46,7462
28-01-2021,AT,Austria,EURO,1606,405529,53,7515
29-01-2021,AT,Austria,EURO,1238,406767,43,7558
30-01-2021,AT,Austria,EURO,1606,408373,47,7605
31-01-2021,AT,Austria,EURO,1519,409892,31,7636
01-02-2021,AT,Austria,EURO,1093,410985,17,7653
02-02-2021,AT,Austria,EURO,936,411921,57,7710
03-02-2021,AT,Austria,EURO,1318,413239,39,7749
04-02-2021,AT,Austria,EURO,1686,414925,51,7800
05-02-2021,AT,Austria,EURO,1444,416369,28,7828
06-02-2021,AT,Austria,EURO,1501,417870,35,7863
07-02-2021,AT,Austria,EURO,1437,419307,21,7884
08-02-2021,AT,Austria,EURO,1337,420644,22,7906
09-02-2021,AT,Austria,EURO,808,421452,34,7940
10-02-2021,AT,Austria,EURO,1120,422572,44,7984
11-02-2021,AT,Austria,EURO,1433,424005,29,8013
12-02-2021,AT,Austria,EURO,1654,425659,36,8049
13-02-2021,AT,Austria,EURO,1708,427367,27,8076
14-02-2021,AT,Austria,EURO,1325,428692,12,8088
15-02-2021,AT,Austria,EURO,1202,429894,13,8101
16-02-2021,AT,Austria,EURO,1193,431087,27,8128
17-02-2021,AT,Austria,EURO,1382,432469,36,8164
18-02-2021,AT,Austria,EURO,1648,434117,20,8184
19-02-2021,AT,Austria,EURO,1983,436100,26,8210
20-02-2021,AT,Austria,EURO,1799,437899,23,8233
21-02-2021,AT,Austria,EURO,1980,439879,14,8247
22-02-2021,AT,Austria,EURO,1863,441742,11,8258
23-02-2021,AT,Austria,EURO,1121,442863,31,8289
24-02-2021,AT,Austria,EURO,1668,444531,28,8317
25-02-2021,AT,Austria,EURO,2190,446721,16,8333
26-02-2021,AT,Austria,EURO,2425,449146,23,8356
27-02-2021,AT,Austria,EURO,2060,451206,18,8374
28-02-2021,AT,Austria,EURO,2561,453767,20,8394
01-03-2021,AT,Austria,EURO,2345,456112,20,8414
02-03-2021,AT,Austria,EURO,426,456538,16,8430
03-03-2021,AT,Austria,EURO,2648,459186,26,8456
04-03-2021,AT,Austria,EURO,2497,461683,14,8470
05-03-2021,AT,Austria,EURO,2691,464374,19,8489
06-03-2021,AT,Austria,EURO,2319,466693,24,8513
07-03-2021,AT,Austria,EURO,2846,469539,16,8529
08-03-2021,AT,Austria,EURO,2281,471820,9,8538
09-03-2021,AT,Austria,EURO,1965,473785,23,8561
10-03-2021,AT,Austria,EURO,2194,475979,21,8582
11-03-2021,AT,Austria,EURO,2847,478826,12,8594
12-03-2021,AT,Austria,EURO,2847,481673,18,8612
13-03-2021,AT,Austria,EURO,3009,484682,23,8635
14-03-2021,AT,Austria,EURO,3325,488007,17,8652
15-03-2021,AT,Austria,EURO,2664,490671,17,8669
16-03-2021,AT,Austria,EURO,1910,492581,22,8691
17-03-2021,AT,Austria,EURO,2487,495068,23,8714
18-03-2021,AT,Austria,EURO,2814,497882,33,8747
19-03-2021,AT,Austria,EURO,3505,501387,23,8770
20-03-2021,AT,Austria,EURO,3306,504693,25,8795
21-03-2021,AT,Austria,EURO,4051,508744,22,8817
22-03-2021,AT,Austria,EURO,2918,511662,19,8836
23-03-2021,AT,Austria,EURO,2306,513968,23,8859
24-03-2021,AT,Austria,EURO,2715,516683,40,8899
25-03-2021,AT,Austria,EURO,3262,519945,29,8928
26-03-2021,AT,Austria,EURO,3516,523461,16,8944
27-03-2021,AT,Austria,EURO,3487,526948,24,8968
28-03-2021,AT,Austria,EURO,3896,530844,27,8995
29-03-2021,AT,Austria,EURO,2667,533511,11,9006
30-03-2021,AT,Austria,EURO,3240,536751,24,9030
31-03-2021,AT,Austria,EURO,2810,539561,28,9058
01-04-2021,AT,Austria,EURO,3107,542668,28,9086
02-04-2021,AT,Austria,EURO,3058,545726,23,9109
03-04-2021,AT,Austria,EURO,3077,548803,33,9142
04-04-2021,AT,Austria,EURO,3693,552496,23,9165
05-04-2021,AT,Austria,EURO,2915,555411,24,9189
06-04-2021,AT,Austria,EURO,2268,557679,26,9215
07-04-2021,AT,Austria,EURO,2077,559756,35,9250
08-04-2021,AT,Austria,EURO,3006,562762,46,9296
09-04-2021,AT,Austria,EURO,3052,565814,36,9332
10-04-2021,AT,Austria,EURO,2432,568246,34,9366
11-04-2021,AT,Austria,EURO,3559,571805,27,9393
12-04-2021,AT,Austria,EURO,2139,573944,18,9411
13-04-2021,AT,Austria,EURO,1770,575714,37,9448
14-04-2021,AT,Austria,EURO,2032,577746,51,9499
15-04-2021,AT,Austria,EURO,2855,580601,31,9530
16-04-2021,AT,Austria,EURO,2561,583162,33,9563
17-04-2021,AT,Austria,EURO,2348,585510,30,9593
18-04-2021,AT,Austria,EURO,2591,588101,23,9616
19-04-2021,AT,Austria,EURO,2159,590260,34,9650
20-04-2021,AT,Austria,EURO,1792,592052,32,9682
21-04-2021,AT,Austria,EURO,2005,594057,27,9709
22-04-2021,AT,Austria,EURO,2377,596434,40,9749
23-04-2021,AT,Austria,EURO,2347,598781,25,9774
24-04-2021,AT,Austria,EURO,2407,601188,32,9806
25-04-2021,AT,Austria,EURO,2231,603419,15,9821
26-04-2021,AT,Austria,EURO,2091,605510,11,9832
27-04-2021,AT,Austria,EURO,1380,606890,22,9854
28-04-2021,AT,Austria,EURO,1557,608447,20,9874
29-04-2021,AT,Austria,EURO,2286,610733,29,9903
30-04-2021,AT,Austria,EURO,1995,612728,33,9936
01-05-2021,AT,Austria,EURO,2231,614959,26,9962
02-05-2021,AT,Austria,EURO,1655,616614,16,9978
03-05-2021,AT,Austria,EURO,1732,618346,11,9989
04-05-2021,AT,Austria,EURO,888,619234,25,10014
05-05-2021,AT,Austria,EURO,1297,620531,25,10039
06-05-2021,AT,Austria,EURO,1682,622213,26,10065
07-05-2021,AT,Austria,EURO,1220,623433,8,10073
08-05-2021,AT,Austria,EURO,1383,624816,23,10096
09-05-2021,AT,Austria,EURO,1251,626067,14,10110
10-05-2021,AT,Austria,EURO,1009,627076,11,10121
11-05-2021,AT,Austria,EURO,670,627746,16,10137
12-05-2021,AT,Austria,EURO,968,628714,19,10156
13-05-2021,AT,Austria,EURO,1179,629893,14,10170
14-05-2021,AT,Austria,EURO,1100,630993,11,10181
15-05-2021,AT,Austria,EURO,721,631714,14,10195
16-05-2021,AT,Austria,EURO,684,632398,12,10207
17-05-2021,AT,Austria,EURO,676,633074,6,10213
18-05-2021,AT,Austria,EURO,391,633465,15,10228
19-05-2021,AT,Austria,EURO,630,634095,11,10239
20-05-2021,AT,Austria,EURO,866,634961,13,10252
21-05-2021,AT,Austria,EURO,603,635564,8,10260
22-05-2021,AT,Austria,EURO,671,636235,12,10272
23-05-2021,AT,Austria,EURO,626,636861,8,10280
24-05-2021,AT,Austria,EURO,520,637381,3,10283
25-05-2021,AT,Austria,EURO,342,637723,3,10286
26-05-2021,AT,Austria,EURO,287,638010,8,10294
27-05-2021,AT,Austria,EURO,455,638465,19,10313
28-05-2021,AT,Austria,EURO,589,639054,4,10317
29-05-2021,AT,Austria,EURO,538,639592,11,10328
30-05-2021,AT,Austria,EURO,570,640162,6,10334
01-01-2021,AZ,Azerbaijan,EURO,1052,217636,34,2609
02-01-2021,AZ,Azerbaijan,EURO,1064,218700,32,2641
03-01-2021,AZ,Azerbaijan,EURO,341,219041,29,2670
04-01-2021,AZ,Azerbaijan,EURO,421,219462,33,2703
05-01-2021,AZ,Azerbaijan,EURO,803,220265,30,2733
06-01-2021,AZ,Azerbaijan,EURO,334,220599,28,2761
07-01-2021,AZ,Azerbaijan,EURO,802,221401,31,2792
08-01-2021,AZ,Azerbaijan,EURO,799,222200,26,2818
09-01-2021,AZ,Azerbaijan,EURO,685,222885,27,2845
10-01-2021,AZ,Azerbaijan,EURO,532,223417,24,2869
11-01-2021,AZ,Azerbaijan,EURO,633,224050,21,2890
12-01-2021,AZ,Azerbaijan,EURO,601,224651,19,2909
13-01-2021,AZ,Azerbaijan,EURO,176,224827,17,2926
14-01-2021,AZ,Azerbaijan,EURO,519,225346,15,2941
15-01-2021,AZ,Azerbaijan,EURO,474,225820,16,2957
16-01-2021,AZ,Azerbaijan,EURO,380,226200,14,2971
17-01-2021,AZ,Azerbaijan,EURO,349,226549,12,2983
18-01-2021,AZ,Azerbaijan,EURO,402,226951,15,2998
19-01-2021,AZ,Azerbaijan,EURO,322,227273,11,3009
20-01-2021,AZ,Azerbaijan,EURO,118,227391,13,3022
21-01-2021,AZ,Azerbaijan,EURO,305,227696,10,3032
22-01-2021,AZ,Azerbaijan,EURO,332,228028,12,3044
23-01-2021,AZ,Azerbaijan,EURO,218,228246,9,3053
24-01-2021,AZ,Azerbaijan,EURO,280,228526,11,3064
25-01-2021,AZ,Azerbaijan,EURO,162,228688,8,3072
26-01-2021,AZ,Azerbaijan,EURO,287,228975,10,3082
27-01-2021,AZ,Azerbaijan,EURO,57,229032,11,3093
28-01-2021,AZ,Azerbaijan,EURO,326,229358,7,3100
29-01-2021,AZ,Azerbaijan,EURO,226,229584,5,3105
30-01-2021,AZ,Azerbaijan,EURO,209,229793,8,3113
31-01-2021,AZ,Azerbaijan,EURO,142,229935,6,3119
01-02-2021,AZ,Azerbaijan,EURO,131,230066,7,3126
02-02-2021,AZ,Azerbaijan,EURO,153,230219,6,3132
03-02-2021,AZ,Azerbaijan,EURO,77,230296,4,3136
04-02-2021,AZ,Azerbaijan,EURO,159,230455,5,3141
05-02-2021,AZ,Azerbaijan,EURO,162,230617,4,3145
06-02-2021,AZ,Azerbaijan,EURO,152,230769,3,3148
07-02-2021,AZ,Azerbaijan,EURO,138,230907,5,3153
08-02-2021,AZ,Azerbaijan,EURO,115,231022,3,3156
09-02-2021,AZ,Azerbaijan,EURO,132,231154,2,3158
10-02-2021,AZ,Azerbaijan,EURO,44,231198,3,3161
11-02-2021,AZ,Azerbaijan,EURO,164,231362,2,3163
12-02-2021,AZ,Azerbaijan,EURO,147,231509,4,3167
13-02-2021,AZ,Azerbaijan,EURO,140,231649,3,3170
14-02-2021,AZ,Azerbaijan,EURO,191,231840,3,3173
15-02-2021,AZ,Azerbaijan,EURO,155,231995,5,3178
16-02-2021,AZ,Azerbaijan,EURO,128,232123,2,3180
17-02-2021,AZ,Azerbaijan,EURO,74,232197,3,3183
18-02-2021,AZ,Azerbaijan,EURO,140,232337,2,3185
19-02-2021,AZ,Azerbaijan,EURO,154,232491,2,3187
20-02-2021,AZ,Azerbaijan,EURO,145,232636,3,3190
21-02-2021,AZ,Azerbaijan,EURO,193,232829,3,3193
22-02-2021,AZ,Azerbaijan,EURO,144,232973,2,3195
23-02-2021,AZ,Azerbaijan,EURO,156,233129,3,3198
24-02-2021,AZ,Azerbaijan,EURO,72,233201,4,3202
25-02-2021,AZ,Azerbaijan,EURO,223,233424,2,3204
26-02-2021,AZ,Azerbaijan,EURO,220,233644,2,3206
27-02-2021,AZ,Azerbaijan,EURO,126,233770,3,3209
28-02-2021,AZ,Azerbaijan,EURO,219,233989,4,3213
01-03-2021,AZ,Azerbaijan,EURO,278,234267,5,3218
02-03-2021,AZ,Azerbaijan,EURO,270,234537,2,3220
03-03-2021,AZ,Azerbaijan,EURO,477,235014,5,3225
04-03-2021,AZ,Azerbaijan,EURO,319,235333,5,3230
05-03-2021,AZ,Azerbaijan,EURO,314,235647,2,3232
06-03-2021,AZ,Azerbaijan,EURO,365,236012,3,3235
07-03-2021,AZ,Azerbaijan,EURO,353,236365,3,3238
08-03-2021,AZ,Azerbaijan,EURO,403,236768,3,3241
09-03-2021,AZ,Azerbaijan,EURO,195,236963,6,3247
10-03-2021,AZ,Azerbaijan,EURO,297,237260,3,3250
11-03-2021,AZ,Azerbaijan,EURO,515,237775,7,3257
12-03-2021,AZ,Azerbaijan,EURO,608,238383,5,3262
13-03-2021,AZ,Azerbaijan,EURO,576,238959,6,3268
14-03-2021,AZ,Azerbaijan,EURO,733,239692,8,3276
15-03-2021,AZ,Azerbaijan,EURO,603,240295,6,3282
16-03-2021,AZ,Azerbaijan,EURO,376,240671,4,3286
17-03-2021,AZ,Azerbaijan,EURO,980,241651,12,3298
18-03-2021,AZ,Azerbaijan,EURO,840,242491,9,3307
19-03-2021,AZ,Azerbaijan,EURO,933,243424,7,3314
20-03-2021,AZ,Azerbaijan,EURO,879,244303,11,3325
21-03-2021,AZ,Azerbaijan,EURO,1187,245490,14,3339
22-03-2021,AZ,Azerbaijan,EURO,814,246304,12,3351
23-03-2021,AZ,Azerbaijan,EURO,670,246974,15,3366
24-03-2021,AZ,Azerbaijan,EURO,1333,248307,18,3384
25-03-2021,AZ,Azerbaijan,EURO,1185,249492,20,3404
26-03-2021,AZ,Azerbaijan,EURO,1429,250921,17,3421
27-03-2021,AZ,Azerbaijan,EURO,1759,252680,24,3445
28-03-2021,AZ,Azerbaijan,EURO,1690,254370,19,3464
29-03-2021,AZ,Azerbaijan,EURO,1831,256201,27,3491
30-03-2021,AZ,Azerbaijan,EURO,1129,257330,22,3513
31-03-2021,AZ,Azerbaijan,EURO,2146,259476,25,3538
01-04-2021,AZ,Azerbaijan,EURO,2237,261713,29,3567
02-04-2021,AZ,Azerbaijan,EURO,2248,263961,26,3593
03-04-2021,AZ,Azerbaijan,EURO,2361,266322,24,3617
04-04-2021,AZ,Azerbaijan,EURO,2392,268714,31,3648
05-04-2021,AZ,Azerbaijan,EURO,2021,270735,29,3677
06-04-2021,AZ,Azerbaijan,EURO,1099,271834,34,3711
07-04-2021,AZ,Azerbaijan,EURO,2035,273869,32,3743
08-04-2021,AZ,Azerbaijan,EURO,2595,276464,37,3780
09-04-2021,AZ,Azerbaijan,EURO,2717,279181,31,3811
10-04-2021,AZ,Azerbaijan,EURO,2206,281387,35,3846
11-04-2021,AZ,Azerbaijan,EURO,2192,283579,33,3879
12-04-2021,AZ,Azerbaijan,EURO,2414,285993,36,3915
13-04-2021,AZ,Azerbaijan,EURO,1151,287144,29,3944
14-04-2021,AZ,Azerbaijan,EURO,2457,289601,34,3978
15-04-2021,AZ,Azerbaijan,EURO,2293,291894,31,4009
16-04-2021,AZ,Azerbaijan,EURO,2317,294211,36,4045
17-04-2021,AZ,Azerbaijan,EURO,2163,296374,32,4077
18-04-2021,AZ,Azerbaijan,EURO,2148,298522,30,4107
19-04-2021,AZ,Azerbaijan,EURO,2144,300666,33,4140
20-04-2021,AZ,Azerbaijan,EURO,995,301661,29,4169
21-04-2021,AZ,Azerbaijan,EURO,2197,303858,34,4203
22-04-2021,AZ,Azerbaijan,EURO,2075,305933,32,4235
23-04-2021,AZ,Azerbaijan,EURO,2047,307980,39,4274
24-04-2021,AZ,Azerbaijan,EURO,1809,309789,33,4307
25-04-2021,AZ,Azerbaijan,EURO,1676,311465,35,4342
26-04-2021,AZ,Azerbaijan,EURO,1541,313006,29,4371
27-04-2021,AZ,Azerbaijan,EURO,806,313812,31,4402
28-04-2021,AZ,Azerbaijan,EURO,1307,315119,27,4429
29-04-2021,AZ,Azerbaijan,EURO,1402,316521,32,4461
30-04-2021,AZ,Azerbaijan,EURO,1392,317913,29,4490
01-05-2021,AZ,Azerbaijan,EURO,1196,319109,27,4517
02-05-2021,AZ,Azerbaijan,EURO,1213,320322,21,4538
03-05-2021,AZ,Azerbaijan,EURO,1058,321380,23,4561
04-05-2021,AZ,Azerbaijan,EURO,0,321380,0,4561
05-05-2021,AZ,Azerbaijan,EURO,1381,322761,36,4597
06-05-2021,AZ,Azerbaijan,EURO,1080,323841,20,4617
07-05-2021,AZ,Azerbaijan,EURO,844,324685,18,4635
08-05-2021,AZ,Azerbaijan,EURO,722,325407,15,4650
09-05-2021,AZ,Azerbaijan,EURO,649,326056,16,4666
10-05-2021,AZ,Azerbaijan,EURO,660,326716,14,4680
11-05-2021,AZ,Azerbaijan,EURO,371,327087,18,4698
12-05-2021,AZ,Azerbaijan,EURO,514,327601,15,4713
13-05-2021,AZ,Azerbaijan,EURO,558,328159,13,4726
14-05-2021,AZ,Azerbaijan,EURO,509,328668,16,4742
15-05-2021,AZ,Azerbaijan,EURO,326,328994,12,4754
16-05-2021,AZ,Azerbaijan,EURO,377,329371,14,4768
17-05-2021,AZ,Azerbaijan,EURO,472,329843,11,4779
18-05-2021,AZ,Azerbaijan,EURO,426,330269,13,4792
19-05-2021,AZ,Azerbaijan,EURO,432,330701,10,4802
20-05-2021,AZ,Azerbaijan,EURO,339,331040,12,4814
21-05-2021,AZ,Azerbaijan,EURO,437,331477,14,4828
22-05-2021,AZ,Azerbaijan,EURO,406,331883,11,4839
23-05-2021,AZ,Azerbaijan,EURO,352,332235,12,4851
24-05-2021,AZ,Azerbaijan,EURO,219,332454,9,4860
25-05-2021,AZ,Azerbaijan,EURO,156,332610,7,4867
26-05-2021,AZ,Azerbaijan,EURO,284,332894,10,4877
27-05-2021,AZ,Azerbaijan,EURO,203,333097,8,4885
28-05-2021,AZ,Azerbaijan,EURO,220,333317,6,4891
29-05-2021,AZ,Azerbaijan,EURO,242,333559,5,4896
30-05-2021,AZ,Azerbaijan,EURO,164,333723,7,4903
01-01-2021,BS,Bahamas,AMRO,14,7871,0,170
02-01-2021,BS,Bahamas,AMRO,16,7887,1,171
03-01-2021,BS,Bahamas,AMRO,12,7899,0,171
04-01-2021,BS,Bahamas,AMRO,15,7914,4,175
05-01-2021,BS,Bahamas,AMRO,10,7924,0,175
06-01-2021,BS,Bahamas,AMRO,4,7928,0,175
07-01-2021,BS,Bahamas,AMRO,17,7945,0,175
08-01-2021,BS,Bahamas,AMRO,14,7959,0,175
09-01-2021,BS,Bahamas,AMRO,10,7969,0,175
10-01-2021,BS,Bahamas,AMRO,8,7977,0,175
11-01-2021,BS,Bahamas,AMRO,18,7995,0,175
12-01-2021,BS,Bahamas,AMRO,9,8004,0,175
13-01-2021,BS,Bahamas,AMRO,0,8004,0,175
14-01-2021,BS,Bahamas,AMRO,0,8004,0,175
15-01-2021,BS,Bahamas,AMRO,17,8021,0,175
16-01-2021,BS,Bahamas,AMRO,11,8032,0,175
17-01-2021,BS,Bahamas,AMRO,0,8032,0,175
18-01-2021,BS,Bahamas,AMRO,0,8032,0,175
19-01-2021,BS,Bahamas,AMRO,35,8067,0,175
20-01-2021,BS,Bahamas,AMRO,1,8068,0,175
21-01-2021,BS,Bahamas,AMRO,7,8075,0,175
22-01-2021,BS,Bahamas,AMRO,13,8088,0,175
23-01-2021,BS,Bahamas,AMRO,13,8101,0,175
24-01-2021,BS,Bahamas,AMRO,9,8110,0,175
25-01-2021,BS,Bahamas,AMRO,17,8127,0,175
26-01-2021,BS,Bahamas,AMRO,6,8133,0,175
27-01-2021,BS,Bahamas,AMRO,7,8140,0,175
28-01-2021,BS,Bahamas,AMRO,21,8161,0,175
29-01-2021,BS,Bahamas,AMRO,6,8167,0,175
30-01-2021,BS,Bahamas,AMRO,0,8167,0,175
31-01-2021,BS,Bahamas,AMRO,7,8174,1,176
01-02-2021,BS,Bahamas,AMRO,9,8183,0,176
02-02-2021,BS,Bahamas,AMRO,24,8207,0,176
03-02-2021,BS,Bahamas,AMRO,18,8225,0,176
04-02-2021,BS,Bahamas,AMRO,6,8231,0,176
05-02-2021,BS,Bahamas,AMRO,16,8247,0,176
06-02-2021,BS,Bahamas,AMRO,9,8256,0,176
07-02-2021,BS,Bahamas,AMRO,14,8270,0,176
08-02-2021,BS,Bahamas,AMRO,17,8287,0,176
09-02-2021,BS,Bahamas,AMRO,2,8289,0,176
10-02-2021,BS,Bahamas,AMRO,2,8291,0,176
11-02-2021,BS,Bahamas,AMRO,41,8332,2,178
12-02-2021,BS,Bahamas,AMRO,0,8332,0,178
13-02-2021,BS,Bahamas,AMRO,27,8359,1,179
14-02-2021,BS,Bahamas,AMRO,11,8370,0,179
15-02-2021,BS,Bahamas,AMRO,6,8376,0,179
16-02-2021,BS,Bahamas,AMRO,0,8376,0,179
17-02-2021,BS,Bahamas,AMRO,17,8393,0,179
18-02-2021,BS,Bahamas,AMRO,0,8393,0,179
19-02-2021,BS,Bahamas,AMRO,26,8419,0,179
20-02-2021,BS,Bahamas,AMRO,0,8419,0,179
21-02-2021,BS,Bahamas,AMRO,0,8419,0,179
22-02-2021,BS,Bahamas,AMRO,0,8419,0,179
23-02-2021,BS,Bahamas,AMRO,52,8471,0,179
24-02-2021,BS,Bahamas,AMRO,6,8477,0,179
25-02-2021,BS,Bahamas,AMRO,19,8496,0,179
26-02-2021,BS,Bahamas,AMRO,11,8507,0,179
27-02-2021,BS,Bahamas,AMRO,12,8519,0,179
28-02-2021,BS,Bahamas,AMRO,23,8542,1,180
01-03-2021,BS,Bahamas,AMRO,9,8551,0,180
02-03-2021,BS,Bahamas,AMRO,7,8558,0,180
03-03-2021,BS,Bahamas,AMRO,6,8564,0,180
04-03-2021,BS,Bahamas,AMRO,9,8573,1,181
05-03-2021,BS,Bahamas,AMRO,27,8600,0,181
06-03-2021,BS,Bahamas,AMRO,9,8609,0,181
07-03-2021,BS,Bahamas,AMRO,7,8616,1,182
08-03-2021,BS,Bahamas,AMRO,13,8629,0,182
09-03-2021,BS,Bahamas,AMRO,12,8641,1,183
10-03-2021,BS,Bahamas,AMRO,1,8642,2,185
11-03-2021,BS,Bahamas,AMRO,16,8658,0,185
12-03-2021,BS,Bahamas,AMRO,22,8680,0,185
13-03-2021,BS,Bahamas,AMRO,20,8700,0,185
14-03-2021,BS,Bahamas,AMRO,22,8722,0,185
15-03-2021,BS,Bahamas,AMRO,27,8749,1,186
16-03-2021,BS,Bahamas,AMRO,16,8765,0,186
17-03-2021,BS,Bahamas,AMRO,11,8776,0,186
18-03-2021,BS,Bahamas,AMRO,25,8801,0,186
19-03-2021,BS,Bahamas,AMRO,19,8820,0,186
20-03-2021,BS,Bahamas,AMRO,23,8843,0,186
21-03-2021,BS,Bahamas,AMRO,41,8884,0,186
22-03-2021,BS,Bahamas,AMRO,25,8909,2,188
23-03-2021,BS,Bahamas,AMRO,14,8923,0,188
24-03-2021,BS,Bahamas,AMRO,12,8935,0,188
25-03-2021,BS,Bahamas,AMRO,18,8953,0,188
26-03-2021,BS,Bahamas,AMRO,33,8986,0,188
27-03-2021,BS,Bahamas,AMRO,14,9000,0,188
28-03-2021,BS,Bahamas,AMRO,34,9034,0,188
29-03-2021,BS,Bahamas,AMRO,42,9076,0,188
30-03-2021,BS,Bahamas,AMRO,15,9091,0,188
31-03-2021,BS,Bahamas,AMRO,28,9119,0,188
01-04-2021,BS,Bahamas,AMRO,22,9141,0,188
02-04-2021,BS,Bahamas,AMRO,30,9171,0,188
03-04-2021,BS,Bahamas,AMRO,28,9199,1,189
04-04-2021,BS,Bahamas,AMRO,35,9234,-1,188
05-04-2021,BS,Bahamas,AMRO,16,9250,0,188
06-04-2021,BS,Bahamas,AMRO,13,9263,1,189
07-04-2021,BS,Bahamas,AMRO,7,9270,0,189
08-04-2021,BS,Bahamas,AMRO,26,9296,0,189
09-04-2021,BS,Bahamas,AMRO,43,9339,0,189
10-04-2021,BS,Bahamas,AMRO,25,9364,0,189
11-04-2021,BS,Bahamas,AMRO,53,9417,0,189
12-04-2021,BS,Bahamas,AMRO,22,9439,0,189
13-04-2021,BS,Bahamas,AMRO,21,9460,1,190
14-04-2021,BS,Bahamas,AMRO,45,9505,0,190
15-04-2021,BS,Bahamas,AMRO,58,9563,1,191
16-04-2021,BS,Bahamas,AMRO,30,9593,2,193
17-04-2021,BS,Bahamas,AMRO,41,9634,1,194
18-04-2021,BS,Bahamas,AMRO,62,9696,0,194
19-04-2021,BS,Bahamas,AMRO,40,9736,0,194
20-04-2021,BS,Bahamas,AMRO,55,9791,0,194
21-04-2021,BS,Bahamas,AMRO,9,9800,0,194
22-04-2021,BS,Bahamas,AMRO,0,9800,0,194
23-04-2021,BS,Bahamas,AMRO,0,9800,0,194
24-04-2021,BS,Bahamas,AMRO,176,9976,2,196
25-04-2021,BS,Bahamas,AMRO,74,10050,0,196
26-04-2021,BS,Bahamas,AMRO,0,10050,1,197
27-04-2021,BS,Bahamas,AMRO,170,10220,1,198
28-04-2021,BS,Bahamas,AMRO,63,10283,0,198
29-04-2021,BS,Bahamas,AMRO,66,10349,0,198
30-04-2021,BS,Bahamas,AMRO,40,10389,0,198
01-05-2021,BS,Bahamas,AMRO,64,10453,1,199
02-05-2021,BS,Bahamas,AMRO,0,10453,0,199
03-05-2021,BS,Bahamas,AMRO,96,10549,0,199
04-05-2021,BS,Bahamas,AMRO,53,10602,12,211
05-05-2021,BS,Bahamas,AMRO,57,10659,0,211
06-05-2021,BS,Bahamas,AMRO,0,10659,0,211
07-05-2021,BS,Bahamas,AMRO,52,10711,0,211
08-05-2021,BS,Bahamas,AMRO,62,10773,1,212
09-05-2021,BS,Bahamas,AMRO,0,10773,0,212
10-05-2021,BS,Bahamas,AMRO,89,10862,0,212
11-05-2021,BS,Bahamas,AMRO,46,10908,2,214
12-05-2021,BS,Bahamas,AMRO,25,10933,0,214
13-05-2021,BS,Bahamas,AMRO,33,10966,1,215
14-05-2021,BS,Bahamas,AMRO,58,11024,1,216
15-05-2021,BS,Bahamas,AMRO,110,11134,2,218
16-05-2021,BS,Bahamas,AMRO,50,11184,2,220
17-05-2021,BS,Bahamas,AMRO,0,11184,0,220
18-05-2021,BS,Bahamas,AMRO,94,11278,1,221
19-05-2021,BS,Bahamas,AMRO,43,11321,0,221
20-05-2021,BS,Bahamas,AMRO,0,11321,0,221
21-05-2021,BS,Bahamas,AMRO,75,11396,1,222
22-05-2021,BS,Bahamas,AMRO,54,11450,2,224
23-05-2021,BS,Bahamas,AMRO,49,11499,1,225
24-05-2021,BS,Bahamas,AMRO,52,11551,1,226
25-05-2021,BS,Bahamas,AMRO,28,11579,0,226
26-05-2021,BS,Bahamas,AMRO,18,11597,0,226
27-05-2021,BS,Bahamas,AMRO,25,11622,0,226
28-05-2021,BS,Bahamas,AMRO,62,11684,3,229
29-05-2021,BS,Bahamas,AMRO,61,11745,0,229
30-05-2021,BS,Bahamas,AMRO,0,11745,0,229
01-01-2021,BH,Bahrain,EMRO,250,92675,0,352
02-01-2021,BH,Bahrain,EMRO,238,92913,0,352
03-01-2021,BH,Bahrain,EMRO,271,93184,0,352
04-01-2021,BH,Bahrain,EMRO,294,93478,0,352
05-01-2021,BH,Bahrain,EMRO,288,93766,0,352
06-01-2021,BH,Bahrain,EMRO,229,93995,0,352
07-01-2021,BH,Bahrain,EMRO,289,94284,1,353
08-01-2021,BH,Bahrain,EMRO,349,94633,0,353
09-01-2021,BH,Bahrain,EMRO,397,95030,1,354
10-01-2021,BH,Bahrain,EMRO,287,95317,1,355
11-01-2021,BH,Bahrain,EMRO,241,95558,1,356
12-01-2021,BH,Bahrain,EMRO,321,95879,0,356
13-01-2021,BH,Bahrain,EMRO,316,96195,0,356
14-01-2021,BH,Bahrain,EMRO,275,96470,0,356
15-01-2021,BH,Bahrain,EMRO,342,96812,0,356
16-01-2021,BH,Bahrain,EMRO,209,97021,1,357
17-01-2021,BH,Bahrain,EMRO,247,97268,1,358
18-01-2021,BH,Bahrain,EMRO,339,97607,2,360
19-01-2021,BH,Bahrain,EMRO,333,97940,0,360
20-01-2021,BH,Bahrain,EMRO,320,98260,2,362
21-01-2021,BH,Bahrain,EMRO,313,98573,4,366
22-01-2021,BH,Bahrain,EMRO,305,98878,0,366
23-01-2021,BH,Bahrain,EMRO,332,99210,0,366
24-01-2021,BH,Bahrain,EMRO,246,99456,1,367
25-01-2021,BH,Bahrain,EMRO,361,99817,0,367
26-01-2021,BH,Bahrain,EMRO,413,100230,2,369
27-01-2021,BH,Bahrain,EMRO,459,100689,1,370
28-01-2021,BH,Bahrain,EMRO,427,101116,1,371
29-01-2021,BH,Bahrain,EMRO,387,101503,1,372
30-01-2021,BH,Bahrain,EMRO,468,101971,0,372
31-01-2021,BH,Bahrain,EMRO,655,102626,0,372
01-02-2021,BH,Bahrain,EMRO,431,103057,3,375
02-02-2021,BH,Bahrain,EMRO,525,103582,1,376
03-02-2021,BH,Bahrain,EMRO,657,104239,0,376
04-02-2021,BH,Bahrain,EMRO,553,104792,0,376
05-02-2021,BH,Bahrain,EMRO,704,105496,1,377
06-02-2021,BH,Bahrain,EMRO,702,106198,0,377
07-02-2021,BH,Bahrain,EMRO,515,106713,2,379
08-02-2021,BH,Bahrain,EMRO,616,107329,1,380
09-02-2021,BH,Bahrain,EMRO,719,108048,3,383
10-02-2021,BH,Bahrain,EMRO,759,108807,4,387
11-02-2021,BH,Bahrain,EMRO,797,109604,4,391
12-02-2021,BH,Bahrain,EMRO,812,110416,2,393
13-02-2021,BH,Bahrain,EMRO,896,111312,2,395
14-02-2021,BH,Bahrain,EMRO,790,112102,3,398
15-02-2021,BH,Bahrain,EMRO,640,112742,5,403
16-02-2021,BH,Bahrain,EMRO,848,113590,3,406
17-02-2021,BH,Bahrain,EMRO,771,114361,4,410
18-02-2021,BH,Bahrain,EMRO,696,115057,0,410
19-02-2021,BH,Bahrain,EMRO,648,115705,4,414
20-02-2021,BH,Bahrain,EMRO,777,116482,4,418
21-02-2021,BH,Bahrain,EMRO,752,117234,2,420
22-02-2021,BH,Bahrain,EMRO,575,117809,3,423
23-02-2021,BH,Bahrain,EMRO,721,118530,6,429
24-02-2021,BH,Bahrain,EMRO,675,119205,4,433
25-02-2021,BH,Bahrain,EMRO,653,119858,4,437
26-02-2021,BH,Bahrain,EMRO,637,120495,2,439
27-02-2021,BH,Bahrain,EMRO,632,121127,3,442
28-02-2021,BH,Bahrain,EMRO,651,121778,2,444
01-03-2021,BH,Bahrain,EMRO,617,122395,5,449
02-03-2021,BH,Bahrain,EMRO,644,123039,3,452
03-03-2021,BH,Bahrain,EMRO,492,123531,1,453
04-03-2021,BH,Bahrain,EMRO,738,124269,5,458
05-03-2021,BH,Bahrain,EMRO,588,124857,4,462
06-03-2021,BH,Bahrain,EMRO,657,125514,6,468
07-03-2021,BH,Bahrain,EMRO,612,126126,1,469
08-03-2021,BH,Bahrain,EMRO,476,126602,3,472
09-03-2021,BH,Bahrain,EMRO,653,127255,1,473
10-03-2021,BH,Bahrain,EMRO,545,127800,1,474
11-03-2021,BH,Bahrain,EMRO,628,128428,2,476
12-03-2021,BH,Bahrain,EMRO,653,129081,2,478
13-03-2021,BH,Bahrain,EMRO,744,129825,2,480
14-03-2021,BH,Bahrain,EMRO,579,130404,1,481
15-03-2021,BH,Bahrain,EMRO,597,131001,3,484
16-03-2021,BH,Bahrain,EMRO,682,131683,1,485
17-03-2021,BH,Bahrain,EMRO,686,132369,2,487
18-03-2021,BH,Bahrain,EMRO,768,133137,2,489
19-03-2021,BH,Bahrain,EMRO,642,133779,2,491
20-03-2021,BH,Bahrain,EMRO,731,134510,2,493
21-03-2021,BH,Bahrain,EMRO,816,135326,5,498
22-03-2021,BH,Bahrain,EMRO,656,135982,2,500
23-03-2021,BH,Bahrain,EMRO,759,136741,2,502
24-03-2021,BH,Bahrain,EMRO,809,137550,1,503
25-03-2021,BH,Bahrain,EMRO,733,138283,4,507
26-03-2021,BH,Bahrain,EMRO,841,139124,1,508
27-03-2021,BH,Bahrain,EMRO,829,139953,4,512
28-03-2021,BH,Bahrain,EMRO,865,140818,1,513
29-03-2021,BH,Bahrain,EMRO,1027,141845,0,513
30-03-2021,BH,Bahrain,EMRO,824,142669,2,515
31-03-2021,BH,Bahrain,EMRO,905,143574,2,517
01-04-2021,BH,Bahrain,EMRO,871,144445,4,521
02-04-2021,BH,Bahrain,EMRO,935,145380,2,523
03-04-2021,BH,Bahrain,EMRO,1074,146454,4,527
04-04-2021,BH,Bahrain,EMRO,1316,147770,4,531
05-04-2021,BH,Bahrain,EMRO,1047,148817,5,536
06-04-2021,BH,Bahrain,EMRO,974,149791,5,541
07-04-2021,BH,Bahrain,EMRO,1020,150811,4,545
08-04-2021,BH,Bahrain,EMRO,1120,151931,2,547
09-04-2021,BH,Bahrain,EMRO,1143,153074,1,548
10-04-2021,BH,Bahrain,EMRO,1206,154280,2,550
11-04-2021,BH,Bahrain,EMRO,1122,155402,4,554
12-04-2021,BH,Bahrain,EMRO,1060,156462,3,557
13-04-2021,BH,Bahrain,EMRO,1267,157729,5,562
14-04-2021,BH,Bahrain,EMRO,1060,158789,4,566
15-04-2021,BH,Bahrain,EMRO,1175,159964,3,569
16-04-2021,BH,Bahrain,EMRO,970,160934,5,574
17-04-2021,BH,Bahrain,EMRO,1155,162089,7,581
18-04-2021,BH,Bahrain,EMRO,1024,163113,7,588
19-04-2021,BH,Bahrain,EMRO,997,164110,6,594
20-04-2021,BH,Bahrain,EMRO,1008,165118,6,600
21-04-2021,BH,Bahrain,EMRO,1039,166157,5,605
22-04-2021,BH,Bahrain,EMRO,1008,167165,2,607
23-04-2021,BH,Bahrain,EMRO,1036,168201,7,614
24-04-2021,BH,Bahrain,EMRO,1053,169254,3,617
25-04-2021,BH,Bahrain,EMRO,1081,170335,3,620
26-04-2021,BH,Bahrain,EMRO,1035,171370,4,624
27-04-2021,BH,Bahrain,EMRO,1206,172576,1,625
28-04-2021,BH,Bahrain,EMRO,972,173548,1,626
29-04-2021,BH,Bahrain,EMRO,1147,174695,6,632
30-04-2021,BH,Bahrain,EMRO,1057,175752,7,639
01-05-2021,BH,Bahrain,EMRO,1182,176934,7,646
02-05-2021,BH,Bahrain,EMRO,1063,177997,2,648
03-05-2021,BH,Bahrain,EMRO,1300,179297,3,651
04-05-2021,BH,Bahrain,EMRO,1165,180462,6,657
05-05-2021,BH,Bahrain,EMRO,1418,181880,5,662
06-05-2021,BH,Bahrain,EMRO,1450,183330,2,664
07-05-2021,BH,Bahrain,EMRO,1367,184697,6,670
08-05-2021,BH,Bahrain,EMRO,1706,186403,4,674
09-05-2021,BH,Bahrain,EMRO,1502,187905,4,678
10-05-2021,BH,Bahrain,EMRO,1451,189356,7,685
11-05-2021,BH,Bahrain,EMRO,1662,191018,6,691
12-05-2021,BH,Bahrain,EMRO,1732,192750,6,697
13-05-2021,BH,Bahrain,EMRO,1539,194289,8,705
14-05-2021,BH,Bahrain,EMRO,1816,196105,10,715
15-05-2021,BH,Bahrain,EMRO,1369,197474,17,732
16-05-2021,BH,Bahrain,EMRO,1619,199093,5,737
17-05-2021,BH,Bahrain,EMRO,1884,200977,9,746
18-05-2021,BH,Bahrain,EMRO,1579,202556,6,752
19-05-2021,BH,Bahrain,EMRO,1968,204524,13,765
20-05-2021,BH,Bahrain,EMRO,2354,206878,8,773
21-05-2021,BH,Bahrain,EMRO,2415,209293,7,780
22-05-2021,BH,Bahrain,EMRO,2858,212151,14,794
23-05-2021,BH,Bahrain,EMRO,2719,214870,15,809
24-05-2021,BH,Bahrain,EMRO,3177,218047,11,820
25-05-2021,BH,Bahrain,EMRO,2800,220847,28,848
26-05-2021,BH,Bahrain,EMRO,2766,223613,18,866
27-05-2021,BH,Bahrain,EMRO,2803,226416,16,882
28-05-2021,BH,Bahrain,EMRO,3051,229467,20,902
29-05-2021,BH,Bahrain,EMRO,2957,232424,21,923
30-05-2021,BH,Bahrain,EMRO,3275,235699,16,939
01-01-2021,BD,Bangladesh,SEARO,1014,513510,28,7559
02-01-2021,BD,Bangladesh,SEARO,990,514500,17,7576
03-01-2021,BD,Bangladesh,SEARO,684,515184,23,7599
04-01-2021,BD,Bangladesh,SEARO,835,516019,27,7626
05-01-2021,BD,Bangladesh,SEARO,910,516929,24,7650
06-01-2021,BD,Bangladesh,SEARO,991,517920,20,7670
07-01-2021,BD,Bangladesh,SEARO,978,518898,17,7687
08-01-2021,BD,Bangladesh,SEARO,1007,519905,31,7718
09-01-2021,BD,Bangladesh,SEARO,785,520690,16,7734
10-01-2021,BD,Bangladesh,SEARO,692,521382,22,7756
11-01-2021,BD,Bangladesh,SEARO,1071,522453,25,7781
12-01-2021,BD,Bangladesh,SEARO,849,523302,22,7803
13-01-2021,BD,Bangladesh,SEARO,718,524020,16,7819
14-01-2021,BD,Bangladesh,SEARO,890,524910,14,7833
15-01-2021,BD,Bangladesh,SEARO,813,525723,16,7849
16-01-2021,BD,Bangladesh,SEARO,762,526485,13,7862
17-01-2021,BD,Bangladesh,SEARO,578,527063,21,7883
18-01-2021,BD,Bangladesh,SEARO,569,527632,23,7906
19-01-2021,BD,Bangladesh,SEARO,697,528329,16,7922
20-01-2021,BD,Bangladesh,SEARO,702,529031,20,7942
21-01-2021,BD,Bangladesh,SEARO,656,529687,8,7950
22-01-2021,BD,Bangladesh,SEARO,584,530271,16,7966
23-01-2021,BD,Bangladesh,SEARO,619,530890,15,7981
24-01-2021,BD,Bangladesh,SEARO,436,531326,22,8003
25-01-2021,BD,Bangladesh,SEARO,473,531799,20,8023
26-01-2021,BD,Bangladesh,SEARO,602,532401,18,8041
27-01-2021,BD,Bangladesh,SEARO,515,532916,14,8055
28-01-2021,BD,Bangladesh,SEARO,528,533444,17,8072
29-01-2021,BD,Bangladesh,SEARO,509,533953,15,8087
30-01-2021,BD,Bangladesh,SEARO,454,534407,7,8094
31-01-2021,BD,Bangladesh,SEARO,363,534770,17,8111
01-02-2021,BD,Bangladesh,SEARO,369,535139,16,8127
02-02-2021,BD,Bangladesh,SEARO,443,535582,10,8137
03-02-2021,BD,Bangladesh,SEARO,525,536107,12,8149
04-02-2021,BD,Bangladesh,SEARO,438,536545,13,8162
05-02-2021,BD,Bangladesh,SEARO,485,537030,13,8175
06-02-2021,BD,Bangladesh,SEARO,435,537465,7,8182
07-02-2021,BD,Bangladesh,SEARO,305,537770,8,8190
08-02-2021,BD,Bangladesh,SEARO,292,538062,15,8205
09-02-2021,BD,Bangladesh,SEARO,316,538378,16,8221
10-02-2021,BD,Bangladesh,SEARO,387,538765,8,8229
11-02-2021,BD,Bangladesh,SEARO,388,539153,10,8239
12-02-2021,BD,Bangladesh,SEARO,418,539571,9,8248
13-02-2021,BD,Bangladesh,SEARO,404,539975,5,8253
14-02-2021,BD,Bangladesh,SEARO,291,540266,13,8266
15-02-2021,BD,Bangladesh,SEARO,772,541038,19,8285
16-02-2021,BD,Bangladesh,SEARO,0,541038,0,8285
17-02-2021,BD,Bangladesh,SEARO,396,541434,13,8298
18-02-2021,BD,Bangladesh,SEARO,443,541877,16,8314
19-02-2021,BD,Bangladesh,SEARO,391,542268,15,8329
20-02-2021,BD,Bangladesh,SEARO,406,542674,8,8337
21-02-2021,BD,Bangladesh,SEARO,350,543024,5,8342
22-02-2021,BD,Bangladesh,SEARO,327,543351,7,8349
23-02-2021,BD,Bangladesh,SEARO,366,543717,7,8356
24-02-2021,BD,Bangladesh,SEARO,399,544116,18,8374
25-02-2021,BD,Bangladesh,SEARO,428,544544,5,8379
26-02-2021,BD,Bangladesh,SEARO,410,544954,5,8384
27-02-2021,BD,Bangladesh,SEARO,470,545424,11,8395
28-02-2021,BD,Bangladesh,SEARO,407,545831,5,8400
01-03-2021,BD,Bangladesh,SEARO,385,546216,8,8408
02-03-2021,BD,Bangladesh,SEARO,585,546801,8,8416
03-03-2021,BD,Bangladesh,SEARO,515,547316,7,8423
04-03-2021,BD,Bangladesh,SEARO,614,547930,5,8428
05-03-2021,BD,Bangladesh,SEARO,619,548549,7,8435
06-03-2021,BD,Bangladesh,SEARO,635,549184,6,8441
07-03-2021,BD,Bangladesh,SEARO,540,549724,10,8451
08-03-2021,BD,Bangladesh,SEARO,606,550330,11,8462
09-03-2021,BD,Bangladesh,SEARO,845,551175,14,8476
10-03-2021,BD,Bangladesh,SEARO,912,552087,13,8489
11-03-2021,BD,Bangladesh,SEARO,1018,553105,7,8496
12-03-2021,BD,Bangladesh,SEARO,1051,554156,6,8502
13-03-2021,BD,Bangladesh,SEARO,1066,555222,13,8515
14-03-2021,BD,Bangladesh,SEARO,1014,556236,12,8527
15-03-2021,BD,Bangladesh,SEARO,1159,557395,18,8545
16-03-2021,BD,Bangladesh,SEARO,1773,559168,26,8571
17-03-2021,BD,Bangladesh,SEARO,1719,560887,26,8597
18-03-2021,BD,Bangladesh,SEARO,1865,562752,11,8608
19-03-2021,BD,Bangladesh,SEARO,2187,564939,16,8624
20-03-2021,BD,Bangladesh,SEARO,1899,566838,18,8642
21-03-2021,BD,Bangladesh,SEARO,1868,568706,26,8668
22-03-2021,BD,Bangladesh,SEARO,2172,570878,22,8690
23-03-2021,BD,Bangladesh,SEARO,2809,573687,30,8720
24-03-2021,BD,Bangladesh,SEARO,3554,577241,18,8738
25-03-2021,BD,Bangladesh,SEARO,3567,580808,25,8763
26-03-2021,BD,Bangladesh,SEARO,3587,584395,34,8797
27-03-2021,BD,Bangladesh,SEARO,3737,588132,33,8830
28-03-2021,BD,Bangladesh,SEARO,3674,591806,39,8869
29-03-2021,BD,Bangladesh,SEARO,3908,595714,35,8904
30-03-2021,BD,Bangladesh,SEARO,5181,600895,45,8949
31-03-2021,BD,Bangladesh,SEARO,5042,605937,45,8994
01-04-2021,BD,Bangladesh,SEARO,5358,611295,52,9046
02-04-2021,BD,Bangladesh,SEARO,6469,617764,59,9105
03-04-2021,BD,Bangladesh,SEARO,6830,624594,50,9155
04-04-2021,BD,Bangladesh,SEARO,5683,630277,58,9213
05-04-2021,BD,Bangladesh,SEARO,7087,637364,53,9266
06-04-2021,BD,Bangladesh,SEARO,7075,644439,52,9318
07-04-2021,BD,Bangladesh,SEARO,7213,651652,66,9384
08-04-2021,BD,Bangladesh,SEARO,7626,659278,63,9447
09-04-2021,BD,Bangladesh,SEARO,6854,666132,74,9521
10-04-2021,BD,Bangladesh,SEARO,7462,673594,63,9584
11-04-2021,BD,Bangladesh,SEARO,5343,678937,77,9661
12-04-2021,BD,Bangladesh,SEARO,5819,684756,78,9739
13-04-2021,BD,Bangladesh,SEARO,7201,691957,83,9822
14-04-2021,BD,Bangladesh,SEARO,6028,697985,69,9891
15-04-2021,BD,Bangladesh,SEARO,5185,703170,96,9987
16-04-2021,BD,Bangladesh,SEARO,4192,707362,94,10081
17-04-2021,BD,Bangladesh,SEARO,4417,711779,101,10182
18-04-2021,BD,Bangladesh,SEARO,3473,715252,101,10283
19-04-2021,BD,Bangladesh,SEARO,3698,718950,102,10385
20-04-2021,BD,Bangladesh,SEARO,4271,723221,112,10497
21-04-2021,BD,Bangladesh,SEARO,4559,727780,91,10588
22-04-2021,BD,Bangladesh,SEARO,4280,732060,95,10683
23-04-2021,BD,Bangladesh,SEARO,4014,736074,98,10781
24-04-2021,BD,Bangladesh,SEARO,3629,739703,88,10869
25-04-2021,BD,Bangladesh,SEARO,2697,742400,83,10952
26-04-2021,BD,Bangladesh,SEARO,2922,745322,101,11053
27-04-2021,BD,Bangladesh,SEARO,3306,748628,97,11150
28-04-2021,BD,Bangladesh,SEARO,3031,751659,78,11228
29-04-2021,BD,Bangladesh,SEARO,2955,754614,77,11305
30-04-2021,BD,Bangladesh,SEARO,2341,756955,88,11393
01-05-2021,BD,Bangladesh,SEARO,2177,759132,57,11450
02-05-2021,BD,Bangladesh,SEARO,1452,760584,60,11510
03-05-2021,BD,Bangladesh,SEARO,1359,761943,69,11579
04-05-2021,BD,Bangladesh,SEARO,1739,763682,65,11644
05-05-2021,BD,Bangladesh,SEARO,1914,765596,61,11705
06-05-2021,BD,Bangladesh,SEARO,1742,767338,50,11755
07-05-2021,BD,Bangladesh,SEARO,1822,769160,41,11796
08-05-2021,BD,Bangladesh,SEARO,1682,770842,37,11833
09-05-2021,BD,Bangladesh,SEARO,1285,772127,45,11878
10-05-2021,BD,Bangladesh,SEARO,1386,773513,56,11934
11-05-2021,BD,Bangladesh,SEARO,1514,775027,38,11972
12-05-2021,BD,Bangladesh,SEARO,1230,776257,33,12005
13-05-2021,BD,Bangladesh,SEARO,1140,777397,40,12045
14-05-2021,BD,Bangladesh,SEARO,1290,778687,31,12076
15-05-2021,BD,Bangladesh,SEARO,848,779535,26,12102
16-05-2021,BD,Bangladesh,SEARO,261,779796,22,12124
17-05-2021,BD,Bangladesh,SEARO,363,780159,25,12149
18-05-2021,BD,Bangladesh,SEARO,698,780857,32,12181
19-05-2021,BD,Bangladesh,SEARO,1272,782129,30,12211
20-05-2021,BD,Bangladesh,SEARO,1608,783737,37,12248
21-05-2021,BD,Bangladesh,SEARO,1457,785194,36,12284
22-05-2021,BD,Bangladesh,SEARO,1504,786698,26,12310
23-05-2021,BD,Bangladesh,SEARO,1028,787726,38,12348
24-05-2021,BD,Bangladesh,SEARO,1354,789080,28,12376
25-05-2021,BD,Bangladesh,SEARO,1441,790521,25,12401
26-05-2021,BD,Bangladesh,SEARO,1675,792196,40,12441
27-05-2021,BD,Bangladesh,SEARO,1497,793693,17,12458
28-05-2021,BD,Bangladesh,SEARO,1292,794985,22,12480
29-05-2021,BD,Bangladesh,SEARO,1358,796343,31,12511
30-05-2021,BD,Bangladesh,SEARO,1043,797386,38,12549
01-01-2021,BB,Barbados,AMRO,0,372,0,7
02-01-2021,BB,Barbados,AMRO,11,383,0,7
03-01-2021,BB,Barbados,AMRO,12,395,0,7
04-01-2021,BB,Barbados,AMRO,0,395,0,7
05-01-2021,BB,Barbados,AMRO,211,606,0,7
06-01-2021,BB,Barbados,AMRO,37,643,0,7
07-01-2021,BB,Barbados,AMRO,49,692,0,7
08-01-2021,BB,Barbados,AMRO,51,743,0,7
09-01-2021,BB,Barbados,AMRO,37,780,0,7
10-01-2021,BB,Barbados,AMRO,28,808,0,7
11-01-2021,BB,Barbados,AMRO,70,878,0,7
12-01-2021,BB,Barbados,AMRO,0,878,0,7
13-01-2021,BB,Barbados,AMRO,6,884,0,7
14-01-2021,BB,Barbados,AMRO,84,968,0,7
15-01-2021,BB,Barbados,AMRO,39,1007,0,7
16-01-2021,BB,Barbados,AMRO,29,1036,0,7
17-01-2021,BB,Barbados,AMRO,0,1036,0,7
18-01-2021,BB,Barbados,AMRO,59,1095,0,7
19-01-2021,BB,Barbados,AMRO,0,1095,0,7
20-01-2021,BB,Barbados,AMRO,0,1095,0,7
21-01-2021,BB,Barbados,AMRO,61,1156,2,9
22-01-2021,BB,Barbados,AMRO,0,1156,0,9
23-01-2021,BB,Barbados,AMRO,0,1156,0,9
24-01-2021,BB,Barbados,AMRO,87,1243,0,9
25-01-2021,BB,Barbados,AMRO,98,1341,0,9
26-01-2021,BB,Barbados,AMRO,46,1387,1,10
27-01-2021,BB,Barbados,AMRO,14,1401,0,10
28-01-2021,BB,Barbados,AMRO,26,1427,0,10
29-01-2021,BB,Barbados,AMRO,16,1443,1,11
30-01-2021,BB,Barbados,AMRO,4,1447,0,11
31-01-2021,BB,Barbados,AMRO,51,1498,1,12
01-02-2021,BB,Barbados,AMRO,47,1545,0,12
02-02-2021,BB,Barbados,AMRO,0,1545,2,14
03-02-2021,BB,Barbados,AMRO,13,1558,0,14
04-02-2021,BB,Barbados,AMRO,28,1586,0,14
05-02-2021,BB,Barbados,AMRO,25,1611,1,15
06-02-2021,BB,Barbados,AMRO,45,1656,3,18
07-02-2021,BB,Barbados,AMRO,20,1676,0,18
08-02-2021,BB,Barbados,AMRO,0,1676,0,18
09-02-2021,BB,Barbados,AMRO,33,1709,0,18
10-02-2021,BB,Barbados,AMRO,23,1732,0,18
11-02-2021,BB,Barbados,AMRO,82,1814,2,20
12-02-2021,BB,Barbados,AMRO,43,1857,0,20
13-02-2021,BB,Barbados,AMRO,47,1904,1,21
14-02-2021,BB,Barbados,AMRO,43,1947,2,23
15-02-2021,BB,Barbados,AMRO,114,2061,0,23
16-02-2021,BB,Barbados,AMRO,207,2268,1,24
17-02-2021,BB,Barbados,AMRO,63,2331,1,25
18-02-2021,BB,Barbados,AMRO,126,2457,3,28
19-02-2021,BB,Barbados,AMRO,151,2608,1,29
20-02-2021,BB,Barbados,AMRO,39,2647,0,29
21-02-2021,BB,Barbados,AMRO,30,2677,1,30
22-02-2021,BB,Barbados,AMRO,38,2715,1,31
23-02-2021,BB,Barbados,AMRO,57,2772,0,31
24-02-2021,BB,Barbados,AMRO,19,2791,0,31
25-02-2021,BB,Barbados,AMRO,61,2852,0,31
26-02-2021,BB,Barbados,AMRO,55,2907,1,32
27-02-2021,BB,Barbados,AMRO,42,2949,0,32
28-02-2021,BB,Barbados,AMRO,45,2994,1,33
01-03-2021,BB,Barbados,AMRO,44,3038,0,33
02-03-2021,BB,Barbados,AMRO,30,3068,0,33
03-03-2021,BB,Barbados,AMRO,47,3115,3,36
04-03-2021,BB,Barbados,AMRO,25,3140,0,36
05-03-2021,BB,Barbados,AMRO,23,3163,1,37
06-03-2021,BB,Barbados,AMRO,23,3186,0,37
07-03-2021,BB,Barbados,AMRO,31,3217,0,37
08-03-2021,BB,Barbados,AMRO,47,3264,0,37
09-03-2021,BB,Barbados,AMRO,21,3285,0,37
10-03-2021,BB,Barbados,AMRO,48,3333,0,37
11-03-2021,BB,Barbados,AMRO,0,3333,0,37
12-03-2021,BB,Barbados,AMRO,20,3353,0,37
13-03-2021,BB,Barbados,AMRO,19,3372,0,37
14-03-2021,BB,Barbados,AMRO,19,3391,0,37
15-03-2021,BB,Barbados,AMRO,13,3404,0,37
16-03-2021,BB,Barbados,AMRO,17,3421,0,37
17-03-2021,BB,Barbados,AMRO,21,3442,1,38
18-03-2021,BB,Barbados,AMRO,16,3458,1,39
19-03-2021,BB,Barbados,AMRO,13,3471,0,39
20-03-2021,BB,Barbados,AMRO,21,3492,0,39
21-03-2021,BB,Barbados,AMRO,20,3512,0,39
22-03-2021,BB,Barbados,AMRO,39,3551,0,39
23-03-2021,BB,Barbados,AMRO,0,3551,0,39
24-03-2021,BB,Barbados,AMRO,8,3559,1,40
25-03-2021,BB,Barbados,AMRO,15,3574,0,40
26-03-2021,BB,Barbados,AMRO,8,3582,0,40
27-03-2021,BB,Barbados,AMRO,11,3593,0,40
28-03-2021,BB,Barbados,AMRO,10,3603,1,41
29-03-2021,BB,Barbados,AMRO,6,3609,0,41
30-03-2021,BB,Barbados,AMRO,20,3629,0,41
31-03-2021,BB,Barbados,AMRO,5,3634,0,41
01-04-2021,BB,Barbados,AMRO,8,3642,1,42
02-04-2021,BB,Barbados,AMRO,10,3652,0,42
03-04-2021,BB,Barbados,AMRO,7,3659,0,42
04-04-2021,BB,Barbados,AMRO,6,3665,0,42
05-04-2021,BB,Barbados,AMRO,3,3668,1,43
06-04-2021,BB,Barbados,AMRO,11,3679,0,43
07-04-2021,BB,Barbados,AMRO,6,3685,0,43
08-04-2021,BB,Barbados,AMRO,6,3691,0,43
09-04-2021,BB,Barbados,AMRO,6,3697,1,44
10-04-2021,BB,Barbados,AMRO,7,3704,0,44
11-04-2021,BB,Barbados,AMRO,4,3708,0,44
12-04-2021,BB,Barbados,AMRO,11,3719,0,44
13-04-2021,BB,Barbados,AMRO,11,3730,0,44
14-04-2021,BB,Barbados,AMRO,4,3734,0,44
15-04-2021,BB,Barbados,AMRO,6,3740,0,44
16-04-2021,BB,Barbados,AMRO,4,3744,0,44
17-04-2021,BB,Barbados,AMRO,9,3753,0,44
18-04-2021,BB,Barbados,AMRO,20,3773,0,44
19-04-2021,BB,Barbados,AMRO,0,3773,0,44
20-04-2021,BB,Barbados,AMRO,8,3781,0,44
21-04-2021,BB,Barbados,AMRO,3,3784,0,44
22-04-2021,BB,Barbados,AMRO,9,3793,0,44
23-04-2021,BB,Barbados,AMRO,4,3797,0,44
24-04-2021,BB,Barbados,AMRO,9,3806,0,44
25-04-2021,BB,Barbados,AMRO,14,3820,0,44
26-04-2021,BB,Barbados,AMRO,4,3824,0,44
27-04-2021,BB,Barbados,AMRO,1,3825,0,44
28-04-2021,BB,Barbados,AMRO,3,3828,0,44
29-04-2021,BB,Barbados,AMRO,3,3831,0,44
30-04-2021,BB,Barbados,AMRO,7,3838,0,44
01-05-2021,BB,Barbados,AMRO,17,3855,0,44
02-05-2021,BB,Barbados,AMRO,8,3863,0,44
03-05-2021,BB,Barbados,AMRO,0,3863,0,44
04-05-2021,BB,Barbados,AMRO,3,3866,0,44
05-05-2021,BB,Barbados,AMRO,15,3881,0,44
06-05-2021,BB,Barbados,AMRO,3,3884,1,45
07-05-2021,BB,Barbados,AMRO,31,3915,0,45
08-05-2021,BB,Barbados,AMRO,14,3929,0,45
09-05-2021,BB,Barbados,AMRO,2,3931,0,45
10-05-2021,BB,Barbados,AMRO,2,3933,0,45
11-05-2021,BB,Barbados,AMRO,13,3946,0,45
12-05-2021,BB,Barbados,AMRO,4,3950,0,45
13-05-2021,BB,Barbados,AMRO,0,3950,0,45
14-05-2021,BB,Barbados,AMRO,7,3957,1,46
15-05-2021,BB,Barbados,AMRO,2,3959,0,46
16-05-2021,BB,Barbados,AMRO,2,3961,0,46
17-05-2021,BB,Barbados,AMRO,4,3965,0,46
18-05-2021,BB,Barbados,AMRO,3,3968,0,46
19-05-2021,BB,Barbados,AMRO,4,3972,1,47
20-05-2021,BB,Barbados,AMRO,0,3972,0,47
21-05-2021,BB,Barbados,AMRO,3,3975,0,47
22-05-2021,BB,Barbados,AMRO,5,3980,0,47
23-05-2021,BB,Barbados,AMRO,5,3985,0,47
24-05-2021,BB,Barbados,AMRO,6,3991,0,47
25-05-2021,BB,Barbados,AMRO,7,3998,0,47
26-05-2021,BB,Barbados,AMRO,2,4000,0,47
27-05-2021,BB,Barbados,AMRO,4,4004,0,47
28-05-2021,BB,Barbados,AMRO,0,4004,0,47
29-05-2021,BB,Barbados,AMRO,2,4006,0,47
30-05-2021,BB,Barbados,AMRO,3,4009,0,47
01-01-2021,BY,Belarus,EURO,1923,194284,10,1424
02-01-2021,BY,Belarus,EURO,1939,196223,9,1433
03-01-2021,BY,Belarus,EURO,1902,198125,9,1442
04-01-2021,BY,Belarus,EURO,1837,199962,9,1451
05-01-2021,BY,Belarus,EURO,1869,201831,10,1461
06-01-2021,BY,Belarus,EURO,1273,203104,10,1471
07-01-2021,BY,Belarus,EURO,1854,204958,9,1480
08-01-2021,BY,Belarus,EURO,1838,206796,9,1489
09-01-2021,BY,Belarus,EURO,1805,208601,9,1498
10-01-2021,BY,Belarus,EURO,1767,210368,9,1507
11-01-2021,BY,Belarus,EURO,1833,212201,10,1517
12-01-2021,BY,Belarus,EURO,1792,213993,9,1526
13-01-2021,BY,Belarus,EURO,1731,215724,9,1535
14-01-2021,BY,Belarus,EURO,1972,217696,9,1544
15-01-2021,BY,Belarus,EURO,1967,219663,10,1554
16-01-2021,BY,Belarus,EURO,1941,221604,10,1564
17-01-2021,BY,Belarus,EURO,1933,223537,9,1573
18-01-2021,BY,Belarus,EURO,1924,225461,9,1582
19-01-2021,BY,Belarus,EURO,1899,227360,9,1591
20-01-2021,BY,Belarus,EURO,1356,228716,10,1601
21-01-2021,BY,Belarus,EURO,1778,230494,9,1610
22-01-2021,BY,Belarus,EURO,1804,232298,9,1619
23-01-2021,BY,Belarus,EURO,1813,234111,9,1628
24-01-2021,BY,Belarus,EURO,1748,235859,11,1639
25-01-2021,BY,Belarus,EURO,1752,237611,10,1649
26-01-2021,BY,Belarus,EURO,1024,238635,9,1658
27-01-2021,BY,Belarus,EURO,847,239482,10,1668
28-01-2021,BY,Belarus,EURO,1651,241133,10,1678
29-01-2021,BY,Belarus,EURO,1718,242851,10,1688
30-01-2021,BY,Belarus,EURO,1867,244718,10,1698
31-01-2021,BY,Belarus,EURO,1852,246570,10,1708
01-02-2021,BY,Belarus,EURO,1766,248336,10,1718
02-02-2021,BY,Belarus,EURO,959,249295,10,1728
03-02-2021,BY,Belarus,EURO,699,249994,9,1737
04-02-2021,BY,Belarus,EURO,1711,251705,9,1746
05-02-2021,BY,Belarus,EURO,1708,253413,9,1755
06-02-2021,BY,Belarus,EURO,1759,255172,9,1764
07-02-2021,BY,Belarus,EURO,1787,256959,9,1773
08-02-2021,BY,Belarus,EURO,1732,258691,10,1783
09-02-2021,BY,Belarus,EURO,808,259499,9,1792
10-02-2021,BY,Belarus,EURO,561,260060,9,1801
11-02-2021,BY,Belarus,EURO,1799,261859,10,1811
12-02-2021,BY,Belarus,EURO,1692,263551,9,1820
13-02-2021,BY,Belarus,EURO,1733,265284,10,1830
14-02-2021,BY,Belarus,EURO,1745,267029,10,1840
15-02-2021,BY,Belarus,EURO,1658,268687,9,1849
16-02-2021,BY,Belarus,EURO,1100,269787,9,1858
17-02-2021,BY,Belarus,EURO,1134,270921,9,1867
18-02-2021,BY,Belarus,EURO,1352,272273,9,1876
19-02-2021,BY,Belarus,EURO,1386,273659,9,1885
20-02-2021,BY,Belarus,EURO,1663,275322,9,1894
21-02-2021,BY,Belarus,EURO,1668,276990,9,1903
22-02-2021,BY,Belarus,EURO,1322,278312,9,1912
23-02-2021,BY,Belarus,EURO,1144,279456,9,1921
24-02-2021,BY,Belarus,EURO,972,280428,9,1930
25-02-2021,BY,Belarus,EURO,1279,281707,9,1939
26-02-2021,BY,Belarus,EURO,1191,282898,9,1948
27-02-2021,BY,Belarus,EURO,1602,284500,9,1957
28-02-2021,BY,Belarus,EURO,1459,285959,9,1966
01-03-2021,BY,Belarus,EURO,1347,287306,10,1976
02-03-2021,BY,Belarus,EURO,961,288267,9,1985
03-03-2021,BY,Belarus,EURO,869,289136,8,1993
04-03-2021,BY,Belarus,EURO,1311,290447,9,2002
05-03-2021,BY,Belarus,EURO,1174,291621,9,2011
06-03-2021,BY,Belarus,EURO,1482,293103,9,2020
07-03-2021,BY,Belarus,EURO,1329,294432,9,2029
08-03-2021,BY,Belarus,EURO,1079,295511,9,2038
09-03-2021,BY,Belarus,EURO,930,296441,9,2047
10-03-2021,BY,Belarus,EURO,1073,297514,8,2055
11-03-2021,BY,Belarus,EURO,609,298123,8,2063
12-03-2021,BY,Belarus,EURO,837,298960,7,2070
13-03-2021,BY,Belarus,EURO,1186,300146,8,2078
14-03-2021,BY,Belarus,EURO,1182,301328,9,2087
15-03-2021,BY,Belarus,EURO,995,302323,8,2095
16-03-2021,BY,Belarus,EURO,947,303270,8,2103
17-03-2021,BY,Belarus,EURO,876,304146,9,2112
18-03-2021,BY,Belarus,EURO,1124,305270,9,2121
19-03-2021,BY,Belarus,EURO,1254,306524,9,2130
20-03-2021,BY,Belarus,EURO,1414,307938,9,2139
21-03-2021,BY,Belarus,EURO,1355,309293,9,2148
22-03-2021,BY,Belarus,EURO,1152,310445,9,2157
23-03-2021,BY,Belarus,EURO,983,311428,9,2166
24-03-2021,BY,Belarus,EURO,1046,312474,9,2175
25-03-2021,BY,Belarus,EURO,1378,313852,9,2184
26-03-2021,BY,Belarus,EURO,1141,314993,9,2193
27-03-2021,BY,Belarus,EURO,1425,316418,9,2202
28-03-2021,BY,Belarus,EURO,1213,317631,9,2211
29-03-2021,BY,Belarus,EURO,1050,318681,8,2219
30-03-2021,BY,Belarus,EURO,918,319599,8,2227
31-03-2021,BY,Belarus,EURO,995,320594,10,2237
01-04-2021,BY,Belarus,EURO,1213,321807,10,2247
02-04-2021,BY,Belarus,EURO,1236,323043,10,2257
03-04-2021,BY,Belarus,EURO,1651,324694,10,2267
04-04-2021,BY,Belarus,EURO,1371,326065,9,2276
05-04-2021,BY,Belarus,EURO,1239,327304,9,2285
06-04-2021,BY,Belarus,EURO,986,328290,9,2294
07-04-2021,BY,Belarus,EURO,968,329258,10,2304
08-04-2021,BY,Belarus,EURO,1278,330536,10,2314
09-04-2021,BY,Belarus,EURO,1272,331808,10,2324
10-04-2021,BY,Belarus,EURO,1622,333430,10,2334
11-04-2021,BY,Belarus,EURO,1433,334863,10,2344
12-04-2021,BY,Belarus,EURO,1175,336038,10,2354
13-04-2021,BY,Belarus,EURO,843,336881,9,2363
14-04-2021,BY,Belarus,EURO,754,337635,10,2373
15-04-2021,BY,Belarus,EURO,1166,338801,10,2383
16-04-2021,BY,Belarus,EURO,1222,340023,10,2393
17-04-2021,BY,Belarus,EURO,1516,341539,10,2403
18-04-2021,BY,Belarus,EURO,1384,342923,10,2413
19-04-2021,BY,Belarus,EURO,1300,344223,10,2423
20-04-2021,BY,Belarus,EURO,887,345110,10,2433
21-04-2021,BY,Belarus,EURO,888,345998,10,2443
22-04-2021,BY,Belarus,EURO,1318,347316,10,2453
23-04-2021,BY,Belarus,EURO,1170,348486,10,2463
24-04-2021,BY,Belarus,EURO,1735,350221,10,2473
25-04-2021,BY,Belarus,EURO,1453,351674,10,2483
26-04-2021,BY,Belarus,EURO,1276,352950,10,2493
27-04-2021,BY,Belarus,EURO,896,353846,9,2502
28-04-2021,BY,Belarus,EURO,823,354669,10,2512
29-04-2021,BY,Belarus,EURO,1255,355924,10,2522
30-04-2021,BY,Belarus,EURO,1309,357233,10,2532
01-05-2021,BY,Belarus,EURO,1505,358738,10,2542
02-05-2021,BY,Belarus,EURO,1244,359982,10,2552
03-05-2021,BY,Belarus,EURO,1081,361063,10,2562
04-05-2021,BY,Belarus,EURO,834,361897,10,2572
05-05-2021,BY,Belarus,EURO,697,362594,10,2582
06-05-2021,BY,Belarus,EURO,1138,363732,10,2592
07-05-2021,BY,Belarus,EURO,1219,364951,10,2602
08-05-2021,BY,Belarus,EURO,1354,366305,10,2612
09-05-2021,BY,Belarus,EURO,1369,367674,10,2622
10-05-2021,BY,Belarus,EURO,1114,368788,10,2632
11-05-2021,BY,Belarus,EURO,979,369767,10,2642
12-05-2021,BY,Belarus,EURO,742,370509,10,2652
13-05-2021,BY,Belarus,EURO,896,371405,9,2661
14-05-2021,BY,Belarus,EURO,837,372242,10,2671
15-05-2021,BY,Belarus,EURO,1109,373351,10,2681
16-05-2021,BY,Belarus,EURO,1363,374714,10,2691
17-05-2021,BY,Belarus,EURO,1627,376341,10,2701
18-05-2021,BY,Belarus,EURO,1191,377532,10,2711
19-05-2021,BY,Belarus,EURO,1179,378711,10,2721
20-05-2021,BY,Belarus,EURO,1378,380089,11,2732
21-05-2021,BY,Belarus,EURO,1457,381546,10,2742
22-05-2021,BY,Belarus,EURO,1756,383302,10,2752
23-05-2021,BY,Belarus,EURO,1471,384773,9,2761
24-05-2021,BY,Belarus,EURO,1252,386025,10,2771
25-05-2021,BY,Belarus,EURO,953,386978,9,2780
26-05-2021,BY,Belarus,EURO,840,387818,11,2791
27-05-2021,BY,Belarus,EURO,1169,388987,10,2801
28-05-2021,BY,Belarus,EURO,1216,390203,10,2811
29-05-2021,BY,Belarus,EURO,1434,391637,10,2821
30-05-2021,BY,Belarus,EURO,0,391637,0,2821
01-01-2021,BE,Belgium,EURO,1721,649326,87,19715
02-01-2021,BE,Belgium,EURO,482,649808,50,19765
03-01-2021,BE,Belgium,EURO,1121,650929,64,19829
04-01-2021,BE,Belgium,EURO,821,651750,42,19871
05-01-2021,BE,Belgium,EURO,3122,654872,59,19930
06-01-2021,BE,Belgium,EURO,2823,657695,63,19993
07-01-2021,BE,Belgium,EURO,2518,660213,56,20049
08-01-2021,BE,Belgium,EURO,1982,662195,53,20102
09-01-2021,BE,Belgium,EURO,2052,664247,50,20152
10-01-2021,BE,Belgium,EURO,1395,665642,52,20204
11-01-2021,BE,Belgium,EURO,858,666500,56,20260
12-01-2021,BE,Belgium,EURO,3083,669583,53,20313
13-01-2021,BE,Belgium,EURO,2489,672072,51,20364
14-01-2021,BE,Belgium,EURO,2219,674291,41,20405
15-01-2021,BE,Belgium,EURO,2193,676484,62,20467
16-01-2021,BE,Belgium,EURO,2177,678661,48,20515
17-01-2021,BE,Belgium,EURO,1191,679852,46,20561
18-01-2021,BE,Belgium,EURO,722,680574,44,20605
19-01-2021,BE,Belgium,EURO,3049,683623,58,20663
20-01-2021,BE,Belgium,EURO,2487,686110,61,20724
21-01-2021,BE,Belgium,EURO,2546,688656,49,20773
22-01-2021,BE,Belgium,EURO,2387,691043,53,20826
23-01-2021,BE,Belgium,EURO,2637,693680,49,20875
24-01-2021,BE,Belgium,EURO,1399,695079,67,20942
25-01-2021,BE,Belgium,EURO,822,695901,39,20981
26-01-2021,BE,Belgium,EURO,3422,699323,44,21025
27-01-2021,BE,Belgium,EURO,2780,702103,52,21077
28-01-2021,BE,Belgium,EURO,2599,704702,41,21118
29-01-2021,BE,Belgium,EURO,2609,707311,55,21173
30-01-2021,BE,Belgium,EURO,3034,710345,44,21217
31-01-2021,BE,Belgium,EURO,1573,711918,29,21246
01-02-2021,BE,Belgium,EURO,863,712781,32,21278
02-02-2021,BE,Belgium,EURO,3383,716164,38,21316
03-02-2021,BE,Belgium,EURO,2683,718847,52,21368
04-02-2021,BE,Belgium,EURO,2416,721263,41,21409
05-02-2021,BE,Belgium,EURO,2414,723677,34,21443
06-02-2021,BE,Belgium,EURO,2486,726163,55,21498
07-02-2021,BE,Belgium,EURO,1271,727434,41,21539
08-02-2021,BE,Belgium,EURO,602,728036,40,21579
09-02-2021,BE,Belgium,EURO,2610,730646,37,21616
10-02-2021,BE,Belgium,EURO,2157,732803,41,21657
11-02-2021,BE,Belgium,EURO,2157,734960,42,21699
12-02-2021,BE,Belgium,EURO,2102,737062,35,21734
13-02-2021,BE,Belgium,EURO,2045,739107,43,21777
14-02-2021,BE,Belgium,EURO,1137,740244,31,21808
15-02-2021,BE,Belgium,EURO,612,740856,52,21860
16-02-2021,BE,Belgium,EURO,2793,743649,37,21897
17-02-2021,BE,Belgium,EURO,2398,746047,39,21936
18-02-2021,BE,Belgium,EURO,2557,748604,28,21964
19-02-2021,BE,Belgium,EURO,2579,751183,33,21997
20-02-2021,BE,Belgium,EURO,2845,754028,28,22025
21-02-2021,BE,Belgium,EURO,1561,755589,21,22046
22-02-2021,BE,Belgium,EURO,817,756406,26,22072
23-02-2021,BE,Belgium,EURO,3381,759787,20,22092
24-02-2021,BE,Belgium,EURO,2919,762706,25,22117
25-02-2021,BE,Belgium,EURO,2764,765470,22,22139
26-02-2021,BE,Belgium,EURO,2662,768132,28,22167
27-02-2021,BE,Belgium,EURO,2836,770968,22,22189
28-02-2021,BE,Belgium,EURO,1504,772472,29,22218
01-03-2021,BE,Belgium,EURO,718,773190,30,22248
02-03-2021,BE,Belgium,EURO,3244,776434,29,22277
03-03-2021,BE,Belgium,EURO,2775,779209,25,22302
04-03-2021,BE,Belgium,EURO,2772,781981,26,22328
05-03-2021,BE,Belgium,EURO,2708,784689,16,22344
06-03-2021,BE,Belgium,EURO,2751,787440,33,22377
07-03-2021,BE,Belgium,EURO,1524,788964,25,22402
08-03-2021,BE,Belgium,EURO,795,789759,19,22421
09-03-2021,BE,Belgium,EURO,3710,793469,36,22457
10-03-2021,BE,Belgium,EURO,3420,796889,23,22480
11-03-2021,BE,Belgium,EURO,3412,800301,24,22504
12-03-2021,BE,Belgium,EURO,3517,803818,26,22530
13-03-2021,BE,Belgium,EURO,3765,807583,20,22550
14-03-2021,BE,Belgium,EURO,2182,809765,24,22574
15-03-2021,BE,Belgium,EURO,1397,811162,20,22594
16-03-2021,BE,Belgium,EURO,5280,816442,25,22619
17-03-2021,BE,Belgium,EURO,4606,821048,27,22646
18-03-2021,BE,Belgium,EURO,4843,825891,25,22671
19-03-2021,BE,Belgium,EURO,5047,830938,26,22697
20-03-2021,BE,Belgium,EURO,5197,836135,31,22728
21-03-2021,BE,Belgium,EURO,2841,838976,24,22752
22-03-2021,BE,Belgium,EURO,1590,840566,24,22776
23-03-2021,BE,Belgium,EURO,6285,846851,33,22809
24-03-2021,BE,Belgium,EURO,5997,852848,24,22833
25-03-2021,BE,Belgium,EURO,5555,858403,27,22860
26-03-2021,BE,Belgium,EURO,5579,863982,34,22894
27-03-2021,BE,Belgium,EURO,5714,869696,20,22914
28-03-2021,BE,Belgium,EURO,3056,872752,28,22942
29-03-2021,BE,Belgium,EURO,1683,874435,23,22965
30-03-2021,BE,Belgium,EURO,6154,880589,31,22996
31-03-2021,BE,Belgium,EURO,5195,885784,33,23029
01-04-2021,BE,Belgium,EURO,4705,890489,31,23060
02-04-2021,BE,Belgium,EURO,4684,895173,40,23100
03-04-2021,BE,Belgium,EURO,4879,900052,46,23146
04-04-2021,BE,Belgium,EURO,2694,902746,40,23186
05-04-2021,BE,Belgium,EURO,1472,904218,36,23222
06-04-2021,BE,Belgium,EURO,1573,905791,49,23271
07-04-2021,BE,Belgium,EURO,5190,910981,45,23316
08-04-2021,BE,Belgium,EURO,4724,915705,42,23358
09-04-2021,BE,Belgium,EURO,4452,920157,43,23401
10-04-2021,BE,Belgium,EURO,4480,924637,44,23445
11-04-2021,BE,Belgium,EURO,2348,926985,46,23491
12-04-2021,BE,Belgium,EURO,1297,928282,22,23513
13-04-2021,BE,Belgium,EURO,4721,933003,43,23556
14-04-2021,BE,Belgium,EURO,4282,937285,37,23593
15-04-2021,BE,Belgium,EURO,3910,941195,39,23632
16-04-2021,BE,Belgium,EURO,3803,944998,42,23674
17-04-2021,BE,Belgium,EURO,4027,949025,45,23719
18-04-2021,BE,Belgium,EURO,2330,951355,30,23749
19-04-2021,BE,Belgium,EURO,1303,952658,34,23783
20-04-2021,BE,Belgium,EURO,5450,958108,50,23833
21-04-2021,BE,Belgium,EURO,4456,962564,36,23869
22-04-2021,BE,Belgium,EURO,4076,966640,36,23905
23-04-2021,BE,Belgium,EURO,3797,970437,43,23948
24-04-2021,BE,Belgium,EURO,3630,974067,42,23990
25-04-2021,BE,Belgium,EURO,1889,975956,35,24025
26-04-2021,BE,Belgium,EURO,1137,977093,39,24064
27-04-2021,BE,Belgium,EURO,4258,981351,44,24108
28-04-2021,BE,Belgium,EURO,3763,985114,26,24134
29-04-2021,BE,Belgium,EURO,3451,988565,49,24183
30-04-2021,BE,Belgium,EURO,3358,991923,46,24229
01-05-2021,BE,Belgium,EURO,3474,995397,33,24262
02-05-2021,BE,Belgium,EURO,1336,996733,28,24290
03-05-2021,BE,Belgium,EURO,1134,997867,34,24324
04-05-2021,BE,Belgium,EURO,4326,1002193,43,24367
05-05-2021,BE,Belgium,EURO,3652,1005845,40,24407
06-05-2021,BE,Belgium,EURO,3633,1009478,38,24445
07-05-2021,BE,Belgium,EURO,3490,1012968,38,24483
08-05-2021,BE,Belgium,EURO,3304,1016272,26,24509
09-05-2021,BE,Belgium,EURO,1706,1017978,42,24551
10-05-2021,BE,Belgium,EURO,867,1018845,32,24583
11-05-2021,BE,Belgium,EURO,3356,1022201,28,24611
12-05-2021,BE,Belgium,EURO,2988,1025189,17,24628
13-05-2021,BE,Belgium,EURO,2787,1027976,19,24647
14-05-2021,BE,Belgium,EURO,929,1028905,21,24668
15-05-2021,BE,Belgium,EURO,2555,1031460,20,24688
16-05-2021,BE,Belgium,EURO,1266,1032726,22,24710
17-05-2021,BE,Belgium,EURO,745,1033471,17,24727
18-05-2021,BE,Belgium,EURO,3591,1037062,24,24751
19-05-2021,BE,Belgium,EURO,3255,1040317,17,24768
20-05-2021,BE,Belgium,EURO,3145,1043462,25,24793
21-05-2021,BE,Belgium,EURO,2387,1045849,16,24809
22-05-2021,BE,Belgium,EURO,2437,1048286,17,24826
23-05-2021,BE,Belgium,EURO,1416,1049702,18,24844
24-05-2021,BE,Belgium,EURO,771,1050473,11,24855
25-05-2021,BE,Belgium,EURO,889,1051362,18,24873
26-05-2021,BE,Belgium,EURO,2738,1054100,15,24888
27-05-2021,BE,Belgium,EURO,2462,1056562,14,24902
28-05-2021,BE,Belgium,EURO,2122,1058684,6,24908
29-05-2021,BE,Belgium,EURO,1078,1059762,10,24918
30-05-2021,BE,Belgium,EURO,1,1059763,3,24921
01-01-2021,BZ,Belize,AMRO,56,10724,1,242
02-01-2021,BZ,Belize,AMRO,52,10776,6,248
03-01-2021,BZ,Belize,AMRO,31,10807,1,249
04-01-2021,BZ,Belize,AMRO,0,10807,0,249
05-01-2021,BZ,Belize,AMRO,94,10901,1,250
06-01-2021,BZ,Belize,AMRO,37,10938,7,257
07-01-2021,BZ,Belize,AMRO,80,11018,1,258
08-01-2021,BZ,Belize,AMRO,90,11108,2,260
09-01-2021,BZ,Belize,AMRO,44,11152,7,267
10-01-2021,BZ,Belize,AMRO,50,11202,4,271
11-01-2021,BZ,Belize,AMRO,64,11266,0,271
12-01-2021,BZ,Belize,AMRO,37,11303,3,274
13-01-2021,BZ,Belize,AMRO,29,11332,1,275
14-01-2021,BZ,Belize,AMRO,34,11366,2,277
15-01-2021,BZ,Belize,AMRO,53,11419,1,278
16-01-2021,BZ,Belize,AMRO,37,11456,2,280
17-01-2021,BZ,Belize,AMRO,73,11529,1,281
18-01-2021,BZ,Belize,AMRO,0,11529,0,281
19-01-2021,BZ,Belize,AMRO,51,11580,0,281
20-01-2021,BZ,Belize,AMRO,12,11592,1,282
21-01-2021,BZ,Belize,AMRO,23,11615,1,283
22-01-2021,BZ,Belize,AMRO,27,11642,3,286
23-01-2021,BZ,Belize,AMRO,34,11676,3,289
24-01-2021,BZ,Belize,AMRO,24,11700,1,290
25-01-2021,BZ,Belize,AMRO,22,11722,0,290
26-01-2021,BZ,Belize,AMRO,28,11750,0,290
27-01-2021,BZ,Belize,AMRO,20,11770,3,293
28-01-2021,BZ,Belize,AMRO,18,11788,0,293
29-01-2021,BZ,Belize,AMRO,28,11816,1,294
30-01-2021,BZ,Belize,AMRO,29,11845,4,298
31-01-2021,BZ,Belize,AMRO,32,11877,3,301
01-02-2021,BZ,Belize,AMRO,31,11908,0,301
02-02-2021,BZ,Belize,AMRO,0,11908,0,301
03-02-2021,BZ,Belize,AMRO,37,11945,1,302
04-02-2021,BZ,Belize,AMRO,12,11957,1,303
05-02-2021,BZ,Belize,AMRO,21,11978,3,306
06-02-2021,BZ,Belize,AMRO,30,12008,0,306
07-02-2021,BZ,Belize,AMRO,5,12013,0,306
08-02-2021,BZ,Belize,AMRO,24,12037,0,306
09-02-2021,BZ,Belize,AMRO,0,12037,0,306
10-02-2021,BZ,Belize,AMRO,33,12070,1,307
11-02-2021,BZ,Belize,AMRO,9,12079,3,310
12-02-2021,BZ,Belize,AMRO,28,12107,3,313
13-02-2021,BZ,Belize,AMRO,7,12114,0,313
14-02-2021,BZ,Belize,AMRO,20,12134,0,313
15-02-2021,BZ,Belize,AMRO,11,12145,0,313
16-02-2021,BZ,Belize,AMRO,0,12145,0,313
17-02-2021,BZ,Belize,AMRO,30,12175,0,313
18-02-2021,BZ,Belize,AMRO,13,12188,0,313
19-02-2021,BZ,Belize,AMRO,7,12195,1,314
20-02-2021,BZ,Belize,AMRO,12,12207,0,314
21-02-2021,BZ,Belize,AMRO,20,12227,0,314
22-02-2021,BZ,Belize,AMRO,17,12244,0,314
23-02-2021,BZ,Belize,AMRO,0,12244,0,314
24-02-2021,BZ,Belize,AMRO,11,12255,0,314
25-02-2021,BZ,Belize,AMRO,9,12264,0,314
26-02-2021,BZ,Belize,AMRO,7,12271,0,314
27-02-2021,BZ,Belize,AMRO,9,12280,0,314
28-02-2021,BZ,Belize,AMRO,13,12293,0,314
01-03-2021,BZ,Belize,AMRO,0,12293,0,314
02-03-2021,BZ,Belize,AMRO,0,12293,0,314
03-03-2021,BZ,Belize,AMRO,20,12313,0,314
04-03-2021,BZ,Belize,AMRO,7,12320,0,314
05-03-2021,BZ,Belize,AMRO,8,12328,0,314
06-03-2021,BZ,Belize,AMRO,1,12329,0,314
07-03-2021,BZ,Belize,AMRO,6,12335,1,315
08-03-2021,BZ,Belize,AMRO,0,12335,0,315
09-03-2021,BZ,Belize,AMRO,0,12335,0,315
10-03-2021,BZ,Belize,AMRO,0,12335,0,315
11-03-2021,BZ,Belize,AMRO,10,12345,1,316
12-03-2021,BZ,Belize,AMRO,10,12355,0,316
13-03-2021,BZ,Belize,AMRO,4,12359,0,316
14-03-2021,BZ,Belize,AMRO,11,12370,0,316
15-03-2021,BZ,Belize,AMRO,0,12370,0,316
16-03-2021,BZ,Belize,AMRO,0,12370,0,316
17-03-2021,BZ,Belize,AMRO,13,12383,0,316
18-03-2021,BZ,Belize,AMRO,6,12389,0,316
19-03-2021,BZ,Belize,AMRO,7,12396,0,316
20-03-2021,BZ,Belize,AMRO,3,12399,0,316
21-03-2021,BZ,Belize,AMRO,1,12400,0,316
22-03-2021,BZ,Belize,AMRO,0,12400,0,316
23-03-2021,BZ,Belize,AMRO,0,12400,0,316
24-03-2021,BZ,Belize,AMRO,7,12407,0,316
25-03-2021,BZ,Belize,AMRO,3,12410,0,316
26-03-2021,BZ,Belize,AMRO,0,12410,1,317
27-03-2021,BZ,Belize,AMRO,1,12411,0,317
28-03-2021,BZ,Belize,AMRO,4,12415,0,317
29-03-2021,BZ,Belize,AMRO,0,12415,0,317
30-03-2021,BZ,Belize,AMRO,0,12415,0,317
31-03-2021,BZ,Belize,AMRO,0,12415,0,317
01-04-2021,BZ,Belize,AMRO,37,12452,0,317
02-04-2021,BZ,Belize,AMRO,4,12456,0,317
03-04-2021,BZ,Belize,AMRO,0,12456,0,317
04-04-2021,BZ,Belize,AMRO,0,12456,0,317
05-04-2021,BZ,Belize,AMRO,0,12456,0,317
06-04-2021,BZ,Belize,AMRO,0,12456,0,317
07-04-2021,BZ,Belize,AMRO,0,12456,0,317
08-04-2021,BZ,Belize,AMRO,21,12477,1,318
09-04-2021,BZ,Belize,AMRO,8,12485,0,318
10-04-2021,BZ,Belize,AMRO,2,12487,0,318
11-04-2021,BZ,Belize,AMRO,0,12487,0,318
12-04-2021,BZ,Belize,AMRO,0,12487,0,318
13-04-2021,BZ,Belize,AMRO,0,12487,0,318
14-04-2021,BZ,Belize,AMRO,16,12503,0,318
15-04-2021,BZ,Belize,AMRO,10,12513,0,318
16-04-2021,BZ,Belize,AMRO,9,12522,0,318
17-04-2021,BZ,Belize,AMRO,7,12529,0,318
18-04-2021,BZ,Belize,AMRO,9,12538,0,318
19-04-2021,BZ,Belize,AMRO,0,12538,0,318
20-04-2021,BZ,Belize,AMRO,0,12538,0,318
21-04-2021,BZ,Belize,AMRO,20,12558,0,318
22-04-2021,BZ,Belize,AMRO,10,12568,0,318
23-04-2021,BZ,Belize,AMRO,17,12585,0,318
24-04-2021,BZ,Belize,AMRO,11,12596,2,320
25-04-2021,BZ,Belize,AMRO,3,12599,1,321
26-04-2021,BZ,Belize,AMRO,0,12599,0,321
27-04-2021,BZ,Belize,AMRO,0,12599,0,321
28-04-2021,BZ,Belize,AMRO,25,12624,1,322
29-04-2021,BZ,Belize,AMRO,7,12631,0,322
30-04-2021,BZ,Belize,AMRO,8,12639,1,323
01-05-2021,BZ,Belize,AMRO,7,12646,0,323
02-05-2021,BZ,Belize,AMRO,22,12668,0,323
03-05-2021,BZ,Belize,AMRO,0,12668,0,323
04-05-2021,BZ,Belize,AMRO,0,12668,0,323
05-05-2021,BZ,Belize,AMRO,6,12674,0,323
06-05-2021,BZ,Belize,AMRO,1,12675,0,323
07-05-2021,BZ,Belize,AMRO,5,12680,0,323
08-05-2021,BZ,Belize,AMRO,2,12682,0,323
09-05-2021,BZ,Belize,AMRO,4,12686,0,323
10-05-2021,BZ,Belize,AMRO,0,12686,0,323
11-05-2021,BZ,Belize,AMRO,0,12686,0,323
12-05-2021,BZ,Belize,AMRO,14,12700,0,323
13-05-2021,BZ,Belize,AMRO,4,12704,0,323
14-05-2021,BZ,Belize,AMRO,3,12707,0,323
15-05-2021,BZ,Belize,AMRO,2,12709,0,323
16-05-2021,BZ,Belize,AMRO,5,12714,0,323
17-05-2021,BZ,Belize,AMRO,0,12714,0,323
18-05-2021,BZ,Belize,AMRO,0,12714,0,323
19-05-2021,BZ,Belize,AMRO,28,12742,0,323
20-05-2021,BZ,Belize,AMRO,3,12745,0,323
21-05-2021,BZ,Belize,AMRO,8,12753,0,323
22-05-2021,BZ,Belize,AMRO,8,12761,0,323
23-05-2021,BZ,Belize,AMRO,3,12764,0,323
24-05-2021,BZ,Belize,AMRO,0,12764,0,323
25-05-2021,BZ,Belize,AMRO,0,12764,0,323
26-05-2021,BZ,Belize,AMRO,0,12764,0,323
27-05-2021,BZ,Belize,AMRO,13,12777,0,323
28-05-2021,BZ,Belize,AMRO,7,12784,0,323
29-05-2021,BZ,Belize,AMRO,5,12789,0,323
30-05-2021,BZ,Belize,AMRO,2,12791,1,324
01-01-2021,BJ,Benin,AFRO,0,3251,0,44
02-01-2021,BJ,Benin,AFRO,0,3251,0,44
03-01-2021,BJ,Benin,AFRO,0,3251,0,44
04-01-2021,BJ,Benin,AFRO,0,3251,0,44
05-01-2021,BJ,Benin,AFRO,0,3251,0,44
06-01-2021,BJ,Benin,AFRO,53,3304,0,44
07-01-2021,BJ,Benin,AFRO,0,3304,0,44
08-01-2021,BJ,Benin,AFRO,0,3304,0,44
09-01-2021,BJ,Benin,AFRO,0,3304,0,44
10-01-2021,BJ,Benin,AFRO,0,3304,0,44
11-01-2021,BJ,Benin,AFRO,0,3304,0,44
12-01-2021,BJ,Benin,AFRO,59,3363,2,46
13-01-2021,BJ,Benin,AFRO,50,3413,0,46
14-01-2021,BJ,Benin,AFRO,0,3413,0,46
15-01-2021,BJ,Benin,AFRO,0,3413,0,46
16-01-2021,BJ,Benin,AFRO,0,3413,0,46
17-01-2021,BJ,Benin,AFRO,0,3413,0,46
18-01-2021,BJ,Benin,AFRO,0,3413,0,46
19-01-2021,BJ,Benin,AFRO,0,3413,0,46
20-01-2021,BJ,Benin,AFRO,169,3582,2,48
21-01-2021,BJ,Benin,AFRO,0,3582,0,48
22-01-2021,BJ,Benin,AFRO,0,3582,0,48
23-01-2021,BJ,Benin,AFRO,61,3643,0,48
24-01-2021,BJ,Benin,AFRO,0,3643,0,48
25-01-2021,BJ,Benin,AFRO,0,3643,0,48
26-01-2021,BJ,Benin,AFRO,0,3643,0,48
27-01-2021,BJ,Benin,AFRO,143,3786,0,48
28-01-2021,BJ,Benin,AFRO,0,3786,0,48
29-01-2021,BJ,Benin,AFRO,0,3786,0,48
30-01-2021,BJ,Benin,AFRO,0,3786,0,48
31-01-2021,BJ,Benin,AFRO,0,3786,0,48
01-02-2021,BJ,Benin,AFRO,107,3893,4,52
02-02-2021,BJ,Benin,AFRO,0,3893,0,52
03-02-2021,BJ,Benin,AFRO,226,4119,2,54
04-02-2021,BJ,Benin,AFRO,0,4119,0,54
05-02-2021,BJ,Benin,AFRO,0,4119,0,54
06-02-2021,BJ,Benin,AFRO,74,4193,1,55
07-02-2021,BJ,Benin,AFRO,0,4193,0,55
08-02-2021,BJ,Benin,AFRO,0,4193,0,55
09-02-2021,BJ,Benin,AFRO,0,4193,0,55
10-02-2021,BJ,Benin,AFRO,367,4560,1,56
11-02-2021,BJ,Benin,AFRO,0,4560,0,56
12-02-2021,BJ,Benin,AFRO,0,4560,0,56
13-02-2021,BJ,Benin,AFRO,0,4560,0,56
14-02-2021,BJ,Benin,AFRO,0,4560,0,56
15-02-2021,BJ,Benin,AFRO,0,4560,0,56
16-02-2021,BJ,Benin,AFRO,479,5039,6,62
17-02-2021,BJ,Benin,AFRO,0,5039,0,62
18-02-2021,BJ,Benin,AFRO,104,5143,3,65
19-02-2021,BJ,Benin,AFRO,0,5143,0,65
20-02-2021,BJ,Benin,AFRO,0,5143,0,65
21-02-2021,BJ,Benin,AFRO,0,5143,0,65
22-02-2021,BJ,Benin,AFRO,291,5434,5,70
23-02-2021,BJ,Benin,AFRO,0,5434,0,70
24-02-2021,BJ,Benin,AFRO,200,5634,0,70
25-02-2021,BJ,Benin,AFRO,0,5634,0,70
26-02-2021,BJ,Benin,AFRO,0,5634,0,70
27-02-2021,BJ,Benin,AFRO,0,5634,0,70
28-02-2021,BJ,Benin,AFRO,0,5634,0,70
01-03-2021,BJ,Benin,AFRO,0,5634,0,70
02-03-2021,BJ,Benin,AFRO,0,5634,0,70
03-03-2021,BJ,Benin,AFRO,437,6071,5,75
04-03-2021,BJ,Benin,AFRO,0,6071,0,75
05-03-2021,BJ,Benin,AFRO,0,6071,0,75
06-03-2021,BJ,Benin,AFRO,0,6071,0,75
07-03-2021,BJ,Benin,AFRO,0,6071,0,75
08-03-2021,BJ,Benin,AFRO,0,6071,0,75
09-03-2021,BJ,Benin,AFRO,267,6338,6,81
10-03-2021,BJ,Benin,AFRO,166,6504,0,81
11-03-2021,BJ,Benin,AFRO,-3,6501,0,81
12-03-2021,BJ,Benin,AFRO,0,6501,0,81
13-03-2021,BJ,Benin,AFRO,0,6501,0,81
14-03-2021,BJ,Benin,AFRO,0,6501,0,81
15-03-2021,BJ,Benin,AFRO,0,6501,0,81
16-03-2021,BJ,Benin,AFRO,0,6501,0,81
17-03-2021,BJ,Benin,AFRO,317,6818,9,90
18-03-2021,BJ,Benin,AFRO,0,6818,0,90
19-03-2021,BJ,Benin,AFRO,0,6818,0,90
20-03-2021,BJ,Benin,AFRO,0,6818,0,90
21-03-2021,BJ,Benin,AFRO,0,6818,0,90
22-03-2021,BJ,Benin,AFRO,0,6818,0,90
23-03-2021,BJ,Benin,AFRO,0,6818,0,90
24-03-2021,BJ,Benin,AFRO,282,7100,0,90
25-03-2021,BJ,Benin,AFRO,0,7100,0,90
26-03-2021,BJ,Benin,AFRO,0,7100,0,90
27-03-2021,BJ,Benin,AFRO,0,7100,0,90
28-03-2021,BJ,Benin,AFRO,0,7100,0,90
29-03-2021,BJ,Benin,AFRO,0,7100,0,90
30-03-2021,BJ,Benin,AFRO,0,7100,0,90
31-03-2021,BJ,Benin,AFRO,0,7100,0,90
01-04-2021,BJ,Benin,AFRO,213,7313,3,93
02-04-2021,BJ,Benin,AFRO,0,7313,0,93
03-04-2021,BJ,Benin,AFRO,0,7313,0,93
04-04-2021,BJ,Benin,AFRO,0,7313,0,93
05-04-2021,BJ,Benin,AFRO,0,7313,0,93
06-04-2021,BJ,Benin,AFRO,0,7313,0,93
07-04-2021,BJ,Benin,AFRO,0,7313,0,93
08-04-2021,BJ,Benin,AFRO,202,7515,0,93
09-04-2021,BJ,Benin,AFRO,0,7515,0,93
10-04-2021,BJ,Benin,AFRO,0,7515,0,93
11-04-2021,BJ,Benin,AFRO,0,7515,0,93
12-04-2021,BJ,Benin,AFRO,0,7515,0,93
13-04-2021,BJ,Benin,AFRO,0,7515,0,93
14-04-2021,BJ,Benin,AFRO,96,7611,3,96
15-04-2021,BJ,Benin,AFRO,0,7611,0,96
16-04-2021,BJ,Benin,AFRO,0,7611,0,96
17-04-2021,BJ,Benin,AFRO,0,7611,0,96
18-04-2021,BJ,Benin,AFRO,0,7611,0,96
19-04-2021,BJ,Benin,AFRO,0,7611,0,96
20-04-2021,BJ,Benin,AFRO,0,7611,0,96
21-04-2021,BJ,Benin,AFRO,109,7720,1,97
22-04-2021,BJ,Benin,AFRO,0,7720,0,97
23-04-2021,BJ,Benin,AFRO,0,7720,0,97
24-04-2021,BJ,Benin,AFRO,0,7720,0,97
25-04-2021,BJ,Benin,AFRO,0,7720,0,97
26-04-2021,BJ,Benin,AFRO,0,7720,0,97
27-04-2021,BJ,Benin,AFRO,0,7720,0,97
28-04-2021,BJ,Benin,AFRO,101,7821,2,99
29-04-2021,BJ,Benin,AFRO,0,7821,0,99
30-04-2021,BJ,Benin,AFRO,0,7821,0,99
01-05-2021,BJ,Benin,AFRO,0,7821,0,99
02-05-2021,BJ,Benin,AFRO,0,7821,0,99
03-05-2021,BJ,Benin,AFRO,0,7821,0,99
04-05-2021,BJ,Benin,AFRO,63,7884,1,100
05-05-2021,BJ,Benin,AFRO,0,7884,0,100
06-05-2021,BJ,Benin,AFRO,0,7884,0,100
07-05-2021,BJ,Benin,AFRO,0,7884,0,100
08-05-2021,BJ,Benin,AFRO,0,7884,0,100
09-05-2021,BJ,Benin,AFRO,0,7884,0,100
10-05-2021,BJ,Benin,AFRO,0,7884,0,100
11-05-2021,BJ,Benin,AFRO,100,7984,1,101
12-05-2021,BJ,Benin,AFRO,0,7984,0,101
13-05-2021,BJ,Benin,AFRO,0,7984,0,101
14-05-2021,BJ,Benin,AFRO,0,7984,0,101
15-05-2021,BJ,Benin,AFRO,0,7984,0,101
16-05-2021,BJ,Benin,AFRO,0,7984,0,101
17-05-2021,BJ,Benin,AFRO,0,7984,0,101
18-05-2021,BJ,Benin,AFRO,0,7984,0,101
19-05-2021,BJ,Benin,AFRO,41,8025,0,101
20-05-2021,BJ,Benin,AFRO,0,8025,0,101
21-05-2021,BJ,Benin,AFRO,0,8025,0,101
22-05-2021,BJ,Benin,AFRO,0,8025,0,101
23-05-2021,BJ,Benin,AFRO,0,8025,0,101
24-05-2021,BJ,Benin,AFRO,0,8025,0,101
25-05-2021,BJ,Benin,AFRO,0,8025,0,101
26-05-2021,BJ,Benin,AFRO,33,8058,0,101
27-05-2021,BJ,Benin,AFRO,0,8058,0,101
28-05-2021,BJ,Benin,AFRO,0,8058,0,101
29-05-2021,BJ,Benin,AFRO,0,8058,0,101
30-05-2021,BJ,Benin,AFRO,0,8058,0,101
01-01-2021,BM,Bermuda,AMRO,9,604,0,10
02-01-2021,BM,Bermuda,AMRO,0,604,0,10
03-01-2021,BM,Bermuda,AMRO,0,604,0,10
04-01-2021,BM,Bermuda,AMRO,18,622,0,10
05-01-2021,BM,Bermuda,AMRO,0,622,0,10
06-01-2021,BM,Bermuda,AMRO,2,624,0,10
07-01-2021,BM,Bermuda,AMRO,8,632,1,11
08-01-2021,BM,Bermuda,AMRO,4,636,0,11
09-01-2021,BM,Bermuda,AMRO,5,641,1,12
10-01-2021,BM,Bermuda,AMRO,5,646,0,12
11-01-2021,BM,Bermuda,AMRO,6,652,0,12
12-01-2021,BM,Bermuda,AMRO,0,652,0,12
13-01-2021,BM,Bermuda,AMRO,4,656,0,12
14-01-2021,BM,Bermuda,AMRO,5,661,0,12
15-01-2021,BM,Bermuda,AMRO,3,664,0,12
16-01-2021,BM,Bermuda,AMRO,3,667,0,12
17-01-2021,BM,Bermuda,AMRO,3,670,0,12
18-01-2021,BM,Bermuda,AMRO,0,670,0,12
19-01-2021,BM,Bermuda,AMRO,0,670,0,12
20-01-2021,BM,Bermuda,AMRO,13,683,0,12
21-01-2021,BM,Bermuda,AMRO,1,684,0,12
22-01-2021,BM,Bermuda,AMRO,0,684,0,12
23-01-2021,BM,Bermuda,AMRO,2,686,0,12
24-01-2021,BM,Bermuda,AMRO,0,686,0,12
25-01-2021,BM,Bermuda,AMRO,0,686,0,12
26-01-2021,BM,Bermuda,AMRO,0,686,0,12
27-01-2021,BM,Bermuda,AMRO,0,686,0,12
28-01-2021,BM,Bermuda,AMRO,2,688,0,12
29-01-2021,BM,Bermuda,AMRO,1,689,0,12
30-01-2021,BM,Bermuda,AMRO,1,690,0,12
31-01-2021,BM,Bermuda,AMRO,1,691,0,12
01-02-2021,BM,Bermuda,AMRO,0,691,0,12
02-02-2021,BM,Bermuda,AMRO,0,691,0,12
03-02-2021,BM,Bermuda,AMRO,1,692,0,12
04-02-2021,BM,Bermuda,AMRO,0,692,0,12
05-02-2021,BM,Bermuda,AMRO,0,692,0,12
06-02-2021,BM,Bermuda,AMRO,0,692,0,12
07-02-2021,BM,Bermuda,AMRO,0,692,0,12
08-02-2021,BM,Bermuda,AMRO,0,692,0,12
09-02-2021,BM,Bermuda,AMRO,0,692,0,12
10-02-2021,BM,Bermuda,AMRO,2,694,0,12
11-02-2021,BM,Bermuda,AMRO,0,694,0,12
12-02-2021,BM,Bermuda,AMRO,0,694,0,12
13-02-2021,BM,Bermuda,AMRO,0,694,0,12
14-02-2021,BM,Bermuda,AMRO,0,694,0,12
15-02-2021,BM,Bermuda,AMRO,0,694,0,12
16-02-2021,BM,Bermuda,AMRO,1,695,0,12
17-02-2021,BM,Bermuda,AMRO,0,695,0,12
18-02-2021,BM,Bermuda,AMRO,0,695,0,12
19-02-2021,BM,Bermuda,AMRO,2,697,0,12
20-02-2021,BM,Bermuda,AMRO,2,699,0,12
21-02-2021,BM,Bermuda,AMRO,0,699,0,12
22-02-2021,BM,Bermuda,AMRO,0,699,0,12
23-02-2021,BM,Bermuda,AMRO,0,699,0,12
24-02-2021,BM,Bermuda,AMRO,0,699,0,12
25-02-2021,BM,Bermuda,AMRO,4,703,0,12
26-02-2021,BM,Bermuda,AMRO,0,703,0,12
27-02-2021,BM,Bermuda,AMRO,2,705,0,12
28-02-2021,BM,Bermuda,AMRO,0,705,0,12
01-03-2021,BM,Bermuda,AMRO,0,705,0,12
02-03-2021,BM,Bermuda,AMRO,0,705,0,12
03-03-2021,BM,Bermuda,AMRO,8,713,0,12
04-03-2021,BM,Bermuda,AMRO,0,713,0,12
05-03-2021,BM,Bermuda,AMRO,5,718,0,12
06-03-2021,BM,Bermuda,AMRO,3,721,0,12
07-03-2021,BM,Bermuda,AMRO,1,722,0,12
08-03-2021,BM,Bermuda,AMRO,0,722,0,12
09-03-2021,BM,Bermuda,AMRO,0,722,0,12
10-03-2021,BM,Bermuda,AMRO,2,724,0,12
11-03-2021,BM,Bermuda,AMRO,0,724,0,12
12-03-2021,BM,Bermuda,AMRO,7,731,0,12
13-03-2021,BM,Bermuda,AMRO,1,732,0,12
14-03-2021,BM,Bermuda,AMRO,3,735,0,12
15-03-2021,BM,Bermuda,AMRO,0,735,0,12
16-03-2021,BM,Bermuda,AMRO,0,735,0,12
17-03-2021,BM,Bermuda,AMRO,5,740,0,12
18-03-2021,BM,Bermuda,AMRO,2,742,0,12
19-03-2021,BM,Bermuda,AMRO,7,749,0,12
20-03-2021,BM,Bermuda,AMRO,18,767,0,12
21-03-2021,BM,Bermuda,AMRO,0,767,0,12
22-03-2021,BM,Bermuda,AMRO,22,789,0,12
23-03-2021,BM,Bermuda,AMRO,0,789,0,12
24-03-2021,BM,Bermuda,AMRO,41,830,0,12
25-03-2021,BM,Bermuda,AMRO,10,840,0,12
26-03-2021,BM,Bermuda,AMRO,40,880,0,12
27-03-2021,BM,Bermuda,AMRO,34,914,0,12
28-03-2021,BM,Bermuda,AMRO,33,947,0,12
29-03-2021,BM,Bermuda,AMRO,81,1028,0,12
30-03-2021,BM,Bermuda,AMRO,0,1028,0,12
31-03-2021,BM,Bermuda,AMRO,108,1136,0,12
01-04-2021,BM,Bermuda,AMRO,21,1157,0,12
02-04-2021,BM,Bermuda,AMRO,60,1217,0,12
03-04-2021,BM,Bermuda,AMRO,75,1292,0,12
04-04-2021,BM,Bermuda,AMRO,70,1362,0,12
05-04-2021,BM,Bermuda,AMRO,38,1400,0,12
06-04-2021,BM,Bermuda,AMRO,0,1400,2,14
07-04-2021,BM,Bermuda,AMRO,69,1469,0,14
08-04-2021,BM,Bermuda,AMRO,28,1497,0,14
09-04-2021,BM,Bermuda,AMRO,89,1586,0,14
10-04-2021,BM,Bermuda,AMRO,71,1657,0,14
11-04-2021,BM,Bermuda,AMRO,116,1773,0,14
12-04-2021,BM,Bermuda,AMRO,0,1773,0,14
13-04-2021,BM,Bermuda,AMRO,118,1891,2,16
14-04-2021,BM,Bermuda,AMRO,21,1912,0,16
15-04-2021,BM,Bermuda,AMRO,23,1935,0,16
16-04-2021,BM,Bermuda,AMRO,51,1986,1,17
17-04-2021,BM,Bermuda,AMRO,37,2023,0,17
18-04-2021,BM,Bermuda,AMRO,37,2060,0,17
19-04-2021,BM,Bermuda,AMRO,63,2123,1,18
20-04-2021,BM,Bermuda,AMRO,0,2123,1,19
21-04-2021,BM,Bermuda,AMRO,91,2214,1,20
22-04-2021,BM,Bermuda,AMRO,12,2226,0,20
23-04-2021,BM,Bermuda,AMRO,35,2261,2,22
24-04-2021,BM,Bermuda,AMRO,23,2284,1,23
25-04-2021,BM,Bermuda,AMRO,31,2315,0,23
26-04-2021,BM,Bermuda,AMRO,20,2335,0,23
27-04-2021,BM,Bermuda,AMRO,0,2335,0,23
28-04-2021,BM,Bermuda,AMRO,22,2357,1,24
29-04-2021,BM,Bermuda,AMRO,5,2362,0,24
30-04-2021,BM,Bermuda,AMRO,12,2374,0,24
01-05-2021,BM,Bermuda,AMRO,8,2382,3,27
02-05-2021,BM,Bermuda,AMRO,11,2393,1,28
03-05-2021,BM,Bermuda,AMRO,0,2393,1,29
04-05-2021,BM,Bermuda,AMRO,0,2393,0,29
05-05-2021,BM,Bermuda,AMRO,29,2422,1,30
06-05-2021,BM,Bermuda,AMRO,5,2427,0,30
07-05-2021,BM,Bermuda,AMRO,2,2429,0,30
08-05-2021,BM,Bermuda,AMRO,3,2432,0,30
09-05-2021,BM,Bermuda,AMRO,2,2434,0,30
10-05-2021,BM,Bermuda,AMRO,0,2434,1,31
11-05-2021,BM,Bermuda,AMRO,0,2434,0,31
12-05-2021,BM,Bermuda,AMRO,17,2451,0,31
13-05-2021,BM,Bermuda,AMRO,4,2455,0,31
14-05-2021,BM,Bermuda,AMRO,6,2461,0,31
15-05-2021,BM,Bermuda,AMRO,1,2462,1,32
16-05-2021,BM,Bermuda,AMRO,4,2466,0,32
17-05-2021,BM,Bermuda,AMRO,0,2466,0,32
18-05-2021,BM,Bermuda,AMRO,0,2466,0,32
19-05-2021,BM,Bermuda,AMRO,11,2477,0,32
20-05-2021,BM,Bermuda,AMRO,2,2479,0,32
21-05-2021,BM,Bermuda,AMRO,0,2479,0,32
22-05-2021,BM,Bermuda,AMRO,4,2483,0,32
23-05-2021,BM,Bermuda,AMRO,5,2488,0,32
24-05-2021,BM,Bermuda,AMRO,0,2488,0,32
25-05-2021,BM,Bermuda,AMRO,0,2488,0,32
26-05-2021,BM,Bermuda,AMRO,2,2490,0,32
27-05-2021,BM,Bermuda,AMRO,0,2490,0,32
28-05-2021,BM,Bermuda,AMRO,1,2491,0,32
29-05-2021,BM,Bermuda,AMRO,0,2491,0,32
30-05-2021,BM,Bermuda,AMRO,0,2491,0,32
01-01-2021,BT,Bhutan,SEARO,15,670,0,0
02-01-2021,BT,Bhutan,SEARO,19,689,0,0
03-01-2021,BT,Bhutan,SEARO,21,710,0,0
04-01-2021,BT,Bhutan,SEARO,6,716,0,0
05-01-2021,BT,Bhutan,SEARO,18,734,0,0
06-01-2021,BT,Bhutan,SEARO,0,734,0,0
07-01-2021,BT,Bhutan,SEARO,21,755,0,0
08-01-2021,BT,Bhutan,SEARO,12,767,0,0
09-01-2021,BT,Bhutan,SEARO,4,771,1,1
10-01-2021,BT,Bhutan,SEARO,39,810,0,1
11-01-2021,BT,Bhutan,SEARO,3,813,0,1
12-01-2021,BT,Bhutan,SEARO,12,825,0,1
13-01-2021,BT,Bhutan,SEARO,6,831,0,1
14-01-2021,BT,Bhutan,SEARO,2,833,0,1
15-01-2021,BT,Bhutan,SEARO,1,834,0,1
16-01-2021,BT,Bhutan,SEARO,3,837,0,1
17-01-2021,BT,Bhutan,SEARO,5,842,0,1
18-01-2021,BT,Bhutan,SEARO,0,842,0,1
19-01-2021,BT,Bhutan,SEARO,1,843,0,1
20-01-2021,BT,Bhutan,SEARO,5,848,0,1
21-01-2021,BT,Bhutan,SEARO,2,850,0,1
22-01-2021,BT,Bhutan,SEARO,1,851,0,1
23-01-2021,BT,Bhutan,SEARO,0,851,0,1
24-01-2021,BT,Bhutan,SEARO,3,854,0,1
25-01-2021,BT,Bhutan,SEARO,1,855,0,1
26-01-2021,BT,Bhutan,SEARO,1,856,0,1
27-01-2021,BT,Bhutan,SEARO,0,856,0,1
28-01-2021,BT,Bhutan,SEARO,0,856,0,1
29-01-2021,BT,Bhutan,SEARO,1,857,0,1
30-01-2021,BT,Bhutan,SEARO,1,858,0,1
31-01-2021,BT,Bhutan,SEARO,0,858,0,1
01-02-2021,BT,Bhutan,SEARO,1,859,0,1
02-02-2021,BT,Bhutan,SEARO,0,859,0,1
03-02-2021,BT,Bhutan,SEARO,0,859,0,1
04-02-2021,BT,Bhutan,SEARO,0,859,0,1
05-02-2021,BT,Bhutan,SEARO,0,859,0,1
06-02-2021,BT,Bhutan,SEARO,2,861,0,1
07-02-2021,BT,Bhutan,SEARO,0,861,0,1
08-02-2021,BT,Bhutan,SEARO,0,861,0,1
09-02-2021,BT,Bhutan,SEARO,0,861,0,1
10-02-2021,BT,Bhutan,SEARO,0,861,0,1
11-02-2021,BT,Bhutan,SEARO,0,861,0,1
12-02-2021,BT,Bhutan,SEARO,0,861,0,1
13-02-2021,BT,Bhutan,SEARO,2,863,0,1
14-02-2021,BT,Bhutan,SEARO,0,863,0,1
15-02-2021,BT,Bhutan,SEARO,1,864,0,1
16-02-2021,BT,Bhutan,SEARO,2,866,0,1
17-02-2021,BT,Bhutan,SEARO,0,866,0,1
18-02-2021,BT,Bhutan,SEARO,0,866,0,1
19-02-2021,BT,Bhutan,SEARO,0,866,0,1
20-02-2021,BT,Bhutan,SEARO,0,866,0,1
21-02-2021,BT,Bhutan,SEARO,0,866,0,1
22-02-2021,BT,Bhutan,SEARO,0,866,0,1
23-02-2021,BT,Bhutan,SEARO,0,866,0,1
24-02-2021,BT,Bhutan,SEARO,1,867,0,1
25-02-2021,BT,Bhutan,SEARO,0,867,0,1
26-02-2021,BT,Bhutan,SEARO,0,867,0,1
27-02-2021,BT,Bhutan,SEARO,0,867,0,1
28-02-2021,BT,Bhutan,SEARO,0,867,0,1
01-03-2021,BT,Bhutan,SEARO,0,867,0,1
02-03-2021,BT,Bhutan,SEARO,0,867,0,1
03-03-2021,BT,Bhutan,SEARO,0,867,0,1
04-03-2021,BT,Bhutan,SEARO,0,867,0,1
05-03-2021,BT,Bhutan,SEARO,0,867,0,1
06-03-2021,BT,Bhutan,SEARO,0,867,0,1
07-03-2021,BT,Bhutan,SEARO,1,868,0,1
08-03-2021,BT,Bhutan,SEARO,0,868,0,1
09-03-2021,BT,Bhutan,SEARO,0,868,0,1
10-03-2021,BT,Bhutan,SEARO,0,868,0,1
11-03-2021,BT,Bhutan,SEARO,0,868,0,1
12-03-2021,BT,Bhutan,SEARO,0,868,0,1
13-03-2021,BT,Bhutan,SEARO,0,868,0,1
14-03-2021,BT,Bhutan,SEARO,0,868,0,1
15-03-2021,BT,Bhutan,SEARO,0,868,0,1
16-03-2021,BT,Bhutan,SEARO,0,868,0,1
17-03-2021,BT,Bhutan,SEARO,0,868,0,1
18-03-2021,BT,Bhutan,SEARO,0,868,0,1
19-03-2021,BT,Bhutan,SEARO,0,868,0,1
20-03-2021,BT,Bhutan,SEARO,0,868,0,1
21-03-2021,BT,Bhutan,SEARO,0,868,0,1
22-03-2021,BT,Bhutan,SEARO,1,869,0,1
23-03-2021,BT,Bhutan,SEARO,0,869,0,1
24-03-2021,BT,Bhutan,SEARO,0,869,0,1
25-03-2021,BT,Bhutan,SEARO,1,870,0,1
26-03-2021,BT,Bhutan,SEARO,0,870,0,1
27-03-2021,BT,Bhutan,SEARO,0,870,0,1
28-03-2021,BT,Bhutan,SEARO,1,871,0,1
29-03-2021,BT,Bhutan,SEARO,1,872,0,1
30-03-2021,BT,Bhutan,SEARO,0,872,0,1
31-03-2021,BT,Bhutan,SEARO,0,872,0,1
01-04-2021,BT,Bhutan,SEARO,1,873,0,1
02-04-2021,BT,Bhutan,SEARO,13,886,0,1
03-04-2021,BT,Bhutan,SEARO,3,889,0,1
04-04-2021,BT,Bhutan,SEARO,2,891,0,1
05-04-2021,BT,Bhutan,SEARO,0,891,0,1
06-04-2021,BT,Bhutan,SEARO,0,891,0,1
07-04-2021,BT,Bhutan,SEARO,5,896,0,1
08-04-2021,BT,Bhutan,SEARO,4,900,0,1
09-04-2021,BT,Bhutan,SEARO,0,900,0,1
10-04-2021,BT,Bhutan,SEARO,6,906,0,1
11-04-2021,BT,Bhutan,SEARO,4,910,0,1
12-04-2021,BT,Bhutan,SEARO,8,918,0,1
13-04-2021,BT,Bhutan,SEARO,3,921,0,1
14-04-2021,BT,Bhutan,SEARO,6,927,0,1
15-04-2021,BT,Bhutan,SEARO,2,929,0,1
16-04-2021,BT,Bhutan,SEARO,5,934,0,1
17-04-2021,BT,Bhutan,SEARO,7,941,0,1
18-04-2021,BT,Bhutan,SEARO,11,952,0,1
19-04-2021,BT,Bhutan,SEARO,5,957,0,1
20-04-2021,BT,Bhutan,SEARO,4,961,0,1
21-04-2021,BT,Bhutan,SEARO,5,966,0,1
22-04-2021,BT,Bhutan,SEARO,20,986,0,1
23-04-2021,BT,Bhutan,SEARO,6,992,0,1
24-04-2021,BT,Bhutan,SEARO,16,1008,0,1
25-04-2021,BT,Bhutan,SEARO,10,1018,0,1
26-04-2021,BT,Bhutan,SEARO,4,1022,0,1
27-04-2021,BT,Bhutan,SEARO,4,1026,0,1
28-04-2021,BT,Bhutan,SEARO,27,1053,0,1
29-04-2021,BT,Bhutan,SEARO,6,1059,0,1
30-04-2021,BT,Bhutan,SEARO,7,1066,0,1
01-05-2021,BT,Bhutan,SEARO,8,1074,0,1
02-05-2021,BT,Bhutan,SEARO,32,1106,0,1
03-05-2021,BT,Bhutan,SEARO,5,1111,0,1
04-05-2021,BT,Bhutan,SEARO,8,1119,0,1
05-05-2021,BT,Bhutan,SEARO,16,1135,0,1
06-05-2021,BT,Bhutan,SEARO,9,1144,0,1
07-05-2021,BT,Bhutan,SEARO,17,1161,0,1
08-05-2021,BT,Bhutan,SEARO,29,1190,0,1
09-05-2021,BT,Bhutan,SEARO,12,1202,0,1
10-05-2021,BT,Bhutan,SEARO,19,1221,0,1
11-05-2021,BT,Bhutan,SEARO,20,1241,0,1
12-05-2021,BT,Bhutan,SEARO,6,1247,0,1
13-05-2021,BT,Bhutan,SEARO,10,1257,0,1
14-05-2021,BT,Bhutan,SEARO,6,1263,0,1
15-05-2021,BT,Bhutan,SEARO,13,1276,0,1
16-05-2021,BT,Bhutan,SEARO,3,1279,0,1
17-05-2021,BT,Bhutan,SEARO,7,1286,0,1
18-05-2021,BT,Bhutan,SEARO,10,1296,0,1
19-05-2021,BT,Bhutan,SEARO,13,1309,0,1
20-05-2021,BT,Bhutan,SEARO,13,1322,0,1
21-05-2021,BT,Bhutan,SEARO,16,1338,0,1
22-05-2021,BT,Bhutan,SEARO,36,1374,0,1
23-05-2021,BT,Bhutan,SEARO,18,1392,0,1
24-05-2021,BT,Bhutan,SEARO,2,1394,0,1
25-05-2021,BT,Bhutan,SEARO,17,1411,0,1
26-05-2021,BT,Bhutan,SEARO,12,1423,0,1
27-05-2021,BT,Bhutan,SEARO,41,1464,0,1
28-05-2021,BT,Bhutan,SEARO,27,1491,0,1
29-05-2021,BT,Bhutan,SEARO,12,1503,0,1
30-05-2021,BT,Bhutan,SEARO,100,1603,0,1
01-01-2021,BO,Bolivia (Plurinational State of),AMRO,1485,158372,14,9149
02-01-2021,BO,Bolivia (Plurinational State of),AMRO,1752,160124,16,9165
03-01-2021,BO,Bolivia (Plurinational State of),AMRO,1931,162055,21,9186
04-01-2021,BO,Bolivia (Plurinational State of),AMRO,0,162055,0,9186
05-01-2021,BO,Bolivia (Plurinational State of),AMRO,606,162661,15,9201
06-01-2021,BO,Bolivia (Plurinational State of),AMRO,1010,163671,18,9219
07-01-2021,BO,Bolivia (Plurinational State of),AMRO,1597,165268,22,9241
08-01-2021,BO,Bolivia (Plurinational State of),AMRO,1713,166981,46,9287
09-01-2021,BO,Bolivia (Plurinational State of),AMRO,1910,168891,17,9304
10-01-2021,BO,Bolivia (Plurinational State of),AMRO,2263,171154,24,9328
11-01-2021,BO,Bolivia (Plurinational State of),AMRO,1644,172798,23,9351
12-01-2021,BO,Bolivia (Plurinational State of),AMRO,1098,173896,25,9376
13-01-2021,BO,Bolivia (Plurinational State of),AMRO,1392,175288,39,9415
14-01-2021,BO,Bolivia (Plurinational State of),AMRO,1473,176761,39,9454
15-01-2021,BO,Bolivia (Plurinational State of),AMRO,2057,178818,39,9493
16-01-2021,BO,Bolivia (Plurinational State of),AMRO,2198,181016,37,9530
17-01-2021,BO,Bolivia (Plurinational State of),AMRO,2573,183589,41,9571
18-01-2021,BO,Bolivia (Plurinational State of),AMRO,2091,185680,25,9596
19-01-2021,BO,Bolivia (Plurinational State of),AMRO,1503,187183,40,9636
20-01-2021,BO,Bolivia (Plurinational State of),AMRO,1550,188733,44,9680
21-01-2021,BO,Bolivia (Plurinational State of),AMRO,2357,191090,42,9722
22-01-2021,BO,Bolivia (Plurinational State of),AMRO,2655,193745,42,9764
23-01-2021,BO,Bolivia (Plurinational State of),AMRO,2648,196393,54,9818
24-01-2021,BO,Bolivia (Plurinational State of),AMRO,1864,198257,53,9871
25-01-2021,BO,Bolivia (Plurinational State of),AMRO,1732,199989,56,9927
26-01-2021,BO,Bolivia (Plurinational State of),AMRO,1048,201037,58,9985
27-01-2021,BO,Bolivia (Plurinational State of),AMRO,1781,202818,66,10051
28-01-2021,BO,Bolivia (Plurinational State of),AMRO,2390,205208,54,10105
29-01-2021,BO,Bolivia (Plurinational State of),AMRO,2866,208074,62,10167
30-01-2021,BO,Bolivia (Plurinational State of),AMRO,2652,210726,59,10226
31-01-2021,BO,Bolivia (Plurinational State of),AMRO,2666,213392,0,10226
01-02-2021,BO,Bolivia (Plurinational State of),AMRO,2005,215397,104,10330
02-02-2021,BO,Bolivia (Plurinational State of),AMRO,1438,216835,49,10379
03-02-2021,BO,Bolivia (Plurinational State of),AMRO,1464,218299,60,10439
04-02-2021,BO,Bolivia (Plurinational State of),AMRO,2127,220426,74,10513
05-02-2021,BO,Bolivia (Plurinational State of),AMRO,2021,222447,58,10571
06-02-2021,BO,Bolivia (Plurinational State of),AMRO,1787,224234,62,10633
07-02-2021,BO,Bolivia (Plurinational State of),AMRO,1676,225910,54,10687
08-02-2021,BO,Bolivia (Plurinational State of),AMRO,1218,227128,66,10753
09-02-2021,BO,Bolivia (Plurinational State of),AMRO,839,227967,43,10796
10-02-2021,BO,Bolivia (Plurinational State of),AMRO,1220,229187,68,10864
11-02-2021,BO,Bolivia (Plurinational State of),AMRO,1544,230731,65,10929
12-02-2021,BO,Bolivia (Plurinational State of),AMRO,1771,232502,67,10996
13-02-2021,BO,Bolivia (Plurinational State of),AMRO,1352,233854,48,11044
14-02-2021,BO,Bolivia (Plurinational State of),AMRO,1244,235098,63,11107
15-02-2021,BO,Bolivia (Plurinational State of),AMRO,938,236036,48,11155
16-02-2021,BO,Bolivia (Plurinational State of),AMRO,696,236732,47,11202
17-02-2021,BO,Bolivia (Plurinational State of),AMRO,412,237144,32,11234
18-02-2021,BO,Bolivia (Plurinational State of),AMRO,562,237706,40,11274
19-02-2021,BO,Bolivia (Plurinational State of),AMRO,789,238495,29,11303
20-02-2021,BO,Bolivia (Plurinational State of),AMRO,1029,239524,50,11353
21-02-2021,BO,Bolivia (Plurinational State of),AMRO,1152,240676,37,11390
22-02-2021,BO,Bolivia (Plurinational State of),AMRO,1095,241771,27,11417
23-02-2021,BO,Bolivia (Plurinational State of),AMRO,521,242292,24,11441
24-02-2021,BO,Bolivia (Plurinational State of),AMRO,884,243176,29,11470
25-02-2021,BO,Bolivia (Plurinational State of),AMRO,1204,244380,38,11508
26-02-2021,BO,Bolivia (Plurinational State of),AMRO,1339,245719,39,11547
27-02-2021,BO,Bolivia (Plurinational State of),AMRO,1103,246822,30,11577
28-02-2021,BO,Bolivia (Plurinational State of),AMRO,1069,247891,32,11609
01-03-2021,BO,Bolivia (Plurinational State of),AMRO,656,248547,19,11628
02-03-2021,BO,Bolivia (Plurinational State of),AMRO,463,249010,21,11649
03-03-2021,BO,Bolivia (Plurinational State of),AMRO,757,249767,17,11666
04-03-2021,BO,Bolivia (Plurinational State of),AMRO,790,250557,37,11703
05-03-2021,BO,Bolivia (Plurinational State of),AMRO,834,251391,31,11734
06-03-2021,BO,Bolivia (Plurinational State of),AMRO,969,252360,27,11761
07-03-2021,BO,Bolivia (Plurinational State of),AMRO,937,253297,28,11789
08-03-2021,BO,Bolivia (Plurinational State of),AMRO,653,253950,18,11807
09-03-2021,BO,Bolivia (Plurinational State of),AMRO,323,254273,16,11823
10-03-2021,BO,Bolivia (Plurinational State of),AMRO,463,254736,22,11845
11-03-2021,BO,Bolivia (Plurinational State of),AMRO,885,255621,13,11858
12-03-2021,BO,Bolivia (Plurinational State of),AMRO,841,256462,26,11884
13-03-2021,BO,Bolivia (Plurinational State of),AMRO,778,257240,19,11903
14-03-2021,BO,Bolivia (Plurinational State of),AMRO,1084,258324,0,11903
15-03-2021,BO,Bolivia (Plurinational State of),AMRO,680,259004,41,11944
16-03-2021,BO,Bolivia (Plurinational State of),AMRO,385,259389,14,11958
17-03-2021,BO,Bolivia (Plurinational State of),AMRO,670,260059,16,11974
18-03-2021,BO,Bolivia (Plurinational State of),AMRO,929,260988,23,11997
19-03-2021,BO,Bolivia (Plurinational State of),AMRO,1068,262056,18,12015
20-03-2021,BO,Bolivia (Plurinational State of),AMRO,885,262941,13,12028
21-03-2021,BO,Bolivia (Plurinational State of),AMRO,867,263808,13,12041
22-03-2021,BO,Bolivia (Plurinational State of),AMRO,603,264411,10,12051
23-03-2021,BO,Bolivia (Plurinational State of),AMRO,223,264634,9,12060
24-03-2021,BO,Bolivia (Plurinational State of),AMRO,573,265207,14,12074
25-03-2021,BO,Bolivia (Plurinational State of),AMRO,879,266086,19,12093
26-03-2021,BO,Bolivia (Plurinational State of),AMRO,973,267059,14,12107
27-03-2021,BO,Bolivia (Plurinational State of),AMRO,774,267833,24,12131
28-03-2021,BO,Bolivia (Plurinational State of),AMRO,878,268711,12,12143
29-03-2021,BO,Bolivia (Plurinational State of),AMRO,591,269302,22,12165
30-03-2021,BO,Bolivia (Plurinational State of),AMRO,326,269628,21,12186
31-03-2021,BO,Bolivia (Plurinational State of),AMRO,719,270347,25,12211
01-04-2021,BO,Bolivia (Plurinational State of),AMRO,1072,271419,28,12239
02-04-2021,BO,Bolivia (Plurinational State of),AMRO,992,272411,18,12257
03-04-2021,BO,Bolivia (Plurinational State of),AMRO,916,273327,23,12280
04-04-2021,BO,Bolivia (Plurinational State of),AMRO,620,273947,25,12305
05-04-2021,BO,Bolivia (Plurinational State of),AMRO,520,274467,11,12316
06-04-2021,BO,Bolivia (Plurinational State of),AMRO,467,274934,8,12324
07-04-2021,BO,Bolivia (Plurinational State of),AMRO,458,275392,20,12344
08-04-2021,BO,Bolivia (Plurinational State of),AMRO,1498,276890,22,12366
09-04-2021,BO,Bolivia (Plurinational State of),AMRO,1076,277966,19,12385
10-04-2021,BO,Bolivia (Plurinational State of),AMRO,1241,279207,27,12412
11-04-2021,BO,Bolivia (Plurinational State of),AMRO,1442,280649,16,12428
12-04-2021,BO,Bolivia (Plurinational State of),AMRO,921,281570,14,12442
13-04-2021,BO,Bolivia (Plurinational State of),AMRO,525,282095,9,12451
14-04-2021,BO,Bolivia (Plurinational State of),AMRO,989,283084,18,12469
15-04-2021,BO,Bolivia (Plurinational State of),AMRO,1099,284183,27,12496
16-04-2021,BO,Bolivia (Plurinational State of),AMRO,1108,285291,23,12519
17-04-2021,BO,Bolivia (Plurinational State of),AMRO,823,286114,84,12603
18-04-2021,BO,Bolivia (Plurinational State of),AMRO,1246,287360,22,12625
19-04-2021,BO,Bolivia (Plurinational State of),AMRO,1185,288545,9,12634
20-04-2021,BO,Bolivia (Plurinational State of),AMRO,521,289066,14,12648
21-04-2021,BO,Bolivia (Plurinational State of),AMRO,1296,290362,18,12666
22-04-2021,BO,Bolivia (Plurinational State of),AMRO,1313,291675,29,12695
23-04-2021,BO,Bolivia (Plurinational State of),AMRO,1386,293061,36,12731
24-04-2021,BO,Bolivia (Plurinational State of),AMRO,1330,294391,27,12758
25-04-2021,BO,Bolivia (Plurinational State of),AMRO,1501,295892,25,12783
26-04-2021,BO,Bolivia (Plurinational State of),AMRO,1293,297185,29,12812
27-04-2021,BO,Bolivia (Plurinational State of),AMRO,474,297659,12,12824
28-04-2021,BO,Bolivia (Plurinational State of),AMRO,1119,298778,37,12861
29-04-2021,BO,Bolivia (Plurinational State of),AMRO,1480,300258,24,12885
30-04-2021,BO,Bolivia (Plurinational State of),AMRO,1573,301831,35,12920
01-05-2021,BO,Bolivia (Plurinational State of),AMRO,1901,303732,31,12951
02-05-2021,BO,Bolivia (Plurinational State of),AMRO,1862,305594,24,12975
03-05-2021,BO,Bolivia (Plurinational State of),AMRO,933,306527,34,13009
04-05-2021,BO,Bolivia (Plurinational State of),AMRO,1034,307561,12,13021
05-05-2021,BO,Bolivia (Plurinational State of),AMRO,1423,308984,14,13035
06-05-2021,BO,Bolivia (Plurinational State of),AMRO,1588,310572,47,13082
07-05-2021,BO,Bolivia (Plurinational State of),AMRO,1835,312407,41,13123
08-05-2021,BO,Bolivia (Plurinational State of),AMRO,1783,314190,28,13151
09-05-2021,BO,Bolivia (Plurinational State of),AMRO,1963,316153,31,13182
10-05-2021,BO,Bolivia (Plurinational State of),AMRO,1394,317547,23,13205
11-05-2021,BO,Bolivia (Plurinational State of),AMRO,1063,318610,23,13228
12-05-2021,BO,Bolivia (Plurinational State of),AMRO,1599,320209,30,13258
13-05-2021,BO,Bolivia (Plurinational State of),AMRO,2369,322578,50,13308
14-05-2021,BO,Bolivia (Plurinational State of),AMRO,2290,324868,37,13345
15-05-2021,BO,Bolivia (Plurinational State of),AMRO,2356,327224,64,13409
16-05-2021,BO,Bolivia (Plurinational State of),AMRO,2509,329733,42,13451
17-05-2021,BO,Bolivia (Plurinational State of),AMRO,1783,331516,42,13493
18-05-2021,BO,Bolivia (Plurinational State of),AMRO,1051,332567,24,13517
19-05-2021,BO,Bolivia (Plurinational State of),AMRO,2257,334824,49,13566
20-05-2021,BO,Bolivia (Plurinational State of),AMRO,2617,337441,69,13635
21-05-2021,BO,Bolivia (Plurinational State of),AMRO,2766,340207,58,13693
22-05-2021,BO,Bolivia (Plurinational State of),AMRO,2858,343065,87,13780
23-05-2021,BO,Bolivia (Plurinational State of),AMRO,3005,346070,77,13857
24-05-2021,BO,Bolivia (Plurinational State of),AMRO,2117,348187,53,13910
25-05-2021,BO,Bolivia (Plurinational State of),AMRO,1466,349653,55,13965
26-05-2021,BO,Bolivia (Plurinational State of),AMRO,2517,352170,59,14024
27-05-2021,BO,Bolivia (Plurinational State of),AMRO,3179,355349,100,14124
28-05-2021,BO,Bolivia (Plurinational State of),AMRO,3213,358562,102,14226
29-05-2021,BO,Bolivia (Plurinational State of),AMRO,3018,361580,86,14312
30-05-2021,BO,Bolivia (Plurinational State of),AMRO,2990,364570,65,14377
01-01-2021,XA,Bonaire,AMRO,3,165,0,3
02-01-2021,XA,Bonaire,AMRO,0,165,0,3
03-01-2021,XA,Bonaire,AMRO,0,165,0,3
04-01-2021,XA,Bonaire,AMRO,0,165,0,3
05-01-2021,XA,Bonaire,AMRO,52,217,0,3
06-01-2021,XA,Bonaire,AMRO,8,225,0,3
07-01-2021,XA,Bonaire,AMRO,12,237,0,3
08-01-2021,XA,Bonaire,AMRO,12,249,0,3
09-01-2021,XA,Bonaire,AMRO,5,254,0,3
10-01-2021,XA,Bonaire,AMRO,0,254,0,3
11-01-2021,XA,Bonaire,AMRO,0,254,0,3
12-01-2021,XA,Bonaire,AMRO,31,285,0,3
13-01-2021,XA,Bonaire,AMRO,25,310,0,3
14-01-2021,XA,Bonaire,AMRO,5,315,0,3
15-01-2021,XA,Bonaire,AMRO,3,318,0,3
16-01-2021,XA,Bonaire,AMRO,11,329,0,3
17-01-2021,XA,Bonaire,AMRO,0,329,0,3
18-01-2021,XA,Bonaire,AMRO,0,329,0,3
19-01-2021,XA,Bonaire,AMRO,11,340,0,3
20-01-2021,XA,Bonaire,AMRO,6,346,0,3
21-01-2021,XA,Bonaire,AMRO,2,348,0,3
22-01-2021,XA,Bonaire,AMRO,1,349,0,3
23-01-2021,XA,Bonaire,AMRO,1,350,0,3
24-01-2021,XA,Bonaire,AMRO,0,350,0,3
25-01-2021,XA,Bonaire,AMRO,0,350,0,3
26-01-2021,XA,Bonaire,AMRO,4,354,0,3
27-01-2021,XA,Bonaire,AMRO,2,356,0,3
28-01-2021,XA,Bonaire,AMRO,4,360,0,3
29-01-2021,XA,Bonaire,AMRO,2,362,0,3
30-01-2021,XA,Bonaire,AMRO,0,362,0,3
31-01-2021,XA,Bonaire,AMRO,0,362,0,3
01-02-2021,XA,Bonaire,AMRO,0,362,0,3
02-02-2021,XA,Bonaire,AMRO,4,366,0,3
03-02-2021,XA,Bonaire,AMRO,0,366,0,3
04-02-2021,XA,Bonaire,AMRO,0,366,0,3
05-02-2021,XA,Bonaire,AMRO,0,366,0,3
06-02-2021,XA,Bonaire,AMRO,0,366,0,3
07-02-2021,XA,Bonaire,AMRO,0,366,0,3
08-02-2021,XA,Bonaire,AMRO,0,366,0,3
09-02-2021,XA,Bonaire,AMRO,2,368,0,3
10-02-2021,XA,Bonaire,AMRO,0,368,0,3
11-02-2021,XA,Bonaire,AMRO,0,368,1,4
12-02-2021,XA,Bonaire,AMRO,1,369,0,4
13-02-2021,XA,Bonaire,AMRO,3,372,0,4
14-02-2021,XA,Bonaire,AMRO,0,372,0,4
15-02-2021,XA,Bonaire,AMRO,0,372,0,4
16-02-2021,XA,Bonaire,AMRO,6,378,0,4
17-02-2021,XA,Bonaire,AMRO,0,378,0,4
18-02-2021,XA,Bonaire,AMRO,2,380,0,4
19-02-2021,XA,Bonaire,AMRO,1,381,0,4
20-02-2021,XA,Bonaire,AMRO,6,387,0,4
21-02-2021,XA,Bonaire,AMRO,0,387,0,4
22-02-2021,XA,Bonaire,AMRO,0,387,0,4
23-02-2021,XA,Bonaire,AMRO,15,402,0,4
24-02-2021,XA,Bonaire,AMRO,1,403,0,4
25-02-2021,XA,Bonaire,AMRO,0,403,0,4
26-02-2021,XA,Bonaire,AMRO,0,403,0,4
27-02-2021,XA,Bonaire,AMRO,3,406,0,4
28-02-2021,XA,Bonaire,AMRO,0,406,0,4
01-03-2021,XA,Bonaire,AMRO,0,406,0,4
02-03-2021,XA,Bonaire,AMRO,9,415,0,4
03-03-2021,XA,Bonaire,AMRO,4,419,0,4
04-03-2021,XA,Bonaire,AMRO,5,424,0,4
05-03-2021,XA,Bonaire,AMRO,16,440,1,5
06-03-2021,XA,Bonaire,AMRO,15,455,0,5
07-03-2021,XA,Bonaire,AMRO,0,455,0,5
08-03-2021,XA,Bonaire,AMRO,0,455,0,5
09-03-2021,XA,Bonaire,AMRO,59,514,0,5
10-03-2021,XA,Bonaire,AMRO,24,538,0,5
11-03-2021,XA,Bonaire,AMRO,23,561,0,5
12-03-2021,XA,Bonaire,AMRO,35,596,1,6
13-03-2021,XA,Bonaire,AMRO,37,633,0,6
14-03-2021,XA,Bonaire,AMRO,0,633,0,6
15-03-2021,XA,Bonaire,AMRO,0,633,0,6
16-03-2021,XA,Bonaire,AMRO,104,737,0,6
17-03-2021,XA,Bonaire,AMRO,41,778,0,6
18-03-2021,XA,Bonaire,AMRO,62,840,0,6
19-03-2021,XA,Bonaire,AMRO,39,879,0,6
20-03-2021,XA,Bonaire,AMRO,40,919,0,6
21-03-2021,XA,Bonaire,AMRO,0,919,0,6
22-03-2021,XA,Bonaire,AMRO,0,919,0,6
23-03-2021,XA,Bonaire,AMRO,126,1045,2,8
24-03-2021,XA,Bonaire,AMRO,47,1092,1,9
25-03-2021,XA,Bonaire,AMRO,27,1119,1,10
26-03-2021,XA,Bonaire,AMRO,73,1192,0,10
27-03-2021,XA,Bonaire,AMRO,29,1221,0,10
28-03-2021,XA,Bonaire,AMRO,0,1221,0,10
29-03-2021,XA,Bonaire,AMRO,0,1221,0,10
30-03-2021,XA,Bonaire,AMRO,78,1299,0,10
31-03-2021,XA,Bonaire,AMRO,16,1315,0,10
01-04-2021,XA,Bonaire,AMRO,27,1342,0,10
02-04-2021,XA,Bonaire,AMRO,25,1367,0,10
03-04-2021,XA,Bonaire,AMRO,18,1385,1,11
04-04-2021,XA,Bonaire,AMRO,0,1385,0,11
05-04-2021,XA,Bonaire,AMRO,0,1385,0,11
06-04-2021,XA,Bonaire,AMRO,0,1385,0,11
07-04-2021,XA,Bonaire,AMRO,57,1442,3,14
08-04-2021,XA,Bonaire,AMRO,10,1452,0,14
09-04-2021,XA,Bonaire,AMRO,13,1465,0,14
10-04-2021,XA,Bonaire,AMRO,10,1475,0,14
11-04-2021,XA,Bonaire,AMRO,0,1475,0,14
12-04-2021,XA,Bonaire,AMRO,0,1475,0,14
13-04-2021,XA,Bonaire,AMRO,18,1493,0,14
14-04-2021,XA,Bonaire,AMRO,2,1495,0,14
15-04-2021,XA,Bonaire,AMRO,7,1502,0,14
16-04-2021,XA,Bonaire,AMRO,1,1503,0,14
17-04-2021,XA,Bonaire,AMRO,8,1511,0,14
18-04-2021,XA,Bonaire,AMRO,0,1511,0,14
19-04-2021,XA,Bonaire,AMRO,0,1511,0,14
20-04-2021,XA,Bonaire,AMRO,10,1521,1,15
21-04-2021,XA,Bonaire,AMRO,1,1522,0,15
22-04-2021,XA,Bonaire,AMRO,2,1524,0,15
23-04-2021,XA,Bonaire,AMRO,3,1527,0,15
24-04-2021,XA,Bonaire,AMRO,0,1527,0,15
25-04-2021,XA,Bonaire,AMRO,0,1527,0,15
26-04-2021,XA,Bonaire,AMRO,0,1527,0,15
27-04-2021,XA,Bonaire,AMRO,1,1528,0,15
28-04-2021,XA,Bonaire,AMRO,0,1528,0,15
29-04-2021,XA,Bonaire,AMRO,2,1530,0,15
30-04-2021,XA,Bonaire,AMRO,0,1530,1,16
01-05-2021,XA,Bonaire,AMRO,1,1531,0,16
02-05-2021,XA,Bonaire,AMRO,0,1531,0,16
03-05-2021,XA,Bonaire,AMRO,0,1531,0,16
04-05-2021,XA,Bonaire,AMRO,2,1533,0,16
05-05-2021,XA,Bonaire,AMRO,1,1534,0,16
06-05-2021,XA,Bonaire,AMRO,0,1534,0,16
07-05-2021,XA,Bonaire,AMRO,7,1541,0,16
08-05-2021,XA,Bonaire,AMRO,6,1547,0,16
09-05-2021,XA,Bonaire,AMRO,0,1547,0,16
10-05-2021,XA,Bonaire,AMRO,0,1547,0,16
11-05-2021,XA,Bonaire,AMRO,8,1555,1,17
12-05-2021,XA,Bonaire,AMRO,1,1556,0,17
13-05-2021,XA,Bonaire,AMRO,1,1557,0,17
14-05-2021,XA,Bonaire,AMRO,0,1557,0,17
15-05-2021,XA,Bonaire,AMRO,7,1564,0,17
16-05-2021,XA,Bonaire,AMRO,0,1564,0,17
17-05-2021,XA,Bonaire,AMRO,0,1564,0,17
18-05-2021,XA,Bonaire,AMRO,7,1571,0,17
19-05-2021,XA,Bonaire,AMRO,2,1573,0,17
20-05-2021,XA,Bonaire,AMRO,5,1578,0,17
21-05-2021,XA,Bonaire,AMRO,1,1579,0,17
22-05-2021,XA,Bonaire,AMRO,1,1580,0,17
23-05-2021,XA,Bonaire,AMRO,0,1580,0,17
24-05-2021,XA,Bonaire,AMRO,0,1580,0,17
25-05-2021,XA,Bonaire,AMRO,3,1583,0,17
26-05-2021,XA,Bonaire,AMRO,0,1583,0,17
27-05-2021,XA,Bonaire,AMRO,1,1584,0,17
28-05-2021,XA,Bonaire,AMRO,1,1585,0,17
29-05-2021,XA,Bonaire,AMRO,0,1585,0,17
30-05-2021,XA,Bonaire,AMRO,0,1585,0,17
01-01-2021,BA,Bosnia and Herzegovina,EURO,658,111643,22,4072
02-01-2021,BA,Bosnia and Herzegovina,EURO,500,112143,14,4086
03-01-2021,BA,Bosnia and Herzegovina,EURO,202,112345,14,4100
04-01-2021,BA,Bosnia and Herzegovina,EURO,300,112645,31,4131
05-01-2021,BA,Bosnia and Herzegovina,EURO,183,112828,48,4179
06-01-2021,BA,Bosnia and Herzegovina,EURO,564,113392,32,4211
07-01-2021,BA,Bosnia and Herzegovina,EURO,760,114152,37,4248
08-01-2021,BA,Bosnia and Herzegovina,EURO,250,114402,16,4264
09-01-2021,BA,Bosnia and Herzegovina,EURO,518,114920,21,4285
10-01-2021,BA,Bosnia and Herzegovina,EURO,459,115379,20,4305
11-01-2021,BA,Bosnia and Herzegovina,EURO,256,115635,25,4330
12-01-2021,BA,Bosnia and Herzegovina,EURO,123,115758,28,4358
13-01-2021,BA,Bosnia and Herzegovina,EURO,442,116200,15,4373
14-01-2021,BA,Bosnia and Herzegovina,EURO,468,116668,26,4399
15-01-2021,BA,Bosnia and Herzegovina,EURO,343,117011,12,4411
16-01-2021,BA,Bosnia and Herzegovina,EURO,320,117331,18,4429
17-01-2021,BA,Bosnia and Herzegovina,EURO,462,117793,20,4449
18-01-2021,BA,Bosnia and Herzegovina,EURO,180,117973,23,4472
19-01-2021,BA,Bosnia and Herzegovina,EURO,110,118083,14,4486
20-01-2021,BA,Bosnia and Herzegovina,EURO,300,118383,23,4509
21-01-2021,BA,Bosnia and Herzegovina,EURO,334,118717,12,4521
22-01-2021,BA,Bosnia and Herzegovina,EURO,489,119206,15,4536
23-01-2021,BA,Bosnia and Herzegovina,EURO,214,119420,19,4555
24-01-2021,BA,Bosnia and Herzegovina,EURO,420,119840,14,4569
25-01-2021,BA,Bosnia and Herzegovina,EURO,203,120043,5,4574
26-01-2021,BA,Bosnia and Herzegovina,EURO,100,120143,19,4593
27-01-2021,BA,Bosnia and Herzegovina,EURO,389,120532,28,4621
28-01-2021,BA,Bosnia and Herzegovina,EURO,332,120864,22,4643
29-01-2021,BA,Bosnia and Herzegovina,EURO,330,121194,16,4659
30-01-2021,BA,Bosnia and Herzegovina,EURO,303,121497,20,4679
31-01-2021,BA,Bosnia and Herzegovina,EURO,394,121891,17,4696
01-02-2021,BA,Bosnia and Herzegovina,EURO,195,122086,9,4705
02-02-2021,BA,Bosnia and Herzegovina,EURO,113,122199,19,4724
03-02-2021,BA,Bosnia and Herzegovina,EURO,262,122461,13,4737
04-02-2021,BA,Bosnia and Herzegovina,EURO,367,122828,8,4745
05-02-2021,BA,Bosnia and Herzegovina,EURO,314,123142,16,4761
06-02-2021,BA,Bosnia and Herzegovina,EURO,292,123434,14,4775
07-02-2021,BA,Bosnia and Herzegovina,EURO,270,123704,16,4791
08-02-2021,BA,Bosnia and Herzegovina,EURO,240,123944,9,4800
09-02-2021,BA,Bosnia and Herzegovina,EURO,157,124101,13,4813
10-02-2021,BA,Bosnia and Herzegovina,EURO,342,124443,21,4834
11-02-2021,BA,Bosnia and Herzegovina,EURO,253,124696,19,4853
12-02-2021,BA,Bosnia and Herzegovina,EURO,427,125123,15,4868
13-02-2021,BA,Bosnia and Herzegovina,EURO,279,125402,13,4881
14-02-2021,BA,Bosnia and Herzegovina,EURO,240,125642,11,4892
15-02-2021,BA,Bosnia and Herzegovina,EURO,381,126023,4,4896
16-02-2021,BA,Bosnia and Herzegovina,EURO,116,126139,20,4916
17-02-2021,BA,Bosnia and Herzegovina,EURO,274,126413,19,4935
18-02-2021,BA,Bosnia and Herzegovina,EURO,368,126781,14,4949
19-02-2021,BA,Bosnia and Herzegovina,EURO,354,127135,13,4962
20-02-2021,BA,Bosnia and Herzegovina,EURO,402,127537,17,4979
21-02-2021,BA,Bosnia and Herzegovina,EURO,512,128049,16,4995
22-02-2021,BA,Bosnia and Herzegovina,EURO,269,128318,12,5007
23-02-2021,BA,Bosnia and Herzegovina,EURO,343,128661,9,5016
24-02-2021,BA,Bosnia and Herzegovina,EURO,515,129176,18,5034
25-02-2021,BA,Bosnia and Herzegovina,EURO,577,129753,17,5051
26-02-2021,BA,Bosnia and Herzegovina,EURO,757,130510,11,5062
27-02-2021,BA,Bosnia and Herzegovina,EURO,469,130979,9,5071
28-02-2021,BA,Bosnia and Herzegovina,EURO,711,131690,17,5088
01-03-2021,BA,Bosnia and Herzegovina,EURO,448,132138,8,5096
02-03-2021,BA,Bosnia and Herzegovina,EURO,223,132361,20,5116
03-03-2021,BA,Bosnia and Herzegovina,EURO,727,133088,29,5145
04-03-2021,BA,Bosnia and Herzegovina,EURO,894,133982,29,5174
05-03-2021,BA,Bosnia and Herzegovina,EURO,910,134892,26,5200
06-03-2021,BA,Bosnia and Herzegovina,EURO,621,135513,28,5228
07-03-2021,BA,Bosnia and Herzegovina,EURO,985,136498,19,5247
08-03-2021,BA,Bosnia and Herzegovina,EURO,400,136898,12,5259
09-03-2021,BA,Bosnia and Herzegovina,EURO,393,137291,38,5297
10-03-2021,BA,Bosnia and Herzegovina,EURO,1251,138542,48,5345
11-03-2021,BA,Bosnia and Herzegovina,EURO,1110,139652,37,5382
12-03-2021,BA,Bosnia and Herzegovina,EURO,1338,140990,28,5410
13-03-2021,BA,Bosnia and Herzegovina,EURO,1170,142160,36,5446
14-03-2021,BA,Bosnia and Herzegovina,EURO,1058,143218,42,5488
15-03-2021,BA,Bosnia and Herzegovina,EURO,1031,144249,33,5521
16-03-2021,BA,Bosnia and Herzegovina,EURO,582,144831,63,5584
17-03-2021,BA,Bosnia and Herzegovina,EURO,1606,146437,53,5637
18-03-2021,BA,Bosnia and Herzegovina,EURO,1726,148163,35,5672
19-03-2021,BA,Bosnia and Herzegovina,EURO,1728,149891,57,5729
20-03-2021,BA,Bosnia and Herzegovina,EURO,1446,151337,44,5773
21-03-2021,BA,Bosnia and Herzegovina,EURO,1417,152754,44,5817
22-03-2021,BA,Bosnia and Herzegovina,EURO,1055,153809,48,5865
23-03-2021,BA,Bosnia and Herzegovina,EURO,818,154627,73,5938
24-03-2021,BA,Bosnia and Herzegovina,EURO,1719,156346,67,6005
25-03-2021,BA,Bosnia and Herzegovina,EURO,1852,158198,62,6067
26-03-2021,BA,Bosnia and Herzegovina,EURO,1965,160163,77,6144
27-03-2021,BA,Bosnia and Herzegovina,EURO,1869,162032,76,6220
28-03-2021,BA,Bosnia and Herzegovina,EURO,1843,163875,58,6278
29-03-2021,BA,Bosnia and Herzegovina,EURO,1056,164931,50,6328
30-03-2021,BA,Bosnia and Herzegovina,EURO,856,165787,99,6427
31-03-2021,BA,Bosnia and Herzegovina,EURO,1867,167654,92,6519
01-04-2021,BA,Bosnia and Herzegovina,EURO,1972,169626,80,6599
02-04-2021,BA,Bosnia and Herzegovina,EURO,1698,171324,76,6675
03-04-2021,BA,Bosnia and Herzegovina,EURO,2154,173478,88,6763
04-04-2021,BA,Bosnia and Herzegovina,EURO,1368,174846,40,6803
05-04-2021,BA,Bosnia and Herzegovina,EURO,931,175777,84,6887
06-04-2021,BA,Bosnia and Herzegovina,EURO,636,176413,66,6953
07-04-2021,BA,Bosnia and Herzegovina,EURO,1093,177506,99,7052
08-04-2021,BA,Bosnia and Herzegovina,EURO,1742,179248,80,7132
09-04-2021,BA,Bosnia and Herzegovina,EURO,1583,180831,84,7216
10-04-2021,BA,Bosnia and Herzegovina,EURO,1096,181927,82,7298
11-04-2021,BA,Bosnia and Herzegovina,EURO,1198,183125,60,7358
12-04-2021,BA,Bosnia and Herzegovina,EURO,1129,184254,47,7405
13-04-2021,BA,Bosnia and Herzegovina,EURO,444,184698,82,7487
14-04-2021,BA,Bosnia and Herzegovina,EURO,966,185664,79,7566
15-04-2021,BA,Bosnia and Herzegovina,EURO,708,186372,76,7642
16-04-2021,BA,Bosnia and Herzegovina,EURO,1343,187715,60,7702
17-04-2021,BA,Bosnia and Herzegovina,EURO,1279,188994,86,7788
18-04-2021,BA,Bosnia and Herzegovina,EURO,1302,190296,49,7837
19-04-2021,BA,Bosnia and Herzegovina,EURO,471,190767,33,7870
20-04-2021,BA,Bosnia and Herzegovina,EURO,387,191154,68,7938
21-04-2021,BA,Bosnia and Herzegovina,EURO,722,191876,87,8025
22-04-2021,BA,Bosnia and Herzegovina,EURO,1239,193115,57,8082
23-04-2021,BA,Bosnia and Herzegovina,EURO,1256,194371,82,8164
24-04-2021,BA,Bosnia and Herzegovina,EURO,362,194733,39,8203
25-04-2021,BA,Bosnia and Herzegovina,EURO,738,195471,39,8242
26-04-2021,BA,Bosnia and Herzegovina,EURO,320,195791,39,8281
27-04-2021,BA,Bosnia and Herzegovina,EURO,180,195971,69,8350
28-04-2021,BA,Bosnia and Herzegovina,EURO,761,196732,68,8418
29-04-2021,BA,Bosnia and Herzegovina,EURO,646,197378,46,8464
30-04-2021,BA,Bosnia and Herzegovina,EURO,488,197866,48,8512
01-05-2021,BA,Bosnia and Herzegovina,EURO,595,198461,39,8551
02-05-2021,BA,Bosnia and Herzegovina,EURO,371,198832,28,8579
03-05-2021,BA,Bosnia and Herzegovina,EURO,107,198939,15,8594
04-05-2021,BA,Bosnia and Herzegovina,EURO,244,199183,59,8653
05-05-2021,BA,Bosnia and Herzegovina,EURO,280,199463,60,8713
06-05-2021,BA,Bosnia and Herzegovina,EURO,419,199882,23,8736
07-05-2021,BA,Bosnia and Herzegovina,EURO,471,200353,26,8762
08-05-2021,BA,Bosnia and Herzegovina,EURO,340,200693,28,8790
09-05-2021,BA,Bosnia and Herzegovina,EURO,296,200989,21,8811
10-05-2021,BA,Bosnia and Herzegovina,EURO,127,201116,23,8834
11-05-2021,BA,Bosnia and Herzegovina,EURO,101,201217,28,8862
12-05-2021,BA,Bosnia and Herzegovina,EURO,295,201512,50,8912
13-05-2021,BA,Bosnia and Herzegovina,EURO,284,201796,31,8943
14-05-2021,BA,Bosnia and Herzegovina,EURO,207,202003,15,8958
15-05-2021,BA,Bosnia and Herzegovina,EURO,140,202143,23,8981
16-05-2021,BA,Bosnia and Herzegovina,EURO,170,202313,26,9007
17-05-2021,BA,Bosnia and Herzegovina,EURO,106,202419,19,9026
18-05-2021,BA,Bosnia and Herzegovina,EURO,71,202490,25,9051
19-05-2021,BA,Bosnia and Herzegovina,EURO,185,202675,19,9070
20-05-2021,BA,Bosnia and Herzegovina,EURO,172,202847,16,9086
21-05-2021,BA,Bosnia and Herzegovina,EURO,171,203018,10,9096
22-05-2021,BA,Bosnia and Herzegovina,EURO,132,203150,12,9108
23-05-2021,BA,Bosnia and Herzegovina,EURO,103,203253,9,9117
24-05-2021,BA,Bosnia and Herzegovina,EURO,83,203336,14,9131
25-05-2021,BA,Bosnia and Herzegovina,EURO,55,203391,19,9150
26-05-2021,BA,Bosnia and Herzegovina,EURO,122,203513,18,9168
27-05-2021,BA,Bosnia and Herzegovina,EURO,145,203658,16,9184
28-05-2021,BA,Bosnia and Herzegovina,EURO,104,203762,10,9194
29-05-2021,BA,Bosnia and Herzegovina,EURO,77,203839,17,9211
30-05-2021,BA,Bosnia and Herzegovina,EURO,99,203938,11,9222
01-01-2021,BW,Botswana,AFRO,0,14025,0,40
02-01-2021,BW,Botswana,AFRO,0,14025,0,40
03-01-2021,BW,Botswana,AFRO,780,14805,2,42
04-01-2021,BW,Botswana,AFRO,0,14805,0,42
05-01-2021,BW,Botswana,AFRO,0,14805,0,42
06-01-2021,BW,Botswana,AFRO,0,14805,0,42
07-01-2021,BW,Botswana,AFRO,0,14805,0,42
08-01-2021,BW,Botswana,AFRO,635,15440,3,45
09-01-2021,BW,Botswana,AFRO,611,16051,3,48
10-01-2021,BW,Botswana,AFRO,0,16051,0,48
11-01-2021,BW,Botswana,AFRO,0,16051,0,48
12-01-2021,BW,Botswana,AFRO,0,16051,0,48
13-01-2021,BW,Botswana,AFRO,0,16051,0,48
14-01-2021,BW,Botswana,AFRO,0,16051,0,48
15-01-2021,BW,Botswana,AFRO,0,16051,0,48
16-01-2021,BW,Botswana,AFRO,0,16051,0,48
17-01-2021,BW,Botswana,AFRO,0,16051,0,48
18-01-2021,BW,Botswana,AFRO,597,16648,23,71
19-01-2021,BW,Botswana,AFRO,1982,18630,17,88
20-01-2021,BW,Botswana,AFRO,0,18630,0,88
21-01-2021,BW,Botswana,AFRO,0,18630,0,88
22-01-2021,BW,Botswana,AFRO,0,18630,0,88
23-01-2021,BW,Botswana,AFRO,0,18630,0,88
24-01-2021,BW,Botswana,AFRO,0,18630,0,88
25-01-2021,BW,Botswana,AFRO,0,18630,0,88
26-01-2021,BW,Botswana,AFRO,1024,19654,17,105
27-01-2021,BW,Botswana,AFRO,1004,20658,19,124
28-01-2021,BW,Botswana,AFRO,0,20658,0,124
29-01-2021,BW,Botswana,AFRO,0,20658,0,124
30-01-2021,BW,Botswana,AFRO,635,21293,10,134
31-01-2021,BW,Botswana,AFRO,0,21293,0,134
01-02-2021,BW,Botswana,AFRO,0,21293,0,134
02-02-2021,BW,Botswana,AFRO,0,21293,0,134
03-02-2021,BW,Botswana,AFRO,0,21293,14,148
04-02-2021,BW,Botswana,AFRO,1445,22738,0,148
05-02-2021,BW,Botswana,AFRO,0,22738,0,148
06-02-2021,BW,Botswana,AFRO,765,23503,15,163
07-02-2021,BW,Botswana,AFRO,0,23503,0,163
08-02-2021,BW,Botswana,AFRO,0,23503,0,163
09-02-2021,BW,Botswana,AFRO,932,24435,16,179
10-02-2021,BW,Botswana,AFRO,0,24435,0,179
11-02-2021,BW,Botswana,AFRO,0,24435,0,179
12-02-2021,BW,Botswana,AFRO,0,24435,0,179
13-02-2021,BW,Botswana,AFRO,491,24926,23,202
14-02-2021,BW,Botswana,AFRO,0,24926,0,202
15-02-2021,BW,Botswana,AFRO,0,24926,0,202
16-02-2021,BW,Botswana,AFRO,876,25802,24,226
17-02-2021,BW,Botswana,AFRO,0,25802,0,226
18-02-2021,BW,Botswana,AFRO,10,25812,0,226
19-02-2021,BW,Botswana,AFRO,0,25812,0,226
20-02-2021,BW,Botswana,AFRO,712,26524,28,254
21-02-2021,BW,Botswana,AFRO,0,26524,0,254
22-02-2021,BW,Botswana,AFRO,0,26524,0,254
23-02-2021,BW,Botswana,AFRO,0,26524,0,254
24-02-2021,BW,Botswana,AFRO,1197,27721,46,300
25-02-2021,BW,Botswana,AFRO,0,27721,0,300
26-02-2021,BW,Botswana,AFRO,649,28370,10,310
27-02-2021,BW,Botswana,AFRO,0,28370,0,310
28-02-2021,BW,Botswana,AFRO,0,28370,0,310
01-03-2021,BW,Botswana,AFRO,0,28370,0,310
02-03-2021,BW,Botswana,AFRO,2357,30727,22,332
03-03-2021,BW,Botswana,AFRO,0,30727,0,332
04-03-2021,BW,Botswana,AFRO,0,30727,0,332
05-03-2021,BW,Botswana,AFRO,0,30727,0,332
06-03-2021,BW,Botswana,AFRO,931,31658,27,359
07-03-2021,BW,Botswana,AFRO,0,31658,0,359
08-03-2021,BW,Botswana,AFRO,0,31658,0,359
09-03-2021,BW,Botswana,AFRO,0,31658,0,359
10-03-2021,BW,Botswana,AFRO,1254,32912,54,413
11-03-2021,BW,Botswana,AFRO,0,32912,0,413
12-03-2021,BW,Botswana,AFRO,1186,34098,11,424
13-03-2021,BW,Botswana,AFRO,0,34098,0,424
14-03-2021,BW,Botswana,AFRO,0,34098,0,424
15-03-2021,BW,Botswana,AFRO,0,34098,0,424
16-03-2021,BW,Botswana,AFRO,0,34098,0,424
17-03-2021,BW,Botswana,AFRO,0,34098,0,424
18-03-2021,BW,Botswana,AFRO,901,34999,23,447
19-03-2021,BW,Botswana,AFRO,0,34999,0,447
20-03-2021,BW,Botswana,AFRO,0,34999,0,447
21-03-2021,BW,Botswana,AFRO,494,35493,11,458
22-03-2021,BW,Botswana,AFRO,0,35493,0,458
23-03-2021,BW,Botswana,AFRO,2066,37559,27,485
24-03-2021,BW,Botswana,AFRO,0,37559,0,485
25-03-2021,BW,Botswana,AFRO,0,37559,0,485
26-03-2021,BW,Botswana,AFRO,0,37559,0,485
27-03-2021,BW,Botswana,AFRO,907,38466,21,506
28-03-2021,BW,Botswana,AFRO,0,38466,0,506
29-03-2021,BW,Botswana,AFRO,0,38466,0,506
30-03-2021,BW,Botswana,AFRO,0,38466,0,506
31-03-2021,BW,Botswana,AFRO,1382,39848,62,568
01-04-2021,BW,Botswana,AFRO,0,39848,0,568
02-04-2021,BW,Botswana,AFRO,1030,40878,23,591
03-04-2021,BW,Botswana,AFRO,0,40878,0,591
04-04-2021,BW,Botswana,AFRO,0,40878,0,591
05-04-2021,BW,Botswana,AFRO,0,40878,0,591
06-04-2021,BW,Botswana,AFRO,832,41710,25,616
07-04-2021,BW,Botswana,AFRO,0,41710,0,616
08-04-2021,BW,Botswana,AFRO,0,41710,0,616
09-04-2021,BW,Botswana,AFRO,0,41710,0,616
10-04-2021,BW,Botswana,AFRO,964,42674,20,636
11-04-2021,BW,Botswana,AFRO,0,42674,0,636
12-04-2021,BW,Botswana,AFRO,0,42674,0,636
13-04-2021,BW,Botswana,AFRO,770,43444,27,663
14-04-2021,BW,Botswana,AFRO,0,43444,0,663
15-04-2021,BW,Botswana,AFRO,0,43444,0,663
16-04-2021,BW,Botswana,AFRO,631,44075,8,671
17-04-2021,BW,Botswana,AFRO,0,44075,0,671
18-04-2021,BW,Botswana,AFRO,0,44075,0,671
19-04-2021,BW,Botswana,AFRO,0,44075,0,671
20-04-2021,BW,Botswana,AFRO,627,44702,13,684
21-04-2021,BW,Botswana,AFRO,0,44702,0,684
22-04-2021,BW,Botswana,AFRO,0,44702,0,684
23-04-2021,BW,Botswana,AFRO,1153,45855,7,691
24-04-2021,BW,Botswana,AFRO,0,45855,0,691
25-04-2021,BW,Botswana,AFRO,0,45855,0,691
26-04-2021,BW,Botswana,AFRO,0,45855,0,691
27-04-2021,BW,Botswana,AFRO,0,45855,0,691
28-04-2021,BW,Botswana,AFRO,745,46600,11,702
29-04-2021,BW,Botswana,AFRO,0,46600,0,702
30-04-2021,BW,Botswana,AFRO,334,46934,10,712
01-05-2021,BW,Botswana,AFRO,0,46934,0,712
02-05-2021,BW,Botswana,AFRO,0,46934,0,712
03-05-2021,BW,Botswana,AFRO,0,46934,0,712
04-05-2021,BW,Botswana,AFRO,917,47851,12,724
05-05-2021,BW,Botswana,AFRO,0,47851,0,724
06-05-2021,BW,Botswana,AFRO,0,47851,0,724
07-05-2021,BW,Botswana,AFRO,566,48417,10,734
08-05-2021,BW,Botswana,AFRO,0,48417,0,734
09-05-2021,BW,Botswana,AFRO,0,48417,0,734
10-05-2021,BW,Botswana,AFRO,0,48417,0,734
11-05-2021,BW,Botswana,AFRO,624,49041,17,751
12-05-2021,BW,Botswana,AFRO,0,49041,0,751
13-05-2021,BW,Botswana,AFRO,0,49041,0,751
14-05-2021,BW,Botswana,AFRO,2497,51538,0,751
15-05-2021,BW,Botswana,AFRO,624,52162,10,761
16-05-2021,BW,Botswana,AFRO,0,52162,0,761
17-05-2021,BW,Botswana,AFRO,0,52162,0,761
18-05-2021,BW,Botswana,AFRO,1156,53318,13,774
19-05-2021,BW,Botswana,AFRO,0,53318,0,774
20-05-2021,BW,Botswana,AFRO,0,53318,0,774
21-05-2021,BW,Botswana,AFRO,833,54151,10,784
22-05-2021,BW,Botswana,AFRO,0,54151,0,784
23-05-2021,BW,Botswana,AFRO,0,54151,0,784
24-05-2021,BW,Botswana,AFRO,0,54151,0,784
25-05-2021,BW,Botswana,AFRO,1251,55402,25,809
26-05-2021,BW,Botswana,AFRO,0,55402,0,809
27-05-2021,BW,Botswana,AFRO,0,55402,0,809
28-05-2021,BW,Botswana,AFRO,911,56313,22,831
29-05-2021,BW,Botswana,AFRO,0,56313,0,831
30-05-2021,BW,Botswana,AFRO,0,56313,0,831
01-01-2021,BR,Brazil,AMRO,55649,7619200,1194,193875
02-01-2021,BR,Brazil,AMRO,56773,7675973,1074,194949
03-01-2021,BR,Brazil,AMRO,24605,7700578,462,195411
04-01-2021,BR,Brazil,AMRO,15827,7716405,314,195725
05-01-2021,BR,Brazil,AMRO,17341,7733746,293,196018
06-01-2021,BR,Brazil,AMRO,20006,7753752,543,196561
07-01-2021,BR,Brazil,AMRO,56648,7810400,1171,197732
08-01-2021,BR,Brazil,AMRO,63430,7873830,1242,198974
09-01-2021,BR,Brazil,AMRO,87843,7961673,1524,200498
10-01-2021,BR,Brazil,AMRO,52035,8013708,962,201460
11-01-2021,BR,Brazil,AMRO,62290,8075998,1171,202631
12-01-2021,BR,Brazil,AMRO,29792,8105790,469,203100
13-01-2021,BR,Brazil,AMRO,25822,8131612,480,203580
14-01-2021,BR,Brazil,AMRO,64025,8195637,1110,204690
15-01-2021,BR,Brazil,AMRO,60899,8256536,1274,205964
16-01-2021,BR,Brazil,AMRO,67758,8324294,1131,207095
17-01-2021,BR,Brazil,AMRO,69198,8393492,1151,208246
18-01-2021,BR,Brazil,AMRO,61567,8455059,1050,209296
19-01-2021,BR,Brazil,AMRO,33040,8488099,551,209847
20-01-2021,BR,Brazil,AMRO,23671,8511770,452,210299
21-01-2021,BR,Brazil,AMRO,62094,8573864,1192,211491
22-01-2021,BR,Brazil,AMRO,64385,8638249,1340,212831
23-01-2021,BR,Brazil,AMRO,59119,8697368,1316,214147
24-01-2021,BR,Brazil,AMRO,56552,8753920,1096,215243
25-01-2021,BR,Brazil,AMRO,62334,8816254,1202,216445
26-01-2021,BR,Brazil,AMRO,28323,8844577,592,217037
27-01-2021,BR,Brazil,AMRO,26816,8871393,627,217664
28-01-2021,BR,Brazil,AMRO,61963,8933356,1214,218878
29-01-2021,BR,Brazil,AMRO,63520,8996876,1283,220161
30-01-2021,BR,Brazil,AMRO,61811,9058687,1386,221547
31-01-2021,BR,Brazil,AMRO,59826,9118513,1119,222666
01-02-2021,BR,Brazil,AMRO,58462,9176975,1279,223945
02-02-2021,BR,Brazil,AMRO,27756,9204731,559,224504
03-02-2021,BR,Brazil,AMRO,24591,9229322,595,225099
04-02-2021,BR,Brazil,AMRO,54096,9283418,1210,226309
05-02-2021,BR,Brazil,AMRO,56002,9339420,1254,227563
06-02-2021,BR,Brazil,AMRO,56873,9396293,1232,228795
07-02-2021,BR,Brazil,AMRO,50872,9447165,1239,230034
08-02-2021,BR,Brazil,AMRO,50630,9497795,978,231012
09-02-2021,BR,Brazil,AMRO,26845,9524640,522,231534
10-02-2021,BR,Brazil,AMRO,23439,9548079,636,232170
11-02-2021,BR,Brazil,AMRO,51486,9599565,1350,233520
12-02-2021,BR,Brazil,AMRO,59602,9659167,1330,234850
13-02-2021,BR,Brazil,AMRO,54742,9713909,1351,236201
14-02-2021,BR,Brazil,AMRO,51546,9765455,1288,237489
15-02-2021,BR,Brazil,AMRO,44299,9809754,1043,238532
16-02-2021,BR,Brazil,AMRO,24759,9834513,713,239245
17-02-2021,BR,Brazil,AMRO,32197,9866710,528,239773
18-02-2021,BR,Brazil,AMRO,55271,9921981,1167,240940
19-02-2021,BR,Brazil,AMRO,56766,9978747,1150,242090
20-02-2021,BR,Brazil,AMRO,51879,10030626,1367,243457
21-02-2021,BR,Brazil,AMRO,51050,10081676,1308,244765
22-02-2021,BR,Brazil,AMRO,57472,10139148,1212,245977
23-02-2021,BR,Brazil,AMRO,29026,10168174,527,246504
24-02-2021,BR,Brazil,AMRO,26986,10195160,639,247143
25-02-2021,BR,Brazil,AMRO,62715,10257875,1386,248529
26-02-2021,BR,Brazil,AMRO,66588,10324463,1428,249957
27-02-2021,BR,Brazil,AMRO,65998,10390461,1541,251498
28-02-2021,BR,Brazil,AMRO,65169,10455630,1337,252835
01-03-2021,BR,Brazil,AMRO,61602,10517232,1386,254221
02-03-2021,BR,Brazil,AMRO,34027,10551259,721,254942
03-03-2021,BR,Brazil,AMRO,35742,10587001,778,255720
04-03-2021,BR,Brazil,AMRO,59925,10646926,1641,257361
05-03-2021,BR,Brazil,AMRO,71704,10718630,1910,259271
06-03-2021,BR,Brazil,AMRO,75102,10793732,1699,260970
07-03-2021,BR,Brazil,AMRO,75495,10869227,1800,262770
08-03-2021,BR,Brazil,AMRO,69609,10938836,1555,264325
09-03-2021,BR,Brazil,AMRO,80508,11019344,1086,265411
10-03-2021,BR,Brazil,AMRO,32321,11051665,987,266398
11-03-2021,BR,Brazil,AMRO,70764,11122429,1972,268370
12-03-2021,BR,Brazil,AMRO,79876,11202305,2286,270656
13-03-2021,BR,Brazil,AMRO,75412,11277717,2233,272889
14-03-2021,BR,Brazil,AMRO,85663,11363380,2216,275105
15-03-2021,BR,Brazil,AMRO,76178,11439558,1997,277102
16-03-2021,BR,Brazil,AMRO,43812,11483370,1127,278229
17-03-2021,BR,Brazil,AMRO,36239,11519609,1057,279286
18-03-2021,BR,Brazil,AMRO,83926,11603535,2841,282127
19-03-2021,BR,Brazil,AMRO,90303,11693838,2648,284775
20-03-2021,BR,Brazil,AMRO,86982,11780820,2724,287499
21-03-2021,BR,Brazil,AMRO,90570,11871390,2815,290314
22-03-2021,BR,Brazil,AMRO,79069,11950459,2438,292752
23-03-2021,BR,Brazil,AMRO,47774,11998233,1290,294042
24-03-2021,BR,Brazil,AMRO,49293,12047526,1383,295425
25-03-2021,BR,Brazil,AMRO,82493,12130019,3251,298676
26-03-2021,BR,Brazil,AMRO,89992,12220011,2009,300685
27-03-2021,BR,Brazil,AMRO,100158,12320169,2777,303462
28-03-2021,BR,Brazil,AMRO,84245,12404414,3650,307112
29-03-2021,BR,Brazil,AMRO,85948,12490362,3438,310550
30-03-2021,BR,Brazil,AMRO,44326,12534688,1656,312206
31-03-2021,BR,Brazil,AMRO,38927,12573615,1660,313866
01-04-2021,BR,Brazil,AMRO,84494,12658109,3780,317646
02-04-2021,BR,Brazil,AMRO,90638,12748747,3869,321515
03-04-2021,BR,Brazil,AMRO,91097,12839844,3769,325284
04-04-2021,BR,Brazil,AMRO,70238,12910082,2922,328206
05-04-2021,BR,Brazil,AMRO,43515,12953597,1987,330193
06-04-2021,BR,Brazil,AMRO,31359,12984956,1240,331433
07-04-2021,BR,Brazil,AMRO,28645,13013601,1319,332752
08-04-2021,BR,Brazil,AMRO,86979,13100580,4195,336947
09-04-2021,BR,Brazil,AMRO,92625,13193205,3829,340776
10-04-2021,BR,Brazil,AMRO,86652,13279857,4249,345025
11-04-2021,BR,Brazil,AMRO,93317,13373174,3693,348718
12-04-2021,BR,Brazil,AMRO,71832,13445006,2616,351334
13-04-2021,BR,Brazil,AMRO,37017,13482023,1803,353137
14-04-2021,BR,Brazil,AMRO,35785,13517808,1480,354617
15-04-2021,BR,Brazil,AMRO,82186,13599994,3808,358425
16-04-2021,BR,Brazil,AMRO,73513,13673507,3459,361884
17-04-2021,BR,Brazil,AMRO,73174,13746681,3560,365444
18-04-2021,BR,Brazil,AMRO,85774,13832455,3305,368749
19-04-2021,BR,Brazil,AMRO,67636,13900091,2929,371678
20-04-2021,BR,Brazil,AMRO,42980,13943071,1657,373335
21-04-2021,BR,Brazil,AMRO,30624,13973695,1347,374682
22-04-2021,BR,Brazil,AMRO,69381,14043076,3321,378003
23-04-2021,BR,Brazil,AMRO,79719,14122795,3472,381475
24-04-2021,BR,Brazil,AMRO,45178,14167973,2027,383502
25-04-2021,BR,Brazil,AMRO,69105,14237078,2914,386416
26-04-2021,BR,Brazil,AMRO,71137,14308215,3076,389492
27-04-2021,BR,Brazil,AMRO,32572,14340787,1305,390797
28-04-2021,BR,Brazil,AMRO,28636,14369423,1139,391936
29-04-2021,BR,Brazil,AMRO,72140,14441563,3086,395022
30-04-2021,BR,Brazil,AMRO,79726,14521289,3163,398185
01-05-2021,BR,Brazil,AMRO,69389,14590678,3001,401186
02-05-2021,BR,Brazil,AMRO,68333,14659011,2595,403781
03-05-2021,BR,Brazil,AMRO,66964,14725975,2656,406437
04-05-2021,BR,Brazil,AMRO,28935,14754910,1202,407639
05-05-2021,BR,Brazil,AMRO,24619,14779529,983,408622
06-05-2021,BR,Brazil,AMRO,77359,14856888,2966,411588
07-05-2021,BR,Brazil,AMRO,73295,14930183,2811,414399
08-05-2021,BR,Brazil,AMRO,73380,15003563,2550,416949
09-05-2021,BR,Brazil,AMRO,78886,15082449,2165,419114
10-05-2021,BR,Brazil,AMRO,63430,15145879,2202,421316
11-05-2021,BR,Brazil,AMRO,38911,15184790,1024,422340
12-05-2021,BR,Brazil,AMRO,25200,15209990,889,423229
13-05-2021,BR,Brazil,AMRO,72715,15282705,2311,425540
14-05-2021,BR,Brazil,AMRO,76692,15359397,2494,428034
15-05-2021,BR,Brazil,AMRO,74592,15433989,2383,430417
16-05-2021,BR,Brazil,AMRO,85536,15519525,2211,432628
17-05-2021,BR,Brazil,AMRO,67009,15586534,2087,434715
18-05-2021,BR,Brazil,AMRO,40941,15627475,1036,435751
19-05-2021,BR,Brazil,AMRO,29916,15657391,786,436537
20-05-2021,BR,Brazil,AMRO,75445,15732836,2513,439050
21-05-2021,BR,Brazil,AMRO,79219,15812055,2641,441691
22-05-2021,BR,Brazil,AMRO,82039,15894094,2403,444094
23-05-2021,BR,Brazil,AMRO,76855,15970949,2215,446309
24-05-2021,BR,Brazil,AMRO,76490,16047439,1899,448208
25-05-2021,BR,Brazil,AMRO,35819,16083258,860,449068
26-05-2021,BR,Brazil,AMRO,37498,16120756,790,449858
27-05-2021,BR,Brazil,AMRO,73453,16194209,2173,452031
28-05-2021,BR,Brazil,AMRO,80486,16274695,2398,454429
29-05-2021,BR,Brazil,AMRO,67467,16342162,2245,456674
30-05-2021,BR,Brazil,AMRO,49768,16391930,2371,459045
01-01-2021,VG,British Virgin Islands,AMRO,0,93,0,1
02-01-2021,VG,British Virgin Islands,AMRO,0,93,0,1
03-01-2021,VG,British Virgin Islands,AMRO,0,93,0,1
04-01-2021,VG,British Virgin Islands,AMRO,0,93,0,1
05-01-2021,VG,British Virgin Islands,AMRO,4,97,0,1
06-01-2021,VG,British Virgin Islands,AMRO,10,107,0,1
07-01-2021,VG,British Virgin Islands,AMRO,0,107,0,1
08-01-2021,VG,British Virgin Islands,AMRO,0,107,0,1
09-01-2021,VG,British Virgin Islands,AMRO,7,114,0,1
10-01-2021,VG,British Virgin Islands,AMRO,0,114,0,1
11-01-2021,VG,British Virgin Islands,AMRO,0,114,0,1
12-01-2021,VG,British Virgin Islands,AMRO,0,114,0,1
13-01-2021,VG,British Virgin Islands,AMRO,0,114,0,1
14-01-2021,VG,British Virgin Islands,AMRO,0,114,0,1
15-01-2021,VG,British Virgin Islands,AMRO,0,114,0,1
16-01-2021,VG,British Virgin Islands,AMRO,7,121,0,1
17-01-2021,VG,British Virgin Islands,AMRO,0,121,0,1
18-01-2021,VG,British Virgin Islands,AMRO,0,121,0,1
19-01-2021,VG,British Virgin Islands,AMRO,0,121,0,1
20-01-2021,VG,British Virgin Islands,AMRO,0,121,0,1
21-01-2021,VG,British Virgin Islands,AMRO,0,121,0,1
22-01-2021,VG,British Virgin Islands,AMRO,0,121,0,1
23-01-2021,VG,British Virgin Islands,AMRO,0,121,0,1
24-01-2021,VG,British Virgin Islands,AMRO,16,137,0,1
25-01-2021,VG,British Virgin Islands,AMRO,0,137,0,1
26-01-2021,VG,British Virgin Islands,AMRO,0,137,0,1
27-01-2021,VG,British Virgin Islands,AMRO,0,137,0,1
28-01-2021,VG,British Virgin Islands,AMRO,0,137,0,1
29-01-2021,VG,British Virgin Islands,AMRO,0,137,0,1
30-01-2021,VG,British Virgin Islands,AMRO,4,141,0,1
31-01-2021,VG,British Virgin Islands,AMRO,0,141,0,1
01-02-2021,VG,British Virgin Islands,AMRO,0,141,0,1
02-02-2021,VG,British Virgin Islands,AMRO,0,141,0,1
03-02-2021,VG,British Virgin Islands,AMRO,0,141,0,1
04-02-2021,VG,British Virgin Islands,AMRO,0,141,0,1
05-02-2021,VG,British Virgin Islands,AMRO,0,141,0,1
06-02-2021,VG,British Virgin Islands,AMRO,0,141,0,1
07-02-2021,VG,British Virgin Islands,AMRO,0,141,0,1
08-02-2021,VG,British Virgin Islands,AMRO,0,141,0,1
09-02-2021,VG,British Virgin Islands,AMRO,0,141,0,1
10-02-2021,VG,British Virgin Islands,AMRO,0,141,0,1
11-02-2021,VG,British Virgin Islands,AMRO,10,151,0,1
12-02-2021,VG,British Virgin Islands,AMRO,0,151,0,1
13-02-2021,VG,British Virgin Islands,AMRO,0,151,0,1
14-02-2021,VG,British Virgin Islands,AMRO,0,151,0,1
15-02-2021,VG,British Virgin Islands,AMRO,0,151,0,1
16-02-2021,VG,British Virgin Islands,AMRO,2,153,0,1
17-02-2021,VG,British Virgin Islands,AMRO,0,153,0,1
18-02-2021,VG,British Virgin Islands,AMRO,0,153,0,1
19-02-2021,VG,British Virgin Islands,AMRO,0,153,0,1
20-02-2021,VG,British Virgin Islands,AMRO,0,153,0,1
21-02-2021,VG,British Virgin Islands,AMRO,0,153,0,1
22-02-2021,VG,British Virgin Islands,AMRO,0,153,0,1
23-02-2021,VG,British Virgin Islands,AMRO,0,153,0,1
24-02-2021,VG,British Virgin Islands,AMRO,0,153,0,1
25-02-2021,VG,British Virgin Islands,AMRO,0,153,0,1
26-02-2021,VG,British Virgin Islands,AMRO,0,153,0,1
27-02-2021,VG,British Virgin Islands,AMRO,0,153,0,1
28-02-2021,VG,British Virgin Islands,AMRO,0,153,0,1
01-03-2021,VG,British Virgin Islands,AMRO,0,153,0,1
02-03-2021,VG,British Virgin Islands,AMRO,0,153,0,1
03-03-2021,VG,British Virgin Islands,AMRO,0,153,0,1
04-03-2021,VG,British Virgin Islands,AMRO,0,153,0,1
05-03-2021,VG,British Virgin Islands,AMRO,0,153,0,1
06-03-2021,VG,British Virgin Islands,AMRO,1,154,0,1
07-03-2021,VG,British Virgin Islands,AMRO,0,154,0,1
08-03-2021,VG,British Virgin Islands,AMRO,0,154,0,1
09-03-2021,VG,British Virgin Islands,AMRO,0,154,0,1
10-03-2021,VG,British Virgin Islands,AMRO,0,154,0,1
11-03-2021,VG,British Virgin Islands,AMRO,0,154,0,1
12-03-2021,VG,British Virgin Islands,AMRO,0,154,0,1
13-03-2021,VG,British Virgin Islands,AMRO,0,154,0,1
14-03-2021,VG,British Virgin Islands,AMRO,0,154,0,1
15-03-2021,VG,British Virgin Islands,AMRO,0,154,0,1
16-03-2021,VG,British Virgin Islands,AMRO,0,154,0,1
17-03-2021,VG,British Virgin Islands,AMRO,0,154,0,1
18-03-2021,VG,British Virgin Islands,AMRO,0,154,0,1
19-03-2021,VG,British Virgin Islands,AMRO,0,154,0,1
20-03-2021,VG,British Virgin Islands,AMRO,0,154,0,1
21-03-2021,VG,British Virgin Islands,AMRO,0,154,0,1
22-03-2021,VG,British Virgin Islands,AMRO,0,154,0,1
23-03-2021,VG,British Virgin Islands,AMRO,0,154,0,1
24-03-2021,VG,British Virgin Islands,AMRO,0,154,0,1
25-03-2021,VG,British Virgin Islands,AMRO,0,154,0,1
26-03-2021,VG,British Virgin Islands,AMRO,0,154,0,1
27-03-2021,VG,British Virgin Islands,AMRO,0,154,0,1
28-03-2021,VG,British Virgin Islands,AMRO,0,154,0,1
29-03-2021,VG,British Virgin Islands,AMRO,0,154,0,1
30-03-2021,VG,British Virgin Islands,AMRO,0,154,0,1
31-03-2021,VG,British Virgin Islands,AMRO,0,154,0,1
01-04-2021,VG,British Virgin Islands,AMRO,0,154,0,1
02-04-2021,VG,British Virgin Islands,AMRO,0,154,0,1
03-04-2021,VG,British Virgin Islands,AMRO,0,154,0,1
04-04-2021,VG,British Virgin Islands,AMRO,0,154,0,1
05-04-2021,VG,British Virgin Islands,AMRO,0,154,0,1
06-04-2021,VG,British Virgin Islands,AMRO,0,154,0,1
07-04-2021,VG,British Virgin Islands,AMRO,24,178,0,1
08-04-2021,VG,British Virgin Islands,AMRO,0,178,0,1
09-04-2021,VG,British Virgin Islands,AMRO,0,178,0,1
10-04-2021,VG,British Virgin Islands,AMRO,0,178,0,1
11-04-2021,VG,British Virgin Islands,AMRO,0,178,0,1
12-04-2021,VG,British Virgin Islands,AMRO,0,178,0,1
13-04-2021,VG,British Virgin Islands,AMRO,0,178,0,1
14-04-2021,VG,British Virgin Islands,AMRO,0,178,0,1
15-04-2021,VG,British Virgin Islands,AMRO,9,187,0,1
16-04-2021,VG,British Virgin Islands,AMRO,0,187,0,1
17-04-2021,VG,British Virgin Islands,AMRO,0,187,0,1
18-04-2021,VG,British Virgin Islands,AMRO,0,187,0,1
19-04-2021,VG,British Virgin Islands,AMRO,0,187,0,1
20-04-2021,VG,British Virgin Islands,AMRO,0,187,0,1
21-04-2021,VG,British Virgin Islands,AMRO,0,187,0,1
22-04-2021,VG,British Virgin Islands,AMRO,7,194,0,1
23-04-2021,VG,British Virgin Islands,AMRO,0,194,0,1
24-04-2021,VG,British Virgin Islands,AMRO,0,194,0,1
25-04-2021,VG,British Virgin Islands,AMRO,0,194,0,1
26-04-2021,VG,British Virgin Islands,AMRO,0,194,0,1
27-04-2021,VG,British Virgin Islands,AMRO,0,194,0,1
28-04-2021,VG,British Virgin Islands,AMRO,0,194,0,1
29-04-2021,VG,British Virgin Islands,AMRO,0,194,0,1
30-04-2021,VG,British Virgin Islands,AMRO,0,194,0,1
01-05-2021,VG,British Virgin Islands,AMRO,0,194,0,1
02-05-2021,VG,British Virgin Islands,AMRO,0,194,0,1
03-05-2021,VG,British Virgin Islands,AMRO,0,194,0,1
04-05-2021,VG,British Virgin Islands,AMRO,0,194,0,1
05-05-2021,VG,British Virgin Islands,AMRO,22,216,0,1
06-05-2021,VG,British Virgin Islands,AMRO,0,216,0,1
07-05-2021,VG,British Virgin Islands,AMRO,0,216,0,1
08-05-2021,VG,British Virgin Islands,AMRO,0,216,0,1
09-05-2021,VG,British Virgin Islands,AMRO,3,219,0,1
10-05-2021,VG,British Virgin Islands,AMRO,0,219,0,1
11-05-2021,VG,British Virgin Islands,AMRO,0,219,0,1
12-05-2021,VG,British Virgin Islands,AMRO,0,219,0,1
13-05-2021,VG,British Virgin Islands,AMRO,0,219,0,1
14-05-2021,VG,British Virgin Islands,AMRO,0,219,0,1
15-05-2021,VG,British Virgin Islands,AMRO,29,248,0,1
16-05-2021,VG,British Virgin Islands,AMRO,0,248,0,1
17-05-2021,VG,British Virgin Islands,AMRO,0,248,0,1
18-05-2021,VG,British Virgin Islands,AMRO,0,248,0,1
19-05-2021,VG,British Virgin Islands,AMRO,0,248,0,1
20-05-2021,VG,British Virgin Islands,AMRO,0,248,0,1
21-05-2021,VG,British Virgin Islands,AMRO,0,248,0,1
22-05-2021,VG,British Virgin Islands,AMRO,0,248,0,1
23-05-2021,VG,British Virgin Islands,AMRO,0,248,0,1
24-05-2021,VG,British Virgin Islands,AMRO,0,248,0,1
25-05-2021,VG,British Virgin Islands,AMRO,0,248,0,1
26-05-2021,VG,British Virgin Islands,AMRO,0,248,0,1
27-05-2021,VG,British Virgin Islands,AMRO,0,248,0,1
28-05-2021,VG,British Virgin Islands,AMRO,41,289,0,1
29-05-2021,VG,British Virgin Islands,AMRO,0,289,0,1
30-05-2021,VG,British Virgin Islands,AMRO,0,289,0,1
01-01-2021,BN,Brunei Darussalam,WPRO,0,157,0,3
02-01-2021,BN,Brunei Darussalam,WPRO,0,157,0,3
03-01-2021,BN,Brunei Darussalam,WPRO,0,157,0,3
04-01-2021,BN,Brunei Darussalam,WPRO,15,172,0,3
05-01-2021,BN,Brunei Darussalam,WPRO,0,172,0,3
06-01-2021,BN,Brunei Darussalam,WPRO,0,172,0,3
07-01-2021,BN,Brunei Darussalam,WPRO,0,172,0,3
08-01-2021,BN,Brunei Darussalam,WPRO,1,173,0,3
09-01-2021,BN,Brunei Darussalam,WPRO,0,173,0,3
10-01-2021,BN,Brunei Darussalam,WPRO,0,173,0,3
11-01-2021,BN,Brunei Darussalam,WPRO,0,173,0,3
12-01-2021,BN,Brunei Darussalam,WPRO,0,173,0,3
13-01-2021,BN,Brunei Darussalam,WPRO,1,174,0,3
14-01-2021,BN,Brunei Darussalam,WPRO,0,174,0,3
15-01-2021,BN,Brunei Darussalam,WPRO,0,174,0,3
16-01-2021,BN,Brunei Darussalam,WPRO,0,174,0,3
17-01-2021,BN,Brunei Darussalam,WPRO,0,174,0,3
18-01-2021,BN,Brunei Darussalam,WPRO,0,174,0,3
19-01-2021,BN,Brunei Darussalam,WPRO,0,174,0,3
20-01-2021,BN,Brunei Darussalam,WPRO,0,174,0,3
21-01-2021,BN,Brunei Darussalam,WPRO,0,174,0,3
22-01-2021,BN,Brunei Darussalam,WPRO,0,174,0,3
23-01-2021,BN,Brunei Darussalam,WPRO,1,175,0,3
24-01-2021,BN,Brunei Darussalam,WPRO,0,175,0,3
25-01-2021,BN,Brunei Darussalam,WPRO,0,175,0,3
26-01-2021,BN,Brunei Darussalam,WPRO,0,175,0,3
27-01-2021,BN,Brunei Darussalam,WPRO,1,176,0,3
28-01-2021,BN,Brunei Darussalam,WPRO,0,176,0,3
29-01-2021,BN,Brunei Darussalam,WPRO,4,180,0,3
30-01-2021,BN,Brunei Darussalam,WPRO,0,180,0,3
31-01-2021,BN,Brunei Darussalam,WPRO,0,180,0,3
01-02-2021,BN,Brunei Darussalam,WPRO,0,180,0,3
02-02-2021,BN,Brunei Darussalam,WPRO,0,180,0,3
03-02-2021,BN,Brunei Darussalam,WPRO,0,180,0,3
04-02-2021,BN,Brunei Darussalam,WPRO,0,180,0,3
05-02-2021,BN,Brunei Darussalam,WPRO,0,180,0,3
06-02-2021,BN,Brunei Darussalam,WPRO,1,181,0,3
07-02-2021,BN,Brunei Darussalam,WPRO,0,181,0,3
08-02-2021,BN,Brunei Darussalam,WPRO,0,181,0,3
09-02-2021,BN,Brunei Darussalam,WPRO,1,182,0,3
10-02-2021,BN,Brunei Darussalam,WPRO,0,182,0,3
11-02-2021,BN,Brunei Darussalam,WPRO,1,183,0,3
12-02-2021,BN,Brunei Darussalam,WPRO,1,184,0,3
13-02-2021,BN,Brunei Darussalam,WPRO,0,184,0,3
14-02-2021,BN,Brunei Darussalam,WPRO,0,184,0,3
15-02-2021,BN,Brunei Darussalam,WPRO,0,184,0,3
16-02-2021,BN,Brunei Darussalam,WPRO,0,184,0,3
17-02-2021,BN,Brunei Darussalam,WPRO,0,184,0,3
18-02-2021,BN,Brunei Darussalam,WPRO,1,185,0,3
19-02-2021,BN,Brunei Darussalam,WPRO,0,185,0,3
20-02-2021,BN,Brunei Darussalam,WPRO,0,185,0,3
21-02-2021,BN,Brunei Darussalam,WPRO,0,185,0,3
22-02-2021,BN,Brunei Darussalam,WPRO,0,185,0,3
23-02-2021,BN,Brunei Darussalam,WPRO,0,185,0,3
24-02-2021,BN,Brunei Darussalam,WPRO,0,185,0,3
25-02-2021,BN,Brunei Darussalam,WPRO,0,185,0,3
26-02-2021,BN,Brunei Darussalam,WPRO,0,185,0,3
27-02-2021,BN,Brunei Darussalam,WPRO,1,186,0,3
28-02-2021,BN,Brunei Darussalam,WPRO,0,186,0,3
01-03-2021,BN,Brunei Darussalam,WPRO,0,186,0,3
02-03-2021,BN,Brunei Darussalam,WPRO,1,187,0,3
03-03-2021,BN,Brunei Darussalam,WPRO,0,187,0,3
04-03-2021,BN,Brunei Darussalam,WPRO,0,187,0,3
05-03-2021,BN,Brunei Darussalam,WPRO,1,188,0,3
06-03-2021,BN,Brunei Darussalam,WPRO,0,188,0,3
07-03-2021,BN,Brunei Darussalam,WPRO,1,189,0,3
08-03-2021,BN,Brunei Darussalam,WPRO,1,190,0,3
09-03-2021,BN,Brunei Darussalam,WPRO,0,190,0,3
10-03-2021,BN,Brunei Darussalam,WPRO,1,191,0,3
11-03-2021,BN,Brunei Darussalam,WPRO,1,192,0,3
12-03-2021,BN,Brunei Darussalam,WPRO,0,192,0,3
13-03-2021,BN,Brunei Darussalam,WPRO,0,192,0,3
14-03-2021,BN,Brunei Darussalam,WPRO,0,192,0,3
15-03-2021,BN,Brunei Darussalam,WPRO,7,199,0,3
16-03-2021,BN,Brunei Darussalam,WPRO,0,199,0,3
17-03-2021,BN,Brunei Darussalam,WPRO,3,202,0,3
18-03-2021,BN,Brunei Darussalam,WPRO,1,203,0,3
19-03-2021,BN,Brunei Darussalam,WPRO,0,203,0,3
20-03-2021,BN,Brunei Darussalam,WPRO,0,203,0,3
21-03-2021,BN,Brunei Darussalam,WPRO,2,205,0,3
22-03-2021,BN,Brunei Darussalam,WPRO,1,206,0,3
23-03-2021,BN,Brunei Darussalam,WPRO,0,206,0,3
24-03-2021,BN,Brunei Darussalam,WPRO,0,206,0,3
25-03-2021,BN,Brunei Darussalam,WPRO,0,206,0,3
26-03-2021,BN,Brunei Darussalam,WPRO,0,206,0,3
27-03-2021,BN,Brunei Darussalam,WPRO,0,206,0,3
28-03-2021,BN,Brunei Darussalam,WPRO,0,206,0,3
29-03-2021,BN,Brunei Darussalam,WPRO,1,207,0,3
30-03-2021,BN,Brunei Darussalam,WPRO,0,207,0,3
31-03-2021,BN,Brunei Darussalam,WPRO,3,210,0,3
01-04-2021,BN,Brunei Darussalam,WPRO,2,212,0,3
02-04-2021,BN,Brunei Darussalam,WPRO,1,213,0,3
03-04-2021,BN,Brunei Darussalam,WPRO,0,213,0,3
04-04-2021,BN,Brunei Darussalam,WPRO,1,214,0,3
05-04-2021,BN,Brunei Darussalam,WPRO,0,214,0,3
06-04-2021,BN,Brunei Darussalam,WPRO,0,214,0,3
07-04-2021,BN,Brunei Darussalam,WPRO,0,214,0,3
08-04-2021,BN,Brunei Darussalam,WPRO,1,215,0,3
09-04-2021,BN,Brunei Darussalam,WPRO,1,216,0,3
10-04-2021,BN,Brunei Darussalam,WPRO,3,219,0,3
11-04-2021,BN,Brunei Darussalam,WPRO,0,219,0,3
12-04-2021,BN,Brunei Darussalam,WPRO,0,219,0,3
13-04-2021,BN,Brunei Darussalam,WPRO,0,219,0,3
14-04-2021,BN,Brunei Darussalam,WPRO,0,219,0,3
15-04-2021,BN,Brunei Darussalam,WPRO,2,221,0,3
16-04-2021,BN,Brunei Darussalam,WPRO,0,221,0,3
17-04-2021,BN,Brunei Darussalam,WPRO,0,221,0,3
18-04-2021,BN,Brunei Darussalam,WPRO,0,221,0,3
19-04-2021,BN,Brunei Darussalam,WPRO,0,221,0,3
20-04-2021,BN,Brunei Darussalam,WPRO,0,221,0,3
21-04-2021,BN,Brunei Darussalam,WPRO,2,223,0,3
22-04-2021,BN,Brunei Darussalam,WPRO,0,223,0,3
23-04-2021,BN,Brunei Darussalam,WPRO,0,223,0,3
24-04-2021,BN,Brunei Darussalam,WPRO,0,223,0,3
25-04-2021,BN,Brunei Darussalam,WPRO,0,223,0,3
26-04-2021,BN,Brunei Darussalam,WPRO,0,223,0,3
27-04-2021,BN,Brunei Darussalam,WPRO,0,223,0,3
28-04-2021,BN,Brunei Darussalam,WPRO,0,223,0,3
29-04-2021,BN,Brunei Darussalam,WPRO,1,224,0,3
30-04-2021,BN,Brunei Darussalam,WPRO,0,224,0,3
01-05-2021,BN,Brunei Darussalam,WPRO,1,225,0,3
02-05-2021,BN,Brunei Darussalam,WPRO,2,227,0,3
03-05-2021,BN,Brunei Darussalam,WPRO,0,227,0,3
04-05-2021,BN,Brunei Darussalam,WPRO,0,227,0,3
05-05-2021,BN,Brunei Darussalam,WPRO,1,228,0,3
06-05-2021,BN,Brunei Darussalam,WPRO,0,228,0,3
07-05-2021,BN,Brunei Darussalam,WPRO,1,229,0,3
08-05-2021,BN,Brunei Darussalam,WPRO,1,230,0,3
09-05-2021,BN,Brunei Darussalam,WPRO,0,230,0,3
10-05-2021,BN,Brunei Darussalam,WPRO,0,230,0,3
11-05-2021,BN,Brunei Darussalam,WPRO,0,230,0,3
12-05-2021,BN,Brunei Darussalam,WPRO,0,230,0,3
13-05-2021,BN,Brunei Darussalam,WPRO,1,231,0,3
14-05-2021,BN,Brunei Darussalam,WPRO,1,232,0,3
15-05-2021,BN,Brunei Darussalam,WPRO,0,232,0,3
16-05-2021,BN,Brunei Darussalam,WPRO,0,232,0,3
17-05-2021,BN,Brunei Darussalam,WPRO,0,232,0,3
18-05-2021,BN,Brunei Darussalam,WPRO,0,232,0,3
19-05-2021,BN,Brunei Darussalam,WPRO,3,235,0,3
20-05-2021,BN,Brunei Darussalam,WPRO,0,235,0,3
21-05-2021,BN,Brunei Darussalam,WPRO,0,235,0,3
22-05-2021,BN,Brunei Darussalam,WPRO,1,236,0,3
23-05-2021,BN,Brunei Darussalam,WPRO,0,236,0,3
24-05-2021,BN,Brunei Darussalam,WPRO,0,236,0,3
25-05-2021,BN,Brunei Darussalam,WPRO,0,236,0,3
26-05-2021,BN,Brunei Darussalam,WPRO,0,236,0,3
27-05-2021,BN,Brunei Darussalam,WPRO,4,240,0,3
28-05-2021,BN,Brunei Darussalam,WPRO,1,241,0,3
29-05-2021,BN,Brunei Darussalam,WPRO,0,241,0,3
30-05-2021,BN,Brunei Darussalam,WPRO,0,241,0,3
01-01-2021,BG,Bulgaria,EURO,1046,202266,61,7576
02-01-2021,BG,Bulgaria,EURO,274,202540,28,7604
03-01-2021,BG,Bulgaria,EURO,340,202880,40,7644
04-01-2021,BG,Bulgaria,EURO,171,203051,34,7678
05-01-2021,BG,Bulgaria,EURO,1029,204080,157,7835
06-01-2021,BG,Bulgaria,EURO,1310,205390,67,7902
07-01-2021,BG,Bulgaria,EURO,1002,206392,59,7961
08-01-2021,BG,Bulgaria,EURO,867,207259,56,8017
09-01-2021,BG,Bulgaria,EURO,753,208012,61,8078
10-01-2021,BG,Bulgaria,EURO,394,208406,19,8097
11-01-2021,BG,Bulgaria,EURO,105,208511,29,8126
12-01-2021,BG,Bulgaria,EURO,620,209131,106,8232
13-01-2021,BG,Bulgaria,EURO,750,209881,47,8279
14-01-2021,BG,Bulgaria,EURO,535,210416,70,8349
15-01-2021,BG,Bulgaria,EURO,535,210951,47,8396
16-01-2021,BG,Bulgaria,EURO,552,211503,61,8457
17-01-2021,BG,Bulgaria,EURO,233,211736,17,8474
18-01-2021,BG,Bulgaria,EURO,77,211813,9,8483
19-01-2021,BG,Bulgaria,EURO,570,212383,82,8565
20-01-2021,BG,Bulgaria,EURO,544,212927,49,8614
21-01-2021,BG,Bulgaria,EURO,482,213409,37,8651
22-01-2021,BG,Bulgaria,EURO,455,213864,90,8741
23-01-2021,BG,Bulgaria,EURO,566,214430,58,8799
24-01-2021,BG,Bulgaria,EURO,266,214696,12,8811
25-01-2021,BG,Bulgaria,EURO,121,214817,9,8820
26-01-2021,BG,Bulgaria,EURO,772,215589,60,8880
27-01-2021,BG,Bulgaria,EURO,827,216416,36,8916
28-01-2021,BG,Bulgaria,EURO,598,217014,28,8944
29-01-2021,BG,Bulgaria,EURO,560,217574,29,8973
30-01-2021,BG,Bulgaria,EURO,695,218269,35,9008
31-01-2021,BG,Bulgaria,EURO,349,218618,20,9028
01-02-2021,BG,Bulgaria,EURO,130,218748,17,9045
02-02-2021,BG,Bulgaria,EURO,832,219580,97,9142
03-02-2021,BG,Bulgaria,EURO,967,220547,36,9178
04-02-2021,BG,Bulgaria,EURO,719,221266,40,9218
05-02-2021,BG,Bulgaria,EURO,883,222149,54,9272
06-02-2021,BG,Bulgaria,EURO,910,223059,30,9302
07-02-2021,BG,Bulgaria,EURO,493,223552,9,9311
08-02-2021,BG,Bulgaria,EURO,182,223734,20,9331
09-02-2021,BG,Bulgaria,EURO,1115,224849,89,9420
10-02-2021,BG,Bulgaria,EURO,1212,226061,62,9482
11-02-2021,BG,Bulgaria,EURO,913,226974,45,9527
12-02-2021,BG,Bulgaria,EURO,1070,228044,34,9561
13-02-2021,BG,Bulgaria,EURO,966,229010,33,9594
14-02-2021,BG,Bulgaria,EURO,506,229516,14,9608
15-02-2021,BG,Bulgaria,EURO,181,229697,16,9624
16-02-2021,BG,Bulgaria,EURO,1050,230747,47,9671
17-02-2021,BG,Bulgaria,EURO,1349,232096,32,9703
18-02-2021,BG,Bulgaria,EURO,1146,233242,41,9744
19-02-2021,BG,Bulgaria,EURO,1186,234428,42,9786
20-02-2021,BG,Bulgaria,EURO,1463,235891,35,9821
21-02-2021,BG,Bulgaria,EURO,548,236439,18,9839
22-02-2021,BG,Bulgaria,EURO,227,236666,15,9854
23-02-2021,BG,Bulgaria,EURO,1925,238591,79,9933
24-02-2021,BG,Bulgaria,EURO,1800,240391,45,9978
25-02-2021,BG,Bulgaria,EURO,1733,242124,48,10026
26-02-2021,BG,Bulgaria,EURO,1822,243946,53,10079
27-02-2021,BG,Bulgaria,EURO,1681,245627,49,10128
28-02-2021,BG,Bulgaria,EURO,1079,246706,39,10167
01-03-2021,BG,Bulgaria,EURO,332,247038,24,10191
02-03-2021,BG,Bulgaria,EURO,2588,249626,117,10308
03-03-2021,BG,Bulgaria,EURO,2403,252029,83,10391
04-03-2021,BG,Bulgaria,EURO,1154,253183,22,10413
05-03-2021,BG,Bulgaria,EURO,2198,255381,93,10506
06-03-2021,BG,Bulgaria,EURO,3004,258385,65,10571
07-03-2021,BG,Bulgaria,EURO,1426,259811,22,10593
08-03-2021,BG,Bulgaria,EURO,497,260308,21,10614
09-03-2021,BG,Bulgaria,EURO,2995,263303,150,10764
10-03-2021,BG,Bulgaria,EURO,3502,266805,138,10902
11-03-2021,BG,Bulgaria,EURO,2774,269579,97,10999
12-03-2021,BG,Bulgaria,EURO,3121,272700,95,11094
13-03-2021,BG,Bulgaria,EURO,3159,275859,102,11196
14-03-2021,BG,Bulgaria,EURO,2019,277878,38,11234
15-03-2021,BG,Bulgaria,EURO,679,278557,51,11285
16-03-2021,BG,Bulgaria,EURO,4637,283194,187,11472
17-03-2021,BG,Bulgaria,EURO,4374,287568,107,11579
18-03-2021,BG,Bulgaria,EURO,4201,291769,136,11715
19-03-2021,BG,Bulgaria,EURO,4008,295777,102,11817
20-03-2021,BG,Bulgaria,EURO,4162,299939,115,11932
21-03-2021,BG,Bulgaria,EURO,2541,302480,34,11966
22-03-2021,BG,Bulgaria,EURO,943,303423,53,12019
23-03-2021,BG,Bulgaria,EURO,4467,307890,169,12188
24-03-2021,BG,Bulgaria,EURO,4851,312741,119,12307
25-03-2021,BG,Bulgaria,EURO,4375,317116,106,12413
26-03-2021,BG,Bulgaria,EURO,3988,321104,99,12512
27-03-2021,BG,Bulgaria,EURO,4129,325233,89,12601
28-03-2021,BG,Bulgaria,EURO,2537,327770,49,12650
29-03-2021,BG,Bulgaria,EURO,983,328753,60,12710
30-03-2021,BG,Bulgaria,EURO,4497,333250,203,12913
31-03-2021,BG,Bulgaria,EURO,5176,338426,155,13068
01-04-2021,BG,Bulgaria,EURO,4207,342633,129,13197
02-04-2021,BG,Bulgaria,EURO,3694,346327,116,13313
03-04-2021,BG,Bulgaria,EURO,4013,350340,125,13438
04-04-2021,BG,Bulgaria,EURO,1919,352259,69,13507
05-04-2021,BG,Bulgaria,EURO,740,352999,82,13589
06-04-2021,BG,Bulgaria,EURO,3860,356859,197,13786
07-04-2021,BG,Bulgaria,EURO,4004,360863,132,13918
08-04-2021,BG,Bulgaria,EURO,3556,364419,116,14034
09-04-2021,BG,Bulgaria,EURO,2957,367376,136,14170
10-04-2021,BG,Bulgaria,EURO,2803,370179,138,14308
11-04-2021,BG,Bulgaria,EURO,1352,371531,43,14351
12-04-2021,BG,Bulgaria,EURO,462,371993,67,14418
13-04-2021,BG,Bulgaria,EURO,3122,375115,201,14619
14-04-2021,BG,Bulgaria,EURO,2944,378059,127,14746
15-04-2021,BG,Bulgaria,EURO,2517,380576,125,14871
16-04-2021,BG,Bulgaria,EURO,2185,382761,108,14979
17-04-2021,BG,Bulgaria,EURO,2126,384887,121,15100
18-04-2021,BG,Bulgaria,EURO,1076,385963,38,15138
19-04-2021,BG,Bulgaria,EURO,418,386381,57,15195
20-04-2021,BG,Bulgaria,EURO,2434,388815,217,15412
21-04-2021,BG,Bulgaria,EURO,2096,390911,106,15518
22-04-2021,BG,Bulgaria,EURO,2002,392913,100,15618
23-04-2021,BG,Bulgaria,EURO,1681,394594,103,15721
24-04-2021,BG,Bulgaria,EURO,1708,396302,105,15826
25-04-2021,BG,Bulgaria,EURO,798,397100,33,15859
26-04-2021,BG,Bulgaria,EURO,400,397500,48,15907
27-04-2021,BG,Bulgaria,EURO,1759,399259,194,16101
28-04-2021,BG,Bulgaria,EURO,1850,401109,81,16182
29-04-2021,BG,Bulgaria,EURO,1382,402491,96,16278
30-04-2021,BG,Bulgaria,EURO,1237,403728,90,16368
01-05-2021,BG,Bulgaria,EURO,652,404380,31,16399
02-05-2021,BG,Bulgaria,EURO,466,404846,45,16444
03-05-2021,BG,Bulgaria,EURO,348,405194,48,16492
04-05-2021,BG,Bulgaria,EURO,631,405825,56,16548
05-05-2021,BG,Bulgaria,EURO,367,406192,61,16609
06-05-2021,BG,Bulgaria,EURO,1635,407827,164,16773
07-05-2021,BG,Bulgaria,EURO,545,408372,27,16800
08-05-2021,BG,Bulgaria,EURO,1123,409495,86,16886
09-05-2021,BG,Bulgaria,EURO,466,409961,16,16902
10-05-2021,BG,Bulgaria,EURO,241,410202,27,16929
11-05-2021,BG,Bulgaria,EURO,1078,411280,116,17045
12-05-2021,BG,Bulgaria,EURO,877,412157,59,17104
13-05-2021,BG,Bulgaria,EURO,657,412814,46,17150
14-05-2021,BG,Bulgaria,EURO,506,413320,44,17194
15-05-2021,BG,Bulgaria,EURO,518,413838,49,17243
16-05-2021,BG,Bulgaria,EURO,203,414041,7,17250
17-05-2021,BG,Bulgaria,EURO,151,414192,9,17259
18-05-2021,BG,Bulgaria,EURO,677,414869,84,17343
19-05-2021,BG,Bulgaria,EURO,457,415326,36,17379
20-05-2021,BG,Bulgaria,EURO,361,415687,37,17416
21-05-2021,BG,Bulgaria,EURO,368,416055,31,17447
22-05-2021,BG,Bulgaria,EURO,362,416417,27,17474
23-05-2021,BG,Bulgaria,EURO,148,416565,13,17487
24-05-2021,BG,Bulgaria,EURO,81,416646,9,17496
25-05-2021,BG,Bulgaria,EURO,81,416727,17,17513
26-05-2021,BG,Bulgaria,EURO,406,417133,68,17581
27-05-2021,BG,Bulgaria,EURO,393,417526,36,17617
28-05-2021,BG,Bulgaria,EURO,293,417819,20,17637
29-05-2021,BG,Bulgaria,EURO,287,418106,15,17652
30-05-2021,BG,Bulgaria,EURO,115,418221,5,17657
01-01-2021,BF,Burkina Faso,AFRO,170,6707,3,85
02-01-2021,BF,Burkina Faso,AFRO,0,6707,0,85
03-01-2021,BF,Burkina Faso,AFRO,233,6940,1,86
04-01-2021,BF,Burkina Faso,AFRO,111,7051,0,86
05-01-2021,BF,Burkina Faso,AFRO,75,7126,0,86
06-01-2021,BF,Burkina Faso,AFRO,0,7126,0,86
07-01-2021,BF,Burkina Faso,AFRO,437,7563,3,89
08-01-2021,BF,Burkina Faso,AFRO,150,7713,0,89
09-01-2021,BF,Burkina Faso,AFRO,153,7866,0,89
10-01-2021,BF,Burkina Faso,AFRO,0,7866,0,89
11-01-2021,BF,Burkina Faso,AFRO,216,8082,0,89
12-01-2021,BF,Burkina Faso,AFRO,197,8279,0,89
13-01-2021,BF,Burkina Faso,AFRO,184,8463,3,92
14-01-2021,BF,Burkina Faso,AFRO,83,8546,1,93
15-01-2021,BF,Burkina Faso,AFRO,263,8809,4,97
16-01-2021,BF,Burkina Faso,AFRO,0,8809,0,97
17-01-2021,BF,Burkina Faso,AFRO,191,9000,4,101
18-01-2021,BF,Burkina Faso,AFRO,188,9188,1,102
19-01-2021,BF,Burkina Faso,AFRO,164,9352,3,105
20-01-2021,BF,Burkina Faso,AFRO,0,9352,0,105
21-01-2021,BF,Burkina Faso,AFRO,201,9553,1,106
22-01-2021,BF,Burkina Faso,AFRO,166,9719,0,106
23-01-2021,BF,Burkina Faso,AFRO,138,9857,1,107
24-01-2021,BF,Burkina Faso,AFRO,110,9967,2,109
25-01-2021,BF,Burkina Faso,AFRO,71,10038,3,112
26-01-2021,BF,Burkina Faso,AFRO,65,10103,5,117
27-01-2021,BF,Burkina Faso,AFRO,54,10157,1,118
28-01-2021,BF,Burkina Faso,AFRO,60,10217,2,120
29-01-2021,BF,Burkina Faso,AFRO,160,10377,0,120
30-01-2021,BF,Burkina Faso,AFRO,46,10423,0,120
31-01-2021,BF,Burkina Faso,AFRO,157,10580,0,120
01-02-2021,BF,Burkina Faso,AFRO,102,10682,0,120
02-02-2021,BF,Burkina Faso,AFRO,86,10768,1,121
03-02-2021,BF,Burkina Faso,AFRO,136,10904,5,126
04-02-2021,BF,Burkina Faso,AFRO,54,10958,1,127
05-02-2021,BF,Burkina Faso,AFRO,95,11053,5,132
06-02-2021,BF,Burkina Faso,AFRO,90,11143,0,132
07-02-2021,BF,Burkina Faso,AFRO,84,11227,2,134
08-02-2021,BF,Burkina Faso,AFRO,58,11285,0,134
09-02-2021,BF,Burkina Faso,AFRO,24,11309,0,134
10-02-2021,BF,Burkina Faso,AFRO,58,11367,0,134
11-02-2021,BF,Burkina Faso,AFRO,59,11426,0,134
12-02-2021,BF,Burkina Faso,AFRO,0,11426,0,134
13-02-2021,BF,Burkina Faso,AFRO,112,11538,3,137
14-02-2021,BF,Burkina Faso,AFRO,50,11588,1,138
15-02-2021,BF,Burkina Faso,AFRO,0,11588,0,138
16-02-2021,BF,Burkina Faso,AFRO,42,11630,0,138
17-02-2021,BF,Burkina Faso,AFRO,0,11630,0,138
18-02-2021,BF,Burkina Faso,AFRO,42,11672,0,138
19-02-2021,BF,Burkina Faso,AFRO,31,11703,1,139
20-02-2021,BF,Burkina Faso,AFRO,60,11763,0,139
21-02-2021,BF,Burkina Faso,AFRO,20,11783,0,139
22-02-2021,BF,Burkina Faso,AFRO,14,11797,0,139
23-02-2021,BF,Burkina Faso,AFRO,50,11847,0,139
24-02-2021,BF,Burkina Faso,AFRO,21,11868,2,141
25-02-2021,BF,Burkina Faso,AFRO,19,11887,1,142
26-02-2021,BF,Burkina Faso,AFRO,27,11914,0,142
27-02-2021,BF,Burkina Faso,AFRO,25,11939,0,142
28-02-2021,BF,Burkina Faso,AFRO,43,11982,0,142
01-03-2021,BF,Burkina Faso,AFRO,0,11982,0,142
02-03-2021,BF,Burkina Faso,AFRO,48,12030,1,143
03-03-2021,BF,Burkina Faso,AFRO,17,12047,0,143
04-03-2021,BF,Burkina Faso,AFRO,24,12071,0,143
05-03-2021,BF,Burkina Faso,AFRO,32,12103,0,143
06-03-2021,BF,Burkina Faso,AFRO,20,12123,0,143
07-03-2021,BF,Burkina Faso,AFRO,30,12153,0,143
08-03-2021,BF,Burkina Faso,AFRO,28,12181,0,143
09-03-2021,BF,Burkina Faso,AFRO,0,12181,0,143
10-03-2021,BF,Burkina Faso,AFRO,6,12187,0,143
11-03-2021,BF,Burkina Faso,AFRO,43,12230,0,143
12-03-2021,BF,Burkina Faso,AFRO,45,12275,0,143
13-03-2021,BF,Burkina Faso,AFRO,30,12305,1,144
14-03-2021,BF,Burkina Faso,AFRO,45,12350,0,144
15-03-2021,BF,Burkina Faso,AFRO,22,12372,0,144
16-03-2021,BF,Burkina Faso,AFRO,6,12378,0,144
17-03-2021,BF,Burkina Faso,AFRO,0,12378,0,144
18-03-2021,BF,Burkina Faso,AFRO,48,12426,1,145
19-03-2021,BF,Burkina Faso,AFRO,24,12450,0,145
20-03-2021,BF,Burkina Faso,AFRO,0,12450,0,145
21-03-2021,BF,Burkina Faso,AFRO,66,12516,0,145
22-03-2021,BF,Burkina Faso,AFRO,19,12535,0,145
23-03-2021,BF,Burkina Faso,AFRO,24,12559,0,145
24-03-2021,BF,Burkina Faso,AFRO,13,12572,0,145
25-03-2021,BF,Burkina Faso,AFRO,24,12596,0,145
26-03-2021,BF,Burkina Faso,AFRO,23,12619,0,145
27-03-2021,BF,Burkina Faso,AFRO,31,12650,0,145
28-03-2021,BF,Burkina Faso,AFRO,23,12673,0,145
29-03-2021,BF,Burkina Faso,AFRO,19,12692,0,145
30-03-2021,BF,Burkina Faso,AFRO,10,12702,0,145
31-03-2021,BF,Burkina Faso,AFRO,15,12717,1,146
01-04-2021,BF,Burkina Faso,AFRO,0,12717,0,146
02-04-2021,BF,Burkina Faso,AFRO,57,12774,3,149
03-04-2021,BF,Burkina Faso,AFRO,17,12791,1,150
04-04-2021,BF,Burkina Faso,AFRO,12,12803,0,150
05-04-2021,BF,Burkina Faso,AFRO,14,12817,0,150
06-04-2021,BF,Burkina Faso,AFRO,8,12825,0,150
07-04-2021,BF,Burkina Faso,AFRO,20,12845,0,150
08-04-2021,BF,Burkina Faso,AFRO,28,12873,0,150
09-04-2021,BF,Burkina Faso,AFRO,31,12904,2,152
10-04-2021,BF,Burkina Faso,AFRO,20,12924,0,152
11-04-2021,BF,Burkina Faso,AFRO,32,12956,0,152
12-04-2021,BF,Burkina Faso,AFRO,0,12956,0,152
13-04-2021,BF,Burkina Faso,AFRO,33,12989,1,153
14-04-2021,BF,Burkina Faso,AFRO,0,12989,0,153
15-04-2021,BF,Burkina Faso,AFRO,61,13050,1,154
16-04-2021,BF,Burkina Faso,AFRO,14,13064,0,154
17-04-2021,BF,Burkina Faso,AFRO,19,13083,0,154
18-04-2021,BF,Burkina Faso,AFRO,31,13114,0,154
19-04-2021,BF,Burkina Faso,AFRO,15,13129,0,154
20-04-2021,BF,Burkina Faso,AFRO,19,13148,0,154
21-04-2021,BF,Burkina Faso,AFRO,19,13167,1,155
22-04-2021,BF,Burkina Faso,AFRO,0,13167,0,155
23-04-2021,BF,Burkina Faso,AFRO,45,13212,1,156
24-04-2021,BF,Burkina Faso,AFRO,19,13231,0,156
25-04-2021,BF,Burkina Faso,AFRO,0,13231,0,156
26-04-2021,BF,Burkina Faso,AFRO,32,13263,0,156
27-04-2021,BF,Burkina Faso,AFRO,0,13263,0,156
28-04-2021,BF,Burkina Faso,AFRO,0,13263,0,156
29-04-2021,BF,Burkina Faso,AFRO,41,13304,1,157
30-04-2021,BF,Burkina Faso,AFRO,0,13304,0,157
01-05-2021,BF,Burkina Faso,AFRO,6,13310,0,157
02-05-2021,BF,Burkina Faso,AFRO,9,13319,0,157
03-05-2021,BF,Burkina Faso,AFRO,0,13319,0,157
04-05-2021,BF,Burkina Faso,AFRO,5,13324,0,157
05-05-2021,BF,Burkina Faso,AFRO,15,13339,4,161
06-05-2021,BF,Burkina Faso,AFRO,6,13345,0,161
07-05-2021,BF,Burkina Faso,AFRO,0,13345,0,161
08-05-2021,BF,Burkina Faso,AFRO,8,13353,1,162
09-05-2021,BF,Burkina Faso,AFRO,24,13377,0,162
10-05-2021,BF,Burkina Faso,AFRO,2,13379,0,162
11-05-2021,BF,Burkina Faso,AFRO,3,13382,0,162
12-05-2021,BF,Burkina Faso,AFRO,2,13384,2,164
13-05-2021,BF,Burkina Faso,AFRO,3,13387,0,164
14-05-2021,BF,Burkina Faso,AFRO,4,13391,0,164
15-05-2021,BF,Burkina Faso,AFRO,3,13394,0,164
16-05-2021,BF,Burkina Faso,AFRO,1,13395,0,164
17-05-2021,BF,Burkina Faso,AFRO,2,13397,0,164
18-05-2021,BF,Burkina Faso,AFRO,0,13397,0,164
19-05-2021,BF,Burkina Faso,AFRO,7,13404,1,165
20-05-2021,BF,Burkina Faso,AFRO,0,13404,0,165
21-05-2021,BF,Burkina Faso,AFRO,4,13408,0,165
22-05-2021,BF,Burkina Faso,AFRO,2,13410,0,165
23-05-2021,BF,Burkina Faso,AFRO,4,13414,0,165
24-05-2021,BF,Burkina Faso,AFRO,1,13415,0,165
25-05-2021,BF,Burkina Faso,AFRO,0,13415,0,165
26-05-2021,BF,Burkina Faso,AFRO,0,13415,0,165
27-05-2021,BF,Burkina Faso,AFRO,4,13419,1,166
28-05-2021,BF,Burkina Faso,AFRO,2,13421,0,166
29-05-2021,BF,Burkina Faso,AFRO,3,13424,0,166
30-05-2021,BF,Burkina Faso,AFRO,6,13430,0,166
01-01-2021,BI,Burundi,AFRO,4,822,0,2
02-01-2021,BI,Burundi,AFRO,0,822,0,2
03-01-2021,BI,Burundi,AFRO,11,833,0,2
04-01-2021,BI,Burundi,AFRO,9,842,0,2
05-01-2021,BI,Burundi,AFRO,0,842,0,2
06-01-2021,BI,Burundi,AFRO,0,842,0,2
07-01-2021,BI,Burundi,AFRO,43,885,0,2
08-01-2021,BI,Burundi,AFRO,0,885,0,2
09-01-2021,BI,Burundi,AFRO,0,885,0,2
10-01-2021,BI,Burundi,AFRO,101,986,0,2
11-01-2021,BI,Burundi,AFRO,33,1019,0,2
12-01-2021,BI,Burundi,AFRO,0,1019,0,2
13-01-2021,BI,Burundi,AFRO,43,1062,0,2
14-01-2021,BI,Burundi,AFRO,41,1103,0,2
15-01-2021,BI,Burundi,AFRO,47,1150,0,2
16-01-2021,BI,Burundi,AFRO,35,1185,0,2
17-01-2021,BI,Burundi,AFRO,51,1236,0,2
18-01-2021,BI,Burundi,AFRO,9,1245,0,2
19-01-2021,BI,Burundi,AFRO,8,1253,0,2
20-01-2021,BI,Burundi,AFRO,69,1322,0,2
21-01-2021,BI,Burundi,AFRO,36,1358,0,2
22-01-2021,BI,Burundi,AFRO,22,1380,0,2
23-01-2021,BI,Burundi,AFRO,58,1438,0,2
24-01-2021,BI,Burundi,AFRO,34,1472,0,2
25-01-2021,BI,Burundi,AFRO,7,1479,0,2
26-01-2021,BI,Burundi,AFRO,2,1481,0,2
27-01-2021,BI,Burundi,AFRO,61,1542,0,2
28-01-2021,BI,Burundi,AFRO,42,1584,0,2
29-01-2021,BI,Burundi,AFRO,20,1604,0,2
30-01-2021,BI,Burundi,AFRO,9,1613,0,2
31-01-2021,BI,Burundi,AFRO,19,1632,0,2
01-02-2021,BI,Burundi,AFRO,3,1635,0,2
02-02-2021,BI,Burundi,AFRO,6,1641,0,2
03-02-2021,BI,Burundi,AFRO,23,1664,0,2
04-02-2021,BI,Burundi,AFRO,22,1686,0,2
05-02-2021,BI,Burundi,AFRO,12,1698,1,3
06-02-2021,BI,Burundi,AFRO,19,1717,0,3
07-02-2021,BI,Burundi,AFRO,6,1723,0,3
08-02-2021,BI,Burundi,AFRO,5,1728,0,3
09-02-2021,BI,Burundi,AFRO,2,1730,0,3
10-02-2021,BI,Burundi,AFRO,21,1751,0,3
11-02-2021,BI,Burundi,AFRO,20,1771,0,3
12-02-2021,BI,Burundi,AFRO,26,1797,0,3
13-02-2021,BI,Burundi,AFRO,27,1824,0,3
14-02-2021,BI,Burundi,AFRO,0,1824,0,3
15-02-2021,BI,Burundi,AFRO,25,1849,0,3
16-02-2021,BI,Burundi,AFRO,6,1855,0,3
17-02-2021,BI,Burundi,AFRO,40,1895,0,3
18-02-2021,BI,Burundi,AFRO,33,1928,0,3
19-02-2021,BI,Burundi,AFRO,27,1955,0,3
20-02-2021,BI,Burundi,AFRO,28,1983,0,3
21-02-2021,BI,Burundi,AFRO,48,2031,0,3
22-02-2021,BI,Burundi,AFRO,3,2034,0,3
23-02-2021,BI,Burundi,AFRO,7,2041,0,3
24-02-2021,BI,Burundi,AFRO,28,2069,0,3
25-02-2021,BI,Burundi,AFRO,37,2106,0,3
26-02-2021,BI,Burundi,AFRO,37,2143,0,3
27-02-2021,BI,Burundi,AFRO,38,2181,0,3
28-02-2021,BI,Burundi,AFRO,28,2209,0,3
01-03-2021,BI,Burundi,AFRO,8,2217,0,3
02-03-2021,BI,Burundi,AFRO,7,2224,0,3
03-03-2021,BI,Burundi,AFRO,16,2240,0,3
04-03-2021,BI,Burundi,AFRO,28,2268,0,3
05-03-2021,BI,Burundi,AFRO,15,2283,0,3
06-03-2021,BI,Burundi,AFRO,16,2299,0,3
07-03-2021,BI,Burundi,AFRO,20,2319,0,3
08-03-2021,BI,Burundi,AFRO,15,2334,0,3
09-03-2021,BI,Burundi,AFRO,5,2339,0,3
10-03-2021,BI,Burundi,AFRO,30,2369,0,3
11-03-2021,BI,Burundi,AFRO,27,2396,0,3
12-03-2021,BI,Burundi,AFRO,24,2420,0,3
13-03-2021,BI,Burundi,AFRO,21,2441,0,3
14-03-2021,BI,Burundi,AFRO,0,2441,0,3
15-03-2021,BI,Burundi,AFRO,20,2461,0,3
16-03-2021,BI,Burundi,AFRO,0,2461,0,3
17-03-2021,BI,Burundi,AFRO,0,2461,0,3
18-03-2021,BI,Burundi,AFRO,81,2542,0,3
19-03-2021,BI,Burundi,AFRO,21,2563,0,3
20-03-2021,BI,Burundi,AFRO,0,2563,0,3
21-03-2021,BI,Burundi,AFRO,50,2613,3,6
22-03-2021,BI,Burundi,AFRO,5,2618,0,6
23-03-2021,BI,Burundi,AFRO,10,2628,0,6
24-03-2021,BI,Burundi,AFRO,29,2657,0,6
25-03-2021,BI,Burundi,AFRO,0,2657,0,6
26-03-2021,BI,Burundi,AFRO,0,2657,0,6
27-03-2021,BI,Burundi,AFRO,0,2657,0,6
28-03-2021,BI,Burundi,AFRO,100,2757,0,6
29-03-2021,BI,Burundi,AFRO,0,2757,0,6
30-03-2021,BI,Burundi,AFRO,0,2757,0,6
31-03-2021,BI,Burundi,AFRO,53,2810,0,6
01-04-2021,BI,Burundi,AFRO,32,2842,0,6
02-04-2021,BI,Burundi,AFRO,0,2842,0,6
03-04-2021,BI,Burundi,AFRO,69,2911,0,6
04-04-2021,BI,Burundi,AFRO,0,2911,0,6
05-04-2021,BI,Burundi,AFRO,53,2964,0,6
06-04-2021,BI,Burundi,AFRO,6,2970,0,6
07-04-2021,BI,Burundi,AFRO,47,3017,0,6
08-04-2021,BI,Burundi,AFRO,10,3027,0,6
09-04-2021,BI,Burundi,AFRO,51,3078,0,6
10-04-2021,BI,Burundi,AFRO,41,3119,0,6
11-04-2021,BI,Burundi,AFRO,35,3154,0,6
12-04-2021,BI,Burundi,AFRO,0,3154,0,6
13-04-2021,BI,Burundi,AFRO,108,3262,0,6
14-04-2021,BI,Burundi,AFRO,71,3333,0,6
15-04-2021,BI,Burundi,AFRO,91,3424,0,6
16-04-2021,BI,Burundi,AFRO,53,3477,0,6
17-04-2021,BI,Burundi,AFRO,0,3477,0,6
18-04-2021,BI,Burundi,AFRO,135,3612,0,6
19-04-2021,BI,Burundi,AFRO,0,3612,0,6
20-04-2021,BI,Burundi,AFRO,31,3643,0,6
21-04-2021,BI,Burundi,AFRO,63,3706,0,6
22-04-2021,BI,Burundi,AFRO,26,3732,0,6
23-04-2021,BI,Burundi,AFRO,27,3759,0,6
24-04-2021,BI,Burundi,AFRO,46,3805,0,6
25-04-2021,BI,Burundi,AFRO,48,3853,0,6
26-04-2021,BI,Burundi,AFRO,21,3874,0,6
27-04-2021,BI,Burundi,AFRO,10,3884,0,6
28-04-2021,BI,Burundi,AFRO,57,3941,0,6
29-04-2021,BI,Burundi,AFRO,44,3985,0,6
30-04-2021,BI,Burundi,AFRO,10,3995,0,6
01-05-2021,BI,Burundi,AFRO,23,4018,0,6
02-05-2021,BI,Burundi,AFRO,20,4038,0,6
03-05-2021,BI,Burundi,AFRO,8,4046,0,6
04-05-2021,BI,Burundi,AFRO,6,4052,0,6
05-05-2021,BI,Burundi,AFRO,17,4069,0,6
06-05-2021,BI,Burundi,AFRO,24,4093,0,6
07-05-2021,BI,Burundi,AFRO,39,4132,0,6
08-05-2021,BI,Burundi,AFRO,17,4149,0,6
09-05-2021,BI,Burundi,AFRO,28,4177,0,6
10-05-2021,BI,Burundi,AFRO,23,4200,0,6
11-05-2021,BI,Burundi,AFRO,8,4208,0,6
12-05-2021,BI,Burundi,AFRO,25,4233,0,6
13-05-2021,BI,Burundi,AFRO,28,4261,0,6
14-05-2021,BI,Burundi,AFRO,21,4282,0,6
15-05-2021,BI,Burundi,AFRO,8,4290,0,6
16-05-2021,BI,Burundi,AFRO,39,4329,0,6
17-05-2021,BI,Burundi,AFRO,18,4347,0,6
18-05-2021,BI,Burundi,AFRO,6,4353,0,6
19-05-2021,BI,Burundi,AFRO,29,4382,0,6
20-05-2021,BI,Burundi,AFRO,36,4418,0,6
21-05-2021,BI,Burundi,AFRO,33,4451,0,6
22-05-2021,BI,Burundi,AFRO,43,4494,0,6
23-05-2021,BI,Burundi,AFRO,0,4494,0,6
24-05-2021,BI,Burundi,AFRO,52,4546,0,6
25-05-2021,BI,Burundi,AFRO,22,4568,0,6
26-05-2021,BI,Burundi,AFRO,24,4592,0,6
27-05-2021,BI,Burundi,AFRO,58,4650,0,6
28-05-2021,BI,Burundi,AFRO,19,4669,0,6
29-05-2021,BI,Burundi,AFRO,46,4715,0,6
30-05-2021,BI,Burundi,AFRO,39,4754,0,6
01-01-2021,CV,Cabo Verde,AFRO,47,11840,1,113
02-01-2021,CV,Cabo Verde,AFRO,0,11840,0,113
03-01-2021,CV,Cabo Verde,AFRO,43,11883,0,113
04-01-2021,CV,Cabo Verde,AFRO,37,11920,0,113
05-01-2021,CV,Cabo Verde,AFRO,29,11949,0,113
06-01-2021,CV,Cabo Verde,AFRO,34,11983,0,113
07-01-2021,CV,Cabo Verde,AFRO,69,12052,0,113
08-01-2021,CV,Cabo Verde,AFRO,94,12146,0,113
09-01-2021,CV,Cabo Verde,AFRO,91,12237,1,114
10-01-2021,CV,Cabo Verde,AFRO,0,12237,0,114
11-01-2021,CV,Cabo Verde,AFRO,155,12392,0,114
12-01-2021,CV,Cabo Verde,AFRO,41,12433,1,115
13-01-2021,CV,Cabo Verde,AFRO,73,12506,0,115
14-01-2021,CV,Cabo Verde,AFRO,86,12592,0,115
15-01-2021,CV,Cabo Verde,AFRO,72,12664,0,115
16-01-2021,CV,Cabo Verde,AFRO,112,12776,3,118
17-01-2021,CV,Cabo Verde,AFRO,125,12901,1,119
18-01-2021,CV,Cabo Verde,AFRO,92,12993,0,119
19-01-2021,CV,Cabo Verde,AFRO,53,13046,1,120
20-01-2021,CV,Cabo Verde,AFRO,93,13139,0,120
21-01-2021,CV,Cabo Verde,AFRO,85,13224,1,121
22-01-2021,CV,Cabo Verde,AFRO,83,13307,1,122
23-01-2021,CV,Cabo Verde,AFRO,74,13381,0,122
24-01-2021,CV,Cabo Verde,AFRO,33,13414,2,124
25-01-2021,CV,Cabo Verde,AFRO,75,13489,3,127
26-01-2021,CV,Cabo Verde,AFRO,68,13557,0,127
27-01-2021,CV,Cabo Verde,AFRO,62,13619,2,129
28-01-2021,CV,Cabo Verde,AFRO,103,13722,0,129
29-01-2021,CV,Cabo Verde,AFRO,62,13784,2,131
30-01-2021,CV,Cabo Verde,AFRO,113,13897,0,131
31-01-2021,CV,Cabo Verde,AFRO,84,13981,2,133
01-02-2021,CV,Cabo Verde,AFRO,89,14070,1,134
02-02-2021,CV,Cabo Verde,AFRO,28,14098,0,134
03-02-2021,CV,Cabo Verde,AFRO,54,14152,0,134
04-02-2021,CV,Cabo Verde,AFRO,0,14152,0,134
05-02-2021,CV,Cabo Verde,AFRO,138,14290,1,135
06-02-2021,CV,Cabo Verde,AFRO,16,14306,0,135
07-02-2021,CV,Cabo Verde,AFRO,74,14380,0,135
08-02-2021,CV,Cabo Verde,AFRO,0,14380,0,135
09-02-2021,CV,Cabo Verde,AFRO,71,14451,1,136
10-02-2021,CV,Cabo Verde,AFRO,28,14479,1,137
11-02-2021,CV,Cabo Verde,AFRO,64,14543,1,138
12-02-2021,CV,Cabo Verde,AFRO,58,14601,0,138
13-02-2021,CV,Cabo Verde,AFRO,46,14647,1,139
14-02-2021,CV,Cabo Verde,AFRO,53,14700,0,139
15-02-2021,CV,Cabo Verde,AFRO,41,14741,0,139
16-02-2021,CV,Cabo Verde,AFRO,20,14761,0,139
17-02-2021,CV,Cabo Verde,AFRO,24,14785,1,140
18-02-2021,CV,Cabo Verde,AFRO,63,14848,1,141
19-02-2021,CV,Cabo Verde,AFRO,37,14885,1,142
20-02-2021,CV,Cabo Verde,AFRO,63,14948,0,142
21-02-2021,CV,Cabo Verde,AFRO,51,14999,1,143
22-02-2021,CV,Cabo Verde,AFRO,0,14999,0,143
23-02-2021,CV,Cabo Verde,AFRO,73,15072,1,144
24-02-2021,CV,Cabo Verde,AFRO,17,15089,0,144
25-02-2021,CV,Cabo Verde,AFRO,72,15161,1,145
26-02-2021,CV,Cabo Verde,AFRO,40,15201,0,145
27-02-2021,CV,Cabo Verde,AFRO,52,15253,1,146
28-02-2021,CV,Cabo Verde,AFRO,71,15324,1,147
01-03-2021,CV,Cabo Verde,AFRO,0,15324,0,147
02-03-2021,CV,Cabo Verde,AFRO,108,15432,0,147
03-03-2021,CV,Cabo Verde,AFRO,51,15483,1,148
04-03-2021,CV,Cabo Verde,AFRO,75,15558,2,150
05-03-2021,CV,Cabo Verde,AFRO,63,15621,2,152
06-03-2021,CV,Cabo Verde,AFRO,62,15683,0,152
07-03-2021,CV,Cabo Verde,AFRO,41,15724,0,152
08-03-2021,CV,Cabo Verde,AFRO,58,15782,2,154
09-03-2021,CV,Cabo Verde,AFRO,24,15806,0,154
10-03-2021,CV,Cabo Verde,AFRO,20,15826,0,154
11-03-2021,CV,Cabo Verde,AFRO,66,15892,1,155
12-03-2021,CV,Cabo Verde,AFRO,40,15932,0,155
13-03-2021,CV,Cabo Verde,AFRO,54,15986,0,155
14-03-2021,CV,Cabo Verde,AFRO,49,16035,1,156
15-03-2021,CV,Cabo Verde,AFRO,0,16035,0,156
16-03-2021,CV,Cabo Verde,AFRO,85,16120,0,156
17-03-2021,CV,Cabo Verde,AFRO,34,16154,1,157
18-03-2021,CV,Cabo Verde,AFRO,96,16250,1,158
19-03-2021,CV,Cabo Verde,AFRO,48,16298,0,158
20-03-2021,CV,Cabo Verde,AFRO,76,16374,1,159
21-03-2021,CV,Cabo Verde,AFRO,66,16440,0,159
22-03-2021,CV,Cabo Verde,AFRO,51,16491,0,159
23-03-2021,CV,Cabo Verde,AFRO,26,16517,1,160
24-03-2021,CV,Cabo Verde,AFRO,38,16555,3,163
25-03-2021,CV,Cabo Verde,AFRO,106,16661,0,163
26-03-2021,CV,Cabo Verde,AFRO,126,16787,1,164
27-03-2021,CV,Cabo Verde,AFRO,124,16911,1,165
28-03-2021,CV,Cabo Verde,AFRO,107,17018,0,165
29-03-2021,CV,Cabo Verde,AFRO,107,17125,0,165
30-03-2021,CV,Cabo Verde,AFRO,65,17190,0,165
31-03-2021,CV,Cabo Verde,AFRO,89,17279,3,168
01-04-2021,CV,Cabo Verde,AFRO,191,17470,0,168
02-04-2021,CV,Cabo Verde,AFRO,117,17587,1,169
03-04-2021,CV,Cabo Verde,AFRO,130,17717,2,171
04-04-2021,CV,Cabo Verde,AFRO,104,17821,0,171
05-04-2021,CV,Cabo Verde,AFRO,50,17871,2,173
06-04-2021,CV,Cabo Verde,AFRO,68,17939,0,173
07-04-2021,CV,Cabo Verde,AFRO,84,18023,0,173
08-04-2021,CV,Cabo Verde,AFRO,191,18214,2,175
09-04-2021,CV,Cabo Verde,AFRO,0,18214,0,175
10-04-2021,CV,Cabo Verde,AFRO,415,18629,2,177
11-04-2021,CV,Cabo Verde,AFRO,0,18629,0,177
12-04-2021,CV,Cabo Verde,AFRO,376,19005,5,182
13-04-2021,CV,Cabo Verde,AFRO,105,19110,2,184
14-04-2021,CV,Cabo Verde,AFRO,121,19231,3,187
15-04-2021,CV,Cabo Verde,AFRO,294,19525,1,188
16-04-2021,CV,Cabo Verde,AFRO,0,19525,0,188
17-04-2021,CV,Cabo Verde,AFRO,450,19975,1,189
18-04-2021,CV,Cabo Verde,AFRO,0,19975,0,189
19-04-2021,CV,Cabo Verde,AFRO,491,20466,2,191
20-04-2021,CV,Cabo Verde,AFRO,161,20627,2,193
21-04-2021,CV,Cabo Verde,AFRO,154,20781,1,194
22-04-2021,CV,Cabo Verde,AFRO,398,21179,4,198
23-04-2021,CV,Cabo Verde,AFRO,0,21179,0,198
24-04-2021,CV,Cabo Verde,AFRO,605,21784,3,201
25-04-2021,CV,Cabo Verde,AFRO,0,21784,0,201
26-04-2021,CV,Cabo Verde,AFRO,574,22358,2,203
27-04-2021,CV,Cabo Verde,AFRO,228,22586,5,208
28-04-2021,CV,Cabo Verde,AFRO,186,22772,3,211
29-04-2021,CV,Cabo Verde,AFRO,409,23181,2,213
30-04-2021,CV,Cabo Verde,AFRO,0,23181,0,213
01-05-2021,CV,Cabo Verde,AFRO,701,23882,4,217
02-05-2021,CV,Cabo Verde,AFRO,245,24127,3,220
03-05-2021,CV,Cabo Verde,AFRO,241,24368,4,224
04-05-2021,CV,Cabo Verde,AFRO,180,24548,2,226
05-05-2021,CV,Cabo Verde,AFRO,194,24742,2,228
06-05-2021,CV,Cabo Verde,AFRO,417,25159,1,229
07-05-2021,CV,Cabo Verde,AFRO,367,25526,1,230
08-05-2021,CV,Cabo Verde,AFRO,311,25837,1,231
09-05-2021,CV,Cabo Verde,AFRO,274,26111,1,232
10-05-2021,CV,Cabo Verde,AFRO,330,26441,0,232
11-05-2021,CV,Cabo Verde,AFRO,137,26578,3,235
12-05-2021,CV,Cabo Verde,AFRO,131,26709,1,236
13-05-2021,CV,Cabo Verde,AFRO,320,27029,2,238
14-05-2021,CV,Cabo Verde,AFRO,357,27386,5,243
15-05-2021,CV,Cabo Verde,AFRO,286,27672,1,244
16-05-2021,CV,Cabo Verde,AFRO,279,27951,2,246
17-05-2021,CV,Cabo Verde,AFRO,217,28168,3,249
18-05-2021,CV,Cabo Verde,AFRO,113,28281,2,251
19-05-2021,CV,Cabo Verde,AFRO,129,28410,1,252
20-05-2021,CV,Cabo Verde,AFRO,289,28699,1,253
21-05-2021,CV,Cabo Verde,AFRO,199,28898,0,253
22-05-2021,CV,Cabo Verde,AFRO,135,29033,1,254
23-05-2021,CV,Cabo Verde,AFRO,165,29198,2,256
24-05-2021,CV,Cabo Verde,AFRO,136,29334,0,256
25-05-2021,CV,Cabo Verde,AFRO,77,29411,2,258
26-05-2021,CV,Cabo Verde,AFRO,138,29549,1,259
27-05-2021,CV,Cabo Verde,AFRO,214,29763,0,259
28-05-2021,CV,Cabo Verde,AFRO,176,29939,0,259
29-05-2021,CV,Cabo Verde,AFRO,183,30122,2,261
30-05-2021,CV,Cabo Verde,AFRO,151,30273,2,263
01-01-2021,KH,Cambodia,WPRO,12,378,0,0
02-01-2021,KH,Cambodia,WPRO,1,379,0,0
03-01-2021,KH,Cambodia,WPRO,2,381,0,0
04-01-2021,KH,Cambodia,WPRO,1,382,0,0
05-01-2021,KH,Cambodia,WPRO,0,382,0,0
06-01-2021,KH,Cambodia,WPRO,1,383,0,0
07-01-2021,KH,Cambodia,WPRO,2,385,0,0
08-01-2021,KH,Cambodia,WPRO,1,386,0,0
09-01-2021,KH,Cambodia,WPRO,1,387,0,0
10-01-2021,KH,Cambodia,WPRO,4,391,0,0
11-01-2021,KH,Cambodia,WPRO,1,392,0,0
12-01-2021,KH,Cambodia,WPRO,0,392,0,0
13-01-2021,KH,Cambodia,WPRO,6,398,0,0
14-01-2021,KH,Cambodia,WPRO,13,411,0,0
15-01-2021,KH,Cambodia,WPRO,15,426,0,0
16-01-2021,KH,Cambodia,WPRO,10,436,0,0
17-01-2021,KH,Cambodia,WPRO,3,439,0,0
18-01-2021,KH,Cambodia,WPRO,0,439,0,0
19-01-2021,KH,Cambodia,WPRO,2,441,0,0
20-01-2021,KH,Cambodia,WPRO,7,448,0,0
21-01-2021,KH,Cambodia,WPRO,5,453,0,0
22-01-2021,KH,Cambodia,WPRO,3,456,0,0
23-01-2021,KH,Cambodia,WPRO,0,456,0,0
24-01-2021,KH,Cambodia,WPRO,2,458,0,0
25-01-2021,KH,Cambodia,WPRO,0,458,0,0
26-01-2021,KH,Cambodia,WPRO,2,460,0,0
27-01-2021,KH,Cambodia,WPRO,0,460,0,0
28-01-2021,KH,Cambodia,WPRO,1,461,0,0
29-01-2021,KH,Cambodia,WPRO,2,463,0,0
30-01-2021,KH,Cambodia,WPRO,1,464,0,0
31-01-2021,KH,Cambodia,WPRO,1,465,0,0
01-02-2021,KH,Cambodia,WPRO,1,466,0,0
02-02-2021,KH,Cambodia,WPRO,0,466,0,0
03-02-2021,KH,Cambodia,WPRO,0,466,0,0
04-02-2021,KH,Cambodia,WPRO,1,467,0,0
05-02-2021,KH,Cambodia,WPRO,3,470,0,0
06-02-2021,KH,Cambodia,WPRO,2,472,0,0
07-02-2021,KH,Cambodia,WPRO,2,474,0,0
08-02-2021,KH,Cambodia,WPRO,0,474,0,0
09-02-2021,KH,Cambodia,WPRO,2,476,0,0
10-02-2021,KH,Cambodia,WPRO,2,478,0,0
11-02-2021,KH,Cambodia,WPRO,0,478,0,0
12-02-2021,KH,Cambodia,WPRO,1,479,0,0
13-02-2021,KH,Cambodia,WPRO,0,479,0,0
14-02-2021,KH,Cambodia,WPRO,0,479,0,0
15-02-2021,KH,Cambodia,WPRO,0,479,0,0
16-02-2021,KH,Cambodia,WPRO,0,479,0,0
17-02-2021,KH,Cambodia,WPRO,0,479,0,0
18-02-2021,KH,Cambodia,WPRO,4,483,0,0
19-02-2021,KH,Cambodia,WPRO,1,484,0,0
20-02-2021,KH,Cambodia,WPRO,32,516,0,0
21-02-2021,KH,Cambodia,WPRO,17,533,0,0
22-02-2021,KH,Cambodia,WPRO,35,568,0,0
23-02-2021,KH,Cambodia,WPRO,25,593,0,0
24-02-2021,KH,Cambodia,WPRO,40,633,0,0
25-02-2021,KH,Cambodia,WPRO,64,697,0,0
26-02-2021,KH,Cambodia,WPRO,43,740,0,0
27-02-2021,KH,Cambodia,WPRO,26,766,0,0
28-02-2021,KH,Cambodia,WPRO,39,805,0,0
01-03-2021,KH,Cambodia,WPRO,15,820,0,0
02-03-2021,KH,Cambodia,WPRO,24,844,0,0
03-03-2021,KH,Cambodia,WPRO,34,878,0,0
04-03-2021,KH,Cambodia,WPRO,31,909,0,0
05-03-2021,KH,Cambodia,WPRO,23,932,0,0
06-03-2021,KH,Cambodia,WPRO,21,953,0,0
07-03-2021,KH,Cambodia,WPRO,34,987,0,0
08-03-2021,KH,Cambodia,WPRO,24,1011,0,0
09-03-2021,KH,Cambodia,WPRO,49,1060,0,0
10-03-2021,KH,Cambodia,WPRO,64,1124,0,0
11-03-2021,KH,Cambodia,WPRO,39,1163,0,0
12-03-2021,KH,Cambodia,WPRO,62,1225,1,1
13-03-2021,KH,Cambodia,WPRO,39,1264,0,1
14-03-2021,KH,Cambodia,WPRO,41,1305,0,1
15-03-2021,KH,Cambodia,WPRO,20,1325,0,1
16-03-2021,KH,Cambodia,WPRO,105,1430,0,1
17-03-2021,KH,Cambodia,WPRO,75,1505,0,1
18-03-2021,KH,Cambodia,WPRO,36,1541,0,1
19-03-2021,KH,Cambodia,WPRO,37,1578,0,1
20-03-2021,KH,Cambodia,WPRO,54,1632,2,3
21-03-2021,KH,Cambodia,WPRO,48,1680,0,3
22-03-2021,KH,Cambodia,WPRO,73,1753,0,3
23-03-2021,KH,Cambodia,WPRO,35,1788,1,4
24-03-2021,KH,Cambodia,WPRO,29,1817,1,5
25-03-2021,KH,Cambodia,WPRO,55,1872,0,5
26-03-2021,KH,Cambodia,WPRO,96,1968,2,7
27-03-2021,KH,Cambodia,WPRO,179,2147,1,8
28-03-2021,KH,Cambodia,WPRO,86,2233,2,10
29-03-2021,KH,Cambodia,WPRO,40,2273,1,11
30-03-2021,KH,Cambodia,WPRO,104,2377,0,11
31-03-2021,KH,Cambodia,WPRO,63,2440,0,11
01-04-2021,KH,Cambodia,WPRO,37,2477,3,14
02-04-2021,KH,Cambodia,WPRO,69,2546,2,16
03-04-2021,KH,Cambodia,WPRO,99,2645,2,18
04-04-2021,KH,Cambodia,WPRO,44,2689,1,19
05-04-2021,KH,Cambodia,WPRO,63,2752,2,21
06-04-2021,KH,Cambodia,WPRO,72,2824,1,22
07-04-2021,KH,Cambodia,WPRO,91,2915,0,22
08-04-2021,KH,Cambodia,WPRO,113,3028,2,24
09-04-2021,KH,Cambodia,WPRO,576,3604,0,24
10-04-2021,KH,Cambodia,WPRO,477,4081,2,26
11-04-2021,KH,Cambodia,WPRO,157,4238,3,29
12-04-2021,KH,Cambodia,WPRO,277,4515,1,30
13-04-2021,KH,Cambodia,WPRO,181,4696,3,33
14-04-2021,KH,Cambodia,WPRO,178,4874,2,35
15-04-2021,KH,Cambodia,WPRO,344,5218,1,36
16-04-2021,KH,Cambodia,WPRO,262,5480,0,36
17-04-2021,KH,Cambodia,WPRO,291,5771,3,39
18-04-2021,KH,Cambodia,WPRO,618,6389,4,43
19-04-2021,KH,Cambodia,WPRO,624,7013,2,45
20-04-2021,KH,Cambodia,WPRO,431,7444,4,49
21-04-2021,KH,Cambodia,WPRO,303,7747,5,54
22-04-2021,KH,Cambodia,WPRO,446,8193,5,59
23-04-2021,KH,Cambodia,WPRO,655,8848,2,61
24-04-2021,KH,Cambodia,WPRO,511,9359,10,71
25-04-2021,KH,Cambodia,WPRO,616,9975,3,74
26-04-2021,KH,Cambodia,WPRO,580,10555,5,79
27-04-2021,KH,Cambodia,WPRO,508,11063,3,82
28-04-2021,KH,Cambodia,WPRO,698,11761,6,88
29-04-2021,KH,Cambodia,WPRO,880,12641,3,91
30-04-2021,KH,Cambodia,WPRO,761,13402,2,93
01-05-2021,KH,Cambodia,WPRO,388,13790,3,96
02-05-2021,KH,Cambodia,WPRO,730,14520,7,103
03-05-2021,KH,Cambodia,WPRO,841,15361,3,106
04-05-2021,KH,Cambodia,WPRO,938,16299,1,107
05-05-2021,KH,Cambodia,WPRO,672,16971,3,110
06-05-2021,KH,Cambodia,WPRO,650,17621,4,114
07-05-2021,KH,Cambodia,WPRO,558,18179,0,114
08-05-2021,KH,Cambodia,WPRO,538,18717,0,114
09-05-2021,KH,Cambodia,WPRO,520,19237,6,120
10-05-2021,KH,Cambodia,WPRO,506,19743,6,126
11-05-2021,KH,Cambodia,WPRO,480,20223,5,131
12-05-2021,KH,Cambodia,WPRO,472,20695,5,136
13-05-2021,KH,Cambodia,WPRO,446,21141,6,142
14-05-2021,KH,Cambodia,WPRO,358,21499,5,147
15-05-2021,KH,Cambodia,WPRO,335,21834,0,147
16-05-2021,KH,Cambodia,WPRO,350,22184,3,150
17-05-2021,KH,Cambodia,WPRO,360,22544,4,154
18-05-2021,KH,Cambodia,WPRO,345,22889,2,156
19-05-2021,KH,Cambodia,WPRO,393,23282,3,159
20-05-2021,KH,Cambodia,WPRO,415,23697,5,164
21-05-2021,KH,Cambodia,WPRO,460,24157,1,165
22-05-2021,KH,Cambodia,WPRO,488,24645,2,167
23-05-2021,KH,Cambodia,WPRO,560,25205,9,176
24-05-2021,KH,Cambodia,WPRO,556,25761,3,179
25-05-2021,KH,Cambodia,WPRO,568,26329,4,183
26-05-2021,KH,Cambodia,WPRO,660,26989,7,190
27-05-2021,KH,Cambodia,WPRO,649,27638,4,194
28-05-2021,KH,Cambodia,WPRO,599,28237,2,196
29-05-2021,KH,Cambodia,WPRO,588,28825,7,203
30-05-2021,KH,Cambodia,WPRO,0,28825,0,203
01-01-2021,CM,Cameroon,AFRO,571,26848,0,448
02-01-2021,CM,Cameroon,AFRO,0,26848,0,448
03-01-2021,CM,Cameroon,AFRO,0,26848,0,448
04-01-2021,CM,Cameroon,AFRO,0,26848,0,448
05-01-2021,CM,Cameroon,AFRO,0,26848,0,448
06-01-2021,CM,Cameroon,AFRO,0,26848,0,448
07-01-2021,CM,Cameroon,AFRO,0,26848,0,448
08-01-2021,CM,Cameroon,AFRO,0,26848,0,448
09-01-2021,CM,Cameroon,AFRO,0,26848,0,448
10-01-2021,CM,Cameroon,AFRO,0,26848,0,448
11-01-2021,CM,Cameroon,AFRO,0,26848,0,448
12-01-2021,CM,Cameroon,AFRO,488,27336,3,451
13-01-2021,CM,Cameroon,AFRO,0,27336,0,451
14-01-2021,CM,Cameroon,AFRO,0,27336,0,451
15-01-2021,CM,Cameroon,AFRO,0,27336,0,451
16-01-2021,CM,Cameroon,AFRO,0,27336,0,451
17-01-2021,CM,Cameroon,AFRO,0,27336,0,451
18-01-2021,CM,Cameroon,AFRO,674,28010,4,455
19-01-2021,CM,Cameroon,AFRO,0,28010,0,455
20-01-2021,CM,Cameroon,AFRO,0,28010,0,455
21-01-2021,CM,Cameroon,AFRO,0,28010,0,455
22-01-2021,CM,Cameroon,AFRO,0,28010,0,455
23-01-2021,CM,Cameroon,AFRO,0,28010,0,455
24-01-2021,CM,Cameroon,AFRO,1607,29617,7,462
25-01-2021,CM,Cameroon,AFRO,0,29617,0,462
26-01-2021,CM,Cameroon,AFRO,0,29617,0,462
27-01-2021,CM,Cameroon,AFRO,0,29617,0,462
28-01-2021,CM,Cameroon,AFRO,0,29617,0,462
29-01-2021,CM,Cameroon,AFRO,0,29617,0,462
30-01-2021,CM,Cameroon,AFRO,0,29617,0,462
31-01-2021,CM,Cameroon,AFRO,0,29617,0,462
01-02-2021,CM,Cameroon,AFRO,0,29617,0,462
02-02-2021,CM,Cameroon,AFRO,696,30313,12,474
03-02-2021,CM,Cameroon,AFRO,0,30313,0,474
04-02-2021,CM,Cameroon,AFRO,0,30313,0,474
05-02-2021,CM,Cameroon,AFRO,0,30313,0,474
06-02-2021,CM,Cameroon,AFRO,0,30313,0,474
07-02-2021,CM,Cameroon,AFRO,0,30313,0,474
08-02-2021,CM,Cameroon,AFRO,0,30313,0,474
09-02-2021,CM,Cameroon,AFRO,1081,31394,0,474
10-02-2021,CM,Cameroon,AFRO,0,31394,0,474
11-02-2021,CM,Cameroon,AFRO,0,31394,0,474
12-02-2021,CM,Cameroon,AFRO,0,31394,0,474
13-02-2021,CM,Cameroon,AFRO,0,31394,0,474
14-02-2021,CM,Cameroon,AFRO,0,31394,0,474
15-02-2021,CM,Cameroon,AFRO,0,31394,0,474
16-02-2021,CM,Cameroon,AFRO,0,31394,0,474
17-02-2021,CM,Cameroon,AFRO,0,31394,0,474
18-02-2021,CM,Cameroon,AFRO,1287,32681,26,500
19-02-2021,CM,Cameroon,AFRO,0,32681,0,500
20-02-2021,CM,Cameroon,AFRO,0,32681,0,500
21-02-2021,CM,Cameroon,AFRO,1068,33749,23,523
22-02-2021,CM,Cameroon,AFRO,0,33749,0,523
23-02-2021,CM,Cameroon,AFRO,0,33749,0,523
24-02-2021,CM,Cameroon,AFRO,0,33749,0,523
25-02-2021,CM,Cameroon,AFRO,0,33749,0,523
26-02-2021,CM,Cameroon,AFRO,0,33749,0,523
27-02-2021,CM,Cameroon,AFRO,0,33749,0,523
28-02-2021,CM,Cameroon,AFRO,0,33749,0,523
01-03-2021,CM,Cameroon,AFRO,1965,35714,28,551
02-03-2021,CM,Cameroon,AFRO,0,35714,0,551
03-03-2021,CM,Cameroon,AFRO,0,35714,0,551
04-03-2021,CM,Cameroon,AFRO,0,35714,0,551
05-03-2021,CM,Cameroon,AFRO,0,35714,0,551
06-03-2021,CM,Cameroon,AFRO,0,35714,0,551
07-03-2021,CM,Cameroon,AFRO,0,35714,0,551
08-03-2021,CM,Cameroon,AFRO,3274,38988,37,588
09-03-2021,CM,Cameroon,AFRO,0,38988,0,588
10-03-2021,CM,Cameroon,AFRO,0,38988,0,588
11-03-2021,CM,Cameroon,AFRO,0,38988,0,588
12-03-2021,CM,Cameroon,AFRO,0,38988,0,588
13-03-2021,CM,Cameroon,AFRO,0,38988,0,588
14-03-2021,CM,Cameroon,AFRO,0,38988,0,588
15-03-2021,CM,Cameroon,AFRO,0,38988,0,588
16-03-2021,CM,Cameroon,AFRO,0,38988,0,588
17-03-2021,CM,Cameroon,AFRO,0,38988,0,588
18-03-2021,CM,Cameroon,AFRO,0,38988,0,588
19-03-2021,CM,Cameroon,AFRO,0,38988,0,588
20-03-2021,CM,Cameroon,AFRO,0,38988,0,588
21-03-2021,CM,Cameroon,AFRO,0,38988,0,588
22-03-2021,CM,Cameroon,AFRO,0,38988,0,588
23-03-2021,CM,Cameroon,AFRO,0,38988,0,588
24-03-2021,CM,Cameroon,AFRO,0,38988,0,588
25-03-2021,CM,Cameroon,AFRO,8681,47669,133,721
26-03-2021,CM,Cameroon,AFRO,0,47669,0,721
27-03-2021,CM,Cameroon,AFRO,0,47669,0,721
28-03-2021,CM,Cameroon,AFRO,0,47669,0,721
29-03-2021,CM,Cameroon,AFRO,0,47669,0,721
30-03-2021,CM,Cameroon,AFRO,0,47669,0,721
31-03-2021,CM,Cameroon,AFRO,0,47669,0,721
01-04-2021,CM,Cameroon,AFRO,6251,53920,58,779
02-04-2021,CM,Cameroon,AFRO,0,53920,0,779
03-04-2021,CM,Cameroon,AFRO,0,53920,0,779
04-04-2021,CM,Cameroon,AFRO,0,53920,0,779
05-04-2021,CM,Cameroon,AFRO,0,53920,0,779
06-04-2021,CM,Cameroon,AFRO,0,53920,0,779
07-04-2021,CM,Cameroon,AFRO,0,53920,0,779
08-04-2021,CM,Cameroon,AFRO,3417,57337,72,851
09-04-2021,CM,Cameroon,AFRO,0,57337,0,851
10-04-2021,CM,Cameroon,AFRO,0,57337,0,851
11-04-2021,CM,Cameroon,AFRO,0,57337,0,851
12-04-2021,CM,Cameroon,AFRO,0,57337,0,851
13-04-2021,CM,Cameroon,AFRO,0,57337,0,851
14-04-2021,CM,Cameroon,AFRO,4394,61731,68,919
15-04-2021,CM,Cameroon,AFRO,0,61731,0,919
16-04-2021,CM,Cameroon,AFRO,0,61731,0,919
17-04-2021,CM,Cameroon,AFRO,0,61731,0,919
18-04-2021,CM,Cameroon,AFRO,0,61731,0,919
19-04-2021,CM,Cameroon,AFRO,0,61731,0,919
20-04-2021,CM,Cameroon,AFRO,0,61731,0,919
21-04-2021,CM,Cameroon,AFRO,0,61731,0,919
22-04-2021,CM,Cameroon,AFRO,0,61731,0,919
23-04-2021,CM,Cameroon,AFRO,4267,65998,72,991
24-04-2021,CM,Cameroon,AFRO,0,65998,0,991
25-04-2021,CM,Cameroon,AFRO,0,65998,0,991
26-04-2021,CM,Cameroon,AFRO,0,65998,0,991
27-04-2021,CM,Cameroon,AFRO,0,65998,0,991
28-04-2021,CM,Cameroon,AFRO,0,65998,0,991
29-04-2021,CM,Cameroon,AFRO,0,65998,0,991
30-04-2021,CM,Cameroon,AFRO,0,65998,0,991
01-05-2021,CM,Cameroon,AFRO,4609,70607,73,1064
02-05-2021,CM,Cameroon,AFRO,0,70607,0,1064
03-05-2021,CM,Cameroon,AFRO,0,70607,0,1064
04-05-2021,CM,Cameroon,AFRO,0,70607,0,1064
05-05-2021,CM,Cameroon,AFRO,0,70607,0,1064
06-05-2021,CM,Cameroon,AFRO,4339,74946,88,1152
07-05-2021,CM,Cameroon,AFRO,0,74946,0,1152
08-05-2021,CM,Cameroon,AFRO,0,74946,0,1152
09-05-2021,CM,Cameroon,AFRO,0,74946,0,1152
10-05-2021,CM,Cameroon,AFRO,0,74946,0,1152
11-05-2021,CM,Cameroon,AFRO,0,74946,0,1152
12-05-2021,CM,Cameroon,AFRO,1810,76756,78,1230
13-05-2021,CM,Cameroon,AFRO,0,76756,0,1230
14-05-2021,CM,Cameroon,AFRO,0,76756,0,1230
15-05-2021,CM,Cameroon,AFRO,0,76756,0,1230
16-05-2021,CM,Cameroon,AFRO,0,76756,0,1230
17-05-2021,CM,Cameroon,AFRO,0,76756,0,1230
18-05-2021,CM,Cameroon,AFRO,0,76756,0,1230
19-05-2021,CM,Cameroon,AFRO,0,76756,0,1230
20-05-2021,CM,Cameroon,AFRO,0,76756,0,1230
21-05-2021,CM,Cameroon,AFRO,0,76756,0,1230
22-05-2021,CM,Cameroon,AFRO,0,76756,0,1230
23-05-2021,CM,Cameroon,AFRO,0,76756,0,1230
24-05-2021,CM,Cameroon,AFRO,0,76756,0,1230
25-05-2021,CM,Cameroon,AFRO,0,76756,0,1230
26-05-2021,CM,Cameroon,AFRO,1226,77982,40,1270
27-05-2021,CM,Cameroon,AFRO,0,77982,0,1270
28-05-2021,CM,Cameroon,AFRO,0,77982,0,1270
29-05-2021,CM,Cameroon,AFRO,0,77982,0,1270
30-05-2021,CM,Cameroon,AFRO,0,77982,0,1270
01-01-2021,CA,Canada,AMRO,7476,572982,94,15472
02-01-2021,CA,Canada,AMRO,8420,581402,133,15605
03-01-2021,CA,Canada,AMRO,6875,588277,136,15741
04-01-2021,CA,Canada,AMRO,6808,595085,83,15824
05-01-2021,CA,Canada,AMRO,6578,601663,41,15865
06-01-2021,CA,Canada,AMRO,9761,611424,209,16074
07-01-2021,CA,Canada,AMRO,7222,618646,159,16233
08-01-2021,CA,Canada,AMRO,8153,626799,136,16369
09-01-2021,CA,Canada,AMRO,8335,635134,210,16579
10-01-2021,CA,Canada,AMRO,9214,644348,128,16707
11-01-2021,CA,Canada,AMRO,8125,652473,126,16833
12-01-2021,CA,Canada,AMRO,7816,660289,117,16950
13-01-2021,CA,Canada,AMRO,7892,668181,136,17086
14-01-2021,CA,Canada,AMRO,6292,674473,147,17233
15-01-2021,CA,Canada,AMRO,6855,681328,150,17383
16-01-2021,CA,Canada,AMRO,7563,688891,155,17538
17-01-2021,CA,Canada,AMRO,6816,695707,191,17729
18-01-2021,CA,Canada,AMRO,6476,702183,136,17865
19-01-2021,CA,Canada,AMRO,6436,708619,149,18014
20-01-2021,CA,Canada,AMRO,6453,715072,106,18120
21-01-2021,CA,Canada,AMRO,4679,719751,146,18266
22-01-2021,CA,Canada,AMRO,5744,725495,196,18462
23-01-2021,CA,Canada,AMRO,5955,731450,160,18622
24-01-2021,CA,Canada,AMRO,5957,737407,206,18828
25-01-2021,CA,Canada,AMRO,5124,742531,146,18974
26-01-2021,CA,Canada,AMRO,4852,747383,120,19094
27-01-2021,CA,Canada,AMRO,5628,753011,144,19238
28-01-2021,CA,Canada,AMRO,4011,757022,165,19403
29-01-2021,CA,Canada,AMRO,4204,761226,130,19533
30-01-2021,CA,Canada,AMRO,4877,766103,131,19664
31-01-2021,CA,Canada,AMRO,4690,770793,137,19801
01-02-2021,CA,Canada,AMRO,4255,775048,141,19942
02-02-2021,CA,Canada,AMRO,3924,778972,90,20032
03-02-2021,CA,Canada,AMRO,4617,783589,104,20136
04-02-2021,CA,Canada,AMRO,2828,786417,77,20213
05-02-2021,CA,Canada,AMRO,3234,789651,142,20355
06-02-2021,CA,Canada,AMRO,4083,793734,158,20513
07-02-2021,CA,Canada,AMRO,4022,797756,96,20609
08-02-2021,CA,Canada,AMRO,3301,801057,93,20702
09-02-2021,CA,Canada,AMRO,3203,804260,65,20767
10-02-2021,CA,Canada,AMRO,3860,808120,68,20835
11-02-2021,CA,Canada,AMRO,2677,810797,74,20909
12-02-2021,CA,Canada,AMRO,3185,813982,95,21004
13-02-2021,CA,Canada,AMRO,3181,817163,84,21088
14-02-2021,CA,Canada,AMRO,3143,820306,74,21162
15-02-2021,CA,Canada,AMRO,3047,823353,66,21228
16-02-2021,CA,Canada,AMRO,2432,825785,65,21293
17-02-2021,CA,Canada,AMRO,1139,826924,18,21311
18-02-2021,CA,Canada,AMRO,4653,831577,86,21397
19-02-2021,CA,Canada,AMRO,2605,834182,38,21435
20-02-2021,CA,Canada,AMRO,3315,837497,63,21498
21-02-2021,CA,Canada,AMRO,3089,840586,78,21576
22-02-2021,CA,Canada,AMRO,2715,843301,54,21630
23-02-2021,CA,Canada,AMRO,2351,845652,44,21674
24-02-2021,CA,Canada,AMRO,3865,849517,49,21723
25-02-2021,CA,Canada,AMRO,2752,852269,39,21762
26-02-2021,CA,Canada,AMRO,2857,855126,45,21807
27-02-2021,CA,Canada,AMRO,3091,858217,58,21865
28-02-2021,CA,Canada,AMRO,3255,861472,50,21915
01-03-2021,CA,Canada,AMRO,2724,864196,45,21960
02-03-2021,CA,Canada,AMRO,2307,866503,34,21994
03-03-2021,CA,Canada,AMRO,3530,870033,23,22017
04-03-2021,CA,Canada,AMRO,2714,872747,28,22045
05-03-2021,CA,Canada,AMRO,2812,875559,60,22105
06-03-2021,CA,Canada,AMRO,2832,878391,46,22151
07-03-2021,CA,Canada,AMRO,3370,881761,41,22192
08-03-2021,CA,Canada,AMRO,2325,884086,21,22213
09-03-2021,CA,Canada,AMRO,2488,886574,26,22239
10-03-2021,CA,Canada,AMRO,4124,890698,37,22276
11-03-2021,CA,Canada,AMRO,2820,893518,28,22304
12-03-2021,CA,Canada,AMRO,3221,896739,31,22335
13-03-2021,CA,Canada,AMRO,3018,899757,36,22371
14-03-2021,CA,Canada,AMRO,3476,903233,33,22404
15-03-2021,CA,Canada,AMRO,2968,906201,30,22434
16-03-2021,CA,Canada,AMRO,2956,909157,29,22463
17-03-2021,CA,Canada,AMRO,3890,913047,32,22495
18-03-2021,CA,Canada,AMRO,2821,915868,24,22519
19-03-2021,CA,Canada,AMRO,3371,919239,35,22554
20-03-2021,CA,Canada,AMRO,3609,922848,36,22590
21-03-2021,CA,Canada,AMRO,4221,927069,27,22617
22-03-2021,CA,Canada,AMRO,3447,930516,26,22643
23-03-2021,CA,Canada,AMRO,3269,933785,33,22676
24-03-2021,CA,Canada,AMRO,4934,938719,40,22716
25-03-2021,CA,Canada,AMRO,3601,942320,19,22735
26-03-2021,CA,Canada,AMRO,4050,946370,24,22759
27-03-2021,CA,Canada,AMRO,5192,951562,31,22790
28-03-2021,CA,Canada,AMRO,5093,956655,36,22826
29-03-2021,CA,Canada,AMRO,4428,961083,26,22852
30-03-2021,CA,Canada,AMRO,4321,965404,28,22880
31-03-2021,CA,Canada,AMRO,6311,971715,20,22900
01-04-2021,CA,Canada,AMRO,4883,976598,26,22926
02-04-2021,CA,Canada,AMRO,5518,982116,33,22959
03-04-2021,CA,Canada,AMRO,5802,987918,43,23002
04-04-2021,CA,Canada,AMRO,6918,994836,0,23002
05-04-2021,CA,Canada,AMRO,6822,1001658,48,23050
06-04-2021,CA,Canada,AMRO,6448,1008106,25,23075
07-04-2021,CA,Canada,AMRO,6267,1014373,43,23118
08-04-2021,CA,Canada,AMRO,6520,1020893,23,23141
09-04-2021,CA,Canada,AMRO,7148,1028041,32,23173
10-04-2021,CA,Canada,AMRO,7982,1036023,38,23211
11-04-2021,CA,Canada,AMRO,9255,1045278,40,23251
12-04-2021,CA,Canada,AMRO,7261,1052539,36,23287
13-04-2021,CA,Canada,AMRO,9936,1062475,42,23329
14-04-2021,CA,Canada,AMRO,8541,1071016,27,23356
15-04-2021,CA,Canada,AMRO,7546,1078562,36,23392
16-04-2021,CA,Canada,AMRO,8590,1087152,53,23445
17-04-2021,CA,Canada,AMRO,9564,1096716,55,23500
18-04-2021,CA,Canada,AMRO,9346,1106062,41,23541
19-04-2021,CA,Canada,AMRO,7845,1113907,50,23591
20-04-2021,CA,Canada,AMRO,7591,1121498,32,23623
21-04-2021,CA,Canada,AMRO,10275,1131773,44,23667
22-04-2021,CA,Canada,AMRO,7270,1139043,46,23713
23-04-2021,CA,Canada,AMRO,8420,1147463,50,23763
24-04-2021,CA,Canada,AMRO,8371,1155834,59,23822
25-04-2021,CA,Canada,AMRO,8747,1164581,61,23883
26-04-2021,CA,Canada,AMRO,7423,1172004,44,23927
27-04-2021,CA,Canada,AMRO,6982,1178986,38,23965
28-04-2021,CA,Canada,AMRO,8932,1187918,59,24024
29-04-2021,CA,Canada,AMRO,7071,1194989,41,24065
30-04-2021,CA,Canada,AMRO,7748,1202737,52,24117
01-05-2021,CA,Canada,AMRO,8346,1211083,52,24169
02-05-2021,CA,Canada,AMRO,8342,1219425,50,24219
03-05-2021,CA,Canada,AMRO,7610,1227035,42,24261
04-05-2021,CA,Canada,AMRO,7145,1234180,39,24300
05-05-2021,CA,Canada,AMRO,9062,1243242,42,24342
06-05-2021,CA,Canada,AMRO,6708,1249950,54,24396
07-05-2021,CA,Canada,AMRO,7378,1257328,54,24450
08-05-2021,CA,Canada,AMRO,7992,1265320,39,24489
09-05-2021,CA,Canada,AMRO,7849,1273169,40,24529
10-05-2021,CA,Canada,AMRO,6802,1279971,39,24568
11-05-2021,CA,Canada,AMRO,6695,1286666,58,24626
12-05-2021,CA,Canada,AMRO,7520,1294186,56,24682
13-05-2021,CA,Canada,AMRO,5386,1299572,32,24714
14-05-2021,CA,Canada,AMRO,6198,1305770,52,24766
15-05-2021,CA,Canada,AMRO,6638,1312408,59,24825
16-05-2021,CA,Canada,AMRO,5991,1318399,44,24869
17-05-2021,CA,Canada,AMRO,5282,1323681,39,24908
18-05-2021,CA,Canada,AMRO,4901,1328582,40,24948
19-05-2021,CA,Canada,AMRO,5522,1334104,35,24983
20-05-2021,CA,Canada,AMRO,4037,1338141,35,25018
21-05-2021,CA,Canada,AMRO,4247,1342388,48,25066
22-05-2021,CA,Canada,AMRO,5057,1347445,45,25111
23-05-2021,CA,Canada,AMRO,4676,1352121,51,25162
24-05-2021,CA,Canada,AMRO,4000,1356121,41,25203
25-05-2021,CA,Canada,AMRO,3738,1359859,28,25231
26-05-2021,CA,Canada,AMRO,1705,1361564,34,25265
27-05-2021,CA,Canada,AMRO,3952,1365516,59,25324
28-05-2021,CA,Canada,AMRO,2590,1368106,37,25361
29-05-2021,CA,Canada,AMRO,2967,1371073,50,25411
30-05-2021,CA,Canada,AMRO,3202,1374275,29,25440
01-01-2021,KY,Cayman Islands,AMRO,4,330,0,2
02-01-2021,KY,Cayman Islands,AMRO,8,338,0,2
03-01-2021,KY,Cayman Islands,AMRO,0,338,0,2
04-01-2021,KY,Cayman Islands,AMRO,0,338,0,2
05-01-2021,KY,Cayman Islands,AMRO,0,338,0,2
06-01-2021,KY,Cayman Islands,AMRO,9,347,0,2
07-01-2021,KY,Cayman Islands,AMRO,3,350,0,2
08-01-2021,KY,Cayman Islands,AMRO,6,356,0,2
09-01-2021,KY,Cayman Islands,AMRO,3,359,0,2
10-01-2021,KY,Cayman Islands,AMRO,0,359,0,2
11-01-2021,KY,Cayman Islands,AMRO,0,359,0,2
12-01-2021,KY,Cayman Islands,AMRO,0,359,0,2
13-01-2021,KY,Cayman Islands,AMRO,3,362,0,2
14-01-2021,KY,Cayman Islands,AMRO,0,362,0,2
15-01-2021,KY,Cayman Islands,AMRO,5,367,0,2
16-01-2021,KY,Cayman Islands,AMRO,1,368,0,2
17-01-2021,KY,Cayman Islands,AMRO,6,374,0,2
18-01-2021,KY,Cayman Islands,AMRO,0,374,0,2
19-01-2021,KY,Cayman Islands,AMRO,0,374,0,2
20-01-2021,KY,Cayman Islands,AMRO,6,380,0,2
21-01-2021,KY,Cayman Islands,AMRO,1,381,0,2
22-01-2021,KY,Cayman Islands,AMRO,0,381,0,2
23-01-2021,KY,Cayman Islands,AMRO,1,382,0,2
24-01-2021,KY,Cayman Islands,AMRO,1,383,0,2
25-01-2021,KY,Cayman Islands,AMRO,0,383,0,2
26-01-2021,KY,Cayman Islands,AMRO,0,383,0,2
27-01-2021,KY,Cayman Islands,AMRO,0,383,0,2
28-01-2021,KY,Cayman Islands,AMRO,1,384,0,2
29-01-2021,KY,Cayman Islands,AMRO,1,385,0,2
30-01-2021,KY,Cayman Islands,AMRO,2,387,0,2
31-01-2021,KY,Cayman Islands,AMRO,3,390,0,2
01-02-2021,KY,Cayman Islands,AMRO,0,390,0,2
02-02-2021,KY,Cayman Islands,AMRO,0,390,0,2
03-02-2021,KY,Cayman Islands,AMRO,8,398,0,2
04-02-2021,KY,Cayman Islands,AMRO,2,400,0,2
05-02-2021,KY,Cayman Islands,AMRO,0,400,0,2
06-02-2021,KY,Cayman Islands,AMRO,5,405,0,2
07-02-2021,KY,Cayman Islands,AMRO,0,405,0,2
08-02-2021,KY,Cayman Islands,AMRO,0,405,0,2
09-02-2021,KY,Cayman Islands,AMRO,0,405,0,2
10-02-2021,KY,Cayman Islands,AMRO,3,408,0,2
11-02-2021,KY,Cayman Islands,AMRO,0,408,0,2
12-02-2021,KY,Cayman Islands,AMRO,0,408,0,2
13-02-2021,KY,Cayman Islands,AMRO,3,411,0,2
14-02-2021,KY,Cayman Islands,AMRO,5,416,0,2
15-02-2021,KY,Cayman Islands,AMRO,0,416,0,2
16-02-2021,KY,Cayman Islands,AMRO,0,416,0,2
17-02-2021,KY,Cayman Islands,AMRO,3,419,0,2
18-02-2021,KY,Cayman Islands,AMRO,0,419,0,2
19-02-2021,KY,Cayman Islands,AMRO,0,419,0,2
20-02-2021,KY,Cayman Islands,AMRO,6,425,0,2
21-02-2021,KY,Cayman Islands,AMRO,3,428,0,2
22-02-2021,KY,Cayman Islands,AMRO,0,428,0,2
23-02-2021,KY,Cayman Islands,AMRO,0,428,0,2
24-02-2021,KY,Cayman Islands,AMRO,3,431,0,2
25-02-2021,KY,Cayman Islands,AMRO,0,431,0,2
26-02-2021,KY,Cayman Islands,AMRO,0,431,0,2
27-02-2021,KY,Cayman Islands,AMRO,7,438,0,2
28-02-2021,KY,Cayman Islands,AMRO,0,438,0,2
01-03-2021,KY,Cayman Islands,AMRO,0,438,0,2
02-03-2021,KY,Cayman Islands,AMRO,6,444,0,2
03-03-2021,KY,Cayman Islands,AMRO,3,447,0,2
04-03-2021,KY,Cayman Islands,AMRO,0,447,0,2
05-03-2021,KY,Cayman Islands,AMRO,1,448,0,2
06-03-2021,KY,Cayman Islands,AMRO,0,448,0,2
07-03-2021,KY,Cayman Islands,AMRO,3,451,0,2
08-03-2021,KY,Cayman Islands,AMRO,0,451,0,2
09-03-2021,KY,Cayman Islands,AMRO,0,451,0,2
10-03-2021,KY,Cayman Islands,AMRO,0,451,0,2
11-03-2021,KY,Cayman Islands,AMRO,9,460,0,2
12-03-2021,KY,Cayman Islands,AMRO,0,460,0,2
13-03-2021,KY,Cayman Islands,AMRO,3,463,0,2
14-03-2021,KY,Cayman Islands,AMRO,5,468,0,2
15-03-2021,KY,Cayman Islands,AMRO,0,468,0,2
16-03-2021,KY,Cayman Islands,AMRO,0,468,0,2
17-03-2021,KY,Cayman Islands,AMRO,6,474,0,2
18-03-2021,KY,Cayman Islands,AMRO,0,474,0,2
19-03-2021,KY,Cayman Islands,AMRO,0,474,0,2
20-03-2021,KY,Cayman Islands,AMRO,1,475,0,2
21-03-2021,KY,Cayman Islands,AMRO,0,475,0,2
22-03-2021,KY,Cayman Islands,AMRO,0,475,0,2
23-03-2021,KY,Cayman Islands,AMRO,0,475,0,2
24-03-2021,KY,Cayman Islands,AMRO,7,482,0,2
25-03-2021,KY,Cayman Islands,AMRO,0,482,0,2
26-03-2021,KY,Cayman Islands,AMRO,0,482,0,2
27-03-2021,KY,Cayman Islands,AMRO,1,483,0,2
28-03-2021,KY,Cayman Islands,AMRO,4,487,0,2
29-03-2021,KY,Cayman Islands,AMRO,0,487,0,2
30-03-2021,KY,Cayman Islands,AMRO,0,487,0,2
31-03-2021,KY,Cayman Islands,AMRO,12,499,0,2
01-04-2021,KY,Cayman Islands,AMRO,0,499,0,2
02-04-2021,KY,Cayman Islands,AMRO,1,500,0,2
03-04-2021,KY,Cayman Islands,AMRO,1,501,0,2
04-04-2021,KY,Cayman Islands,AMRO,0,501,0,2
05-04-2021,KY,Cayman Islands,AMRO,0,501,0,2
06-04-2021,KY,Cayman Islands,AMRO,0,501,0,2
07-04-2021,KY,Cayman Islands,AMRO,0,501,0,2
08-04-2021,KY,Cayman Islands,AMRO,11,512,0,2
09-04-2021,KY,Cayman Islands,AMRO,1,513,0,2
10-04-2021,KY,Cayman Islands,AMRO,2,515,0,2
11-04-2021,KY,Cayman Islands,AMRO,1,516,0,2
12-04-2021,KY,Cayman Islands,AMRO,0,516,0,2
13-04-2021,KY,Cayman Islands,AMRO,0,516,0,2
14-04-2021,KY,Cayman Islands,AMRO,7,523,0,2
15-04-2021,KY,Cayman Islands,AMRO,0,523,0,2
16-04-2021,KY,Cayman Islands,AMRO,0,523,0,2
17-04-2021,KY,Cayman Islands,AMRO,0,523,0,2
18-04-2021,KY,Cayman Islands,AMRO,2,525,0,2
19-04-2021,KY,Cayman Islands,AMRO,0,525,0,2
20-04-2021,KY,Cayman Islands,AMRO,6,531,0,2
21-04-2021,KY,Cayman Islands,AMRO,0,531,0,2
22-04-2021,KY,Cayman Islands,AMRO,0,531,0,2
23-04-2021,KY,Cayman Islands,AMRO,0,531,0,2
24-04-2021,KY,Cayman Islands,AMRO,0,531,0,2
25-04-2021,KY,Cayman Islands,AMRO,3,534,0,2
26-04-2021,KY,Cayman Islands,AMRO,0,534,0,2
27-04-2021,KY,Cayman Islands,AMRO,7,541,0,2
28-04-2021,KY,Cayman Islands,AMRO,0,541,0,2
29-04-2021,KY,Cayman Islands,AMRO,0,541,0,2
30-04-2021,KY,Cayman Islands,AMRO,1,542,0,2
01-05-2021,KY,Cayman Islands,AMRO,0,542,0,2
02-05-2021,KY,Cayman Islands,AMRO,1,543,0,2
03-05-2021,KY,Cayman Islands,AMRO,0,543,0,2
04-05-2021,KY,Cayman Islands,AMRO,0,543,0,2
05-05-2021,KY,Cayman Islands,AMRO,2,545,0,2
06-05-2021,KY,Cayman Islands,AMRO,0,545,0,2
07-05-2021,KY,Cayman Islands,AMRO,0,545,0,2
08-05-2021,KY,Cayman Islands,AMRO,0,545,0,2
09-05-2021,KY,Cayman Islands,AMRO,3,548,0,2
10-05-2021,KY,Cayman Islands,AMRO,0,548,0,2
11-05-2021,KY,Cayman Islands,AMRO,0,548,0,2
12-05-2021,KY,Cayman Islands,AMRO,0,548,0,2
13-05-2021,KY,Cayman Islands,AMRO,0,548,0,2
14-05-2021,KY,Cayman Islands,AMRO,12,560,0,2
15-05-2021,KY,Cayman Islands,AMRO,1,561,0,2
16-05-2021,KY,Cayman Islands,AMRO,4,565,0,2
17-05-2021,KY,Cayman Islands,AMRO,0,565,0,2
18-05-2021,KY,Cayman Islands,AMRO,0,565,0,2
19-05-2021,KY,Cayman Islands,AMRO,0,565,0,2
20-05-2021,KY,Cayman Islands,AMRO,0,565,0,2
21-05-2021,KY,Cayman Islands,AMRO,9,574,0,2
22-05-2021,KY,Cayman Islands,AMRO,0,574,0,2
23-05-2021,KY,Cayman Islands,AMRO,0,574,0,2
24-05-2021,KY,Cayman Islands,AMRO,0,574,0,2
25-05-2021,KY,Cayman Islands,AMRO,0,574,0,2
26-05-2021,KY,Cayman Islands,AMRO,0,574,0,2
27-05-2021,KY,Cayman Islands,AMRO,4,578,0,2
28-05-2021,KY,Cayman Islands,AMRO,3,581,0,2
29-05-2021,KY,Cayman Islands,AMRO,0,581,0,2
30-05-2021,KY,Cayman Islands,AMRO,0,581,0,2
01-01-2021,CF,Central African Republic,AFRO,0,4963,0,63
02-01-2021,CF,Central African Republic,AFRO,0,4963,0,63
03-01-2021,CF,Central African Republic,AFRO,0,4963,0,63
04-01-2021,CF,Central African Republic,AFRO,0,4963,0,63
05-01-2021,CF,Central African Republic,AFRO,0,4963,0,63
06-01-2021,CF,Central African Republic,AFRO,0,4963,0,63
07-01-2021,CF,Central African Republic,AFRO,6,4969,0,63
08-01-2021,CF,Central African Republic,AFRO,0,4969,0,63
09-01-2021,CF,Central African Republic,AFRO,0,4969,0,63
10-01-2021,CF,Central African Republic,AFRO,4,4973,0,63
11-01-2021,CF,Central African Republic,AFRO,0,4973,0,63
12-01-2021,CF,Central African Republic,AFRO,0,4973,0,63
13-01-2021,CF,Central African Republic,AFRO,0,4973,0,63
14-01-2021,CF,Central African Republic,AFRO,0,4973,0,63
15-01-2021,CF,Central African Republic,AFRO,0,4973,0,63
16-01-2021,CF,Central African Republic,AFRO,0,4973,0,63
17-01-2021,CF,Central African Republic,AFRO,0,4973,0,63
18-01-2021,CF,Central African Republic,AFRO,0,4973,0,63
19-01-2021,CF,Central African Republic,AFRO,0,4973,0,63
20-01-2021,CF,Central African Republic,AFRO,1,4974,0,63
21-01-2021,CF,Central African Republic,AFRO,0,4974,0,63
22-01-2021,CF,Central African Republic,AFRO,0,4974,0,63
23-01-2021,CF,Central African Republic,AFRO,0,4974,0,63
24-01-2021,CF,Central African Republic,AFRO,6,4980,0,63
25-01-2021,CF,Central African Republic,AFRO,0,4980,0,63
26-01-2021,CF,Central African Republic,AFRO,0,4980,0,63
27-01-2021,CF,Central African Republic,AFRO,1,4981,0,63
28-01-2021,CF,Central African Republic,AFRO,0,4981,0,63
29-01-2021,CF,Central African Republic,AFRO,0,4981,0,63
30-01-2021,CF,Central African Republic,AFRO,0,4981,0,63
31-01-2021,CF,Central African Republic,AFRO,0,4981,0,63
01-02-2021,CF,Central African Republic,AFRO,8,4989,0,63
02-02-2021,CF,Central African Republic,AFRO,0,4989,0,63
03-02-2021,CF,Central African Republic,AFRO,0,4989,0,63
04-02-2021,CF,Central African Republic,AFRO,0,4989,0,63
05-02-2021,CF,Central African Republic,AFRO,0,4989,0,63
06-02-2021,CF,Central African Republic,AFRO,0,4989,0,63
07-02-2021,CF,Central African Republic,AFRO,0,4989,0,63
08-02-2021,CF,Central African Republic,AFRO,0,4989,0,63
09-02-2021,CF,Central African Republic,AFRO,0,4989,0,63
10-02-2021,CF,Central African Republic,AFRO,0,4989,0,63
11-02-2021,CF,Central African Republic,AFRO,7,4996,0,63
12-02-2021,CF,Central African Republic,AFRO,0,4996,0,63
13-02-2021,CF,Central African Republic,AFRO,0,4996,0,63
14-02-2021,CF,Central African Republic,AFRO,0,4996,0,63
15-02-2021,CF,Central African Republic,AFRO,0,4996,0,63
16-02-2021,CF,Central African Republic,AFRO,0,4996,0,63
17-02-2021,CF,Central African Republic,AFRO,0,4996,0,63
18-02-2021,CF,Central African Republic,AFRO,0,4996,0,63
19-02-2021,CF,Central African Republic,AFRO,0,4996,0,63
20-02-2021,CF,Central African Republic,AFRO,0,4996,0,63
21-02-2021,CF,Central African Republic,AFRO,0,4996,0,63
22-02-2021,CF,Central African Republic,AFRO,0,4996,0,63
23-02-2021,CF,Central African Republic,AFRO,1,4997,0,63
24-02-2021,CF,Central African Republic,AFRO,0,4997,0,63
25-02-2021,CF,Central African Republic,AFRO,0,4997,0,63
26-02-2021,CF,Central African Republic,AFRO,0,4997,0,63
27-02-2021,CF,Central African Republic,AFRO,0,4997,0,63
28-02-2021,CF,Central African Republic,AFRO,0,4997,0,63
01-03-2021,CF,Central African Republic,AFRO,0,4997,0,63
02-03-2021,CF,Central African Republic,AFRO,0,4997,0,63
03-03-2021,CF,Central African Republic,AFRO,0,4997,0,63
04-03-2021,CF,Central African Republic,AFRO,0,4997,0,63
05-03-2021,CF,Central African Republic,AFRO,0,4997,0,63
06-03-2021,CF,Central African Republic,AFRO,0,4997,0,63
07-03-2021,CF,Central African Republic,AFRO,24,5021,0,63
08-03-2021,CF,Central African Republic,AFRO,0,5021,0,63
09-03-2021,CF,Central African Republic,AFRO,0,5021,0,63
10-03-2021,CF,Central African Republic,AFRO,0,5021,0,63
11-03-2021,CF,Central African Republic,AFRO,0,5021,0,63
12-03-2021,CF,Central African Republic,AFRO,0,5021,0,63
13-03-2021,CF,Central African Republic,AFRO,0,5021,0,63
14-03-2021,CF,Central African Republic,AFRO,0,5021,0,63
15-03-2021,CF,Central African Republic,AFRO,0,5021,0,63
16-03-2021,CF,Central African Republic,AFRO,4,5025,0,63
17-03-2021,CF,Central African Republic,AFRO,39,5064,0,63
18-03-2021,CF,Central African Republic,AFRO,0,5064,0,63
19-03-2021,CF,Central African Republic,AFRO,0,5064,0,63
20-03-2021,CF,Central African Republic,AFRO,0,5064,0,63
21-03-2021,CF,Central African Republic,AFRO,23,5087,1,64
22-03-2021,CF,Central African Republic,AFRO,0,5087,0,64
23-03-2021,CF,Central African Republic,AFRO,0,5087,0,64
24-03-2021,CF,Central African Republic,AFRO,1,5088,0,64
25-03-2021,CF,Central African Republic,AFRO,-1,5087,0,64
26-03-2021,CF,Central African Republic,AFRO,0,5087,0,64
27-03-2021,CF,Central African Republic,AFRO,0,5087,0,64
28-03-2021,CF,Central African Republic,AFRO,0,5087,0,64
29-03-2021,CF,Central African Republic,AFRO,0,5087,0,64
30-03-2021,CF,Central African Republic,AFRO,74,5161,3,67
31-03-2021,CF,Central African Republic,AFRO,0,5161,0,67
01-04-2021,CF,Central African Republic,AFRO,61,5222,5,72
02-04-2021,CF,Central African Republic,AFRO,23,5245,0,72
03-04-2021,CF,Central African Republic,AFRO,0,5245,0,72
04-04-2021,CF,Central African Republic,AFRO,0,5245,0,72
05-04-2021,CF,Central African Republic,AFRO,0,5245,0,72
06-04-2021,CF,Central African Republic,AFRO,68,5313,1,73
07-04-2021,CF,Central African Republic,AFRO,40,5353,0,73
08-04-2021,CF,Central African Republic,AFRO,49,5402,1,74
09-04-2021,CF,Central African Republic,AFRO,0,5402,0,74
10-04-2021,CF,Central African Republic,AFRO,63,5465,0,74
11-04-2021,CF,Central African Republic,AFRO,0,5465,0,74
12-04-2021,CF,Central African Republic,AFRO,0,5465,0,74
13-04-2021,CF,Central African Republic,AFRO,0,5465,0,74
14-04-2021,CF,Central African Republic,AFRO,0,5465,0,74
15-04-2021,CF,Central African Republic,AFRO,0,5465,0,74
16-04-2021,CF,Central African Republic,AFRO,263,5728,1,75
17-04-2021,CF,Central African Republic,AFRO,0,5728,0,75
18-04-2021,CF,Central African Republic,AFRO,59,5787,0,75
19-04-2021,CF,Central African Republic,AFRO,0,5787,0,75
20-04-2021,CF,Central African Republic,AFRO,142,5929,4,79
21-04-2021,CF,Central African Republic,AFRO,246,6175,6,85
22-04-2021,CF,Central African Republic,AFRO,0,6175,0,85
23-04-2021,CF,Central African Republic,AFRO,49,6224,0,85
24-04-2021,CF,Central African Republic,AFRO,0,6224,0,85
25-04-2021,CF,Central African Republic,AFRO,0,6224,0,85
26-04-2021,CF,Central African Republic,AFRO,0,6224,0,85
27-04-2021,CF,Central African Republic,AFRO,135,6359,2,87
28-04-2021,CF,Central African Republic,AFRO,0,6359,0,87
29-04-2021,CF,Central African Republic,AFRO,52,6411,1,88
30-04-2021,CF,Central African Republic,AFRO,0,6411,0,88
01-05-2021,CF,Central African Republic,AFRO,0,6411,0,88
02-05-2021,CF,Central African Republic,AFRO,0,6411,0,88
03-05-2021,CF,Central African Republic,AFRO,0,6411,0,88
04-05-2021,CF,Central African Republic,AFRO,110,6521,3,91
05-05-2021,CF,Central African Republic,AFRO,0,6521,0,91
06-05-2021,CF,Central African Republic,AFRO,153,6674,2,93
07-05-2021,CF,Central African Republic,AFRO,0,6674,0,93
08-05-2021,CF,Central African Republic,AFRO,0,6674,0,93
09-05-2021,CF,Central African Republic,AFRO,0,6674,0,93
10-05-2021,CF,Central African Republic,AFRO,0,6674,0,93
11-05-2021,CF,Central African Republic,AFRO,0,6674,0,93
12-05-2021,CF,Central African Republic,AFRO,192,6866,2,95
13-05-2021,CF,Central African Republic,AFRO,0,6866,0,95
14-05-2021,CF,Central African Republic,AFRO,0,6866,0,95
15-05-2021,CF,Central African Republic,AFRO,0,6866,0,95
16-05-2021,CF,Central African Republic,AFRO,0,6866,0,95
17-05-2021,CF,Central African Republic,AFRO,0,6866,0,95
18-05-2021,CF,Central African Republic,AFRO,144,7010,1,96
19-05-2021,CF,Central African Republic,AFRO,0,7010,0,96
20-05-2021,CF,Central African Republic,AFRO,0,7010,0,96
21-05-2021,CF,Central African Republic,AFRO,0,7010,0,96
22-05-2021,CF,Central African Republic,AFRO,0,7010,0,96
23-05-2021,CF,Central African Republic,AFRO,0,7010,0,96
24-05-2021,CF,Central African Republic,AFRO,69,7079,1,97
25-05-2021,CF,Central African Republic,AFRO,0,7079,0,97
26-05-2021,CF,Central African Republic,AFRO,0,7079,0,97
27-05-2021,CF,Central African Republic,AFRO,0,7079,0,97
28-05-2021,CF,Central African Republic,AFRO,6,7085,1,98
29-05-2021,CF,Central African Republic,AFRO,0,7085,0,98
30-05-2021,CF,Central African Republic,AFRO,0,7085,0,98
01-01-2021,TD,Chad,AFRO,36,2113,0,104
02-01-2021,TD,Chad,AFRO,0,2113,0,104
03-01-2021,TD,Chad,AFRO,56,2169,0,104
04-01-2021,TD,Chad,AFRO,44,2213,0,104
05-01-2021,TD,Chad,AFRO,16,2229,0,104
06-01-2021,TD,Chad,AFRO,60,2289,1,105
07-01-2021,TD,Chad,AFRO,39,2328,0,105
08-01-2021,TD,Chad,AFRO,30,2358,0,105
09-01-2021,TD,Chad,AFRO,61,2419,1,106
10-01-2021,TD,Chad,AFRO,91,2510,1,107
11-01-2021,TD,Chad,AFRO,27,2537,0,107
12-01-2021,TD,Chad,AFRO,52,2589,0,107
13-01-2021,TD,Chad,AFRO,79,2668,1,108
14-01-2021,TD,Chad,AFRO,41,2709,1,109
15-01-2021,TD,Chad,AFRO,64,2773,1,110
16-01-2021,TD,Chad,AFRO,34,2807,1,111
17-01-2021,TD,Chad,AFRO,48,2855,0,111
18-01-2021,TD,Chad,AFRO,40,2895,0,111
19-01-2021,TD,Chad,AFRO,24,2919,2,113
20-01-2021,TD,Chad,AFRO,58,2977,1,114
21-01-2021,TD,Chad,AFRO,35,3012,0,114
22-01-2021,TD,Chad,AFRO,53,3065,0,114
23-01-2021,TD,Chad,AFRO,39,3104,1,115
24-01-2021,TD,Chad,AFRO,33,3137,0,115
25-01-2021,TD,Chad,AFRO,24,3161,1,116
26-01-2021,TD,Chad,AFRO,21,3182,0,116
27-01-2021,TD,Chad,AFRO,43,3225,0,116
28-01-2021,TD,Chad,AFRO,44,3269,1,117
29-01-2021,TD,Chad,AFRO,27,3296,1,118
30-01-2021,TD,Chad,AFRO,25,3321,0,118
31-01-2021,TD,Chad,AFRO,26,3347,0,118
01-02-2021,TD,Chad,AFRO,29,3376,0,118
02-02-2021,TD,Chad,AFRO,9,3385,3,121
03-02-2021,TD,Chad,AFRO,19,3404,0,121
04-02-2021,TD,Chad,AFRO,15,3419,0,121
05-02-2021,TD,Chad,AFRO,14,3433,0,121
06-02-2021,TD,Chad,AFRO,17,3450,3,124
07-02-2021,TD,Chad,AFRO,23,3473,1,125
08-02-2021,TD,Chad,AFRO,24,3497,0,125
09-02-2021,TD,Chad,AFRO,11,3508,0,125
10-02-2021,TD,Chad,AFRO,31,3539,0,125
11-02-2021,TD,Chad,AFRO,29,3568,1,126
12-02-2021,TD,Chad,AFRO,13,3581,0,126
13-02-2021,TD,Chad,AFRO,16,3597,1,127
14-02-2021,TD,Chad,AFRO,25,3622,0,127
15-02-2021,TD,Chad,AFRO,23,3645,1,128
16-02-2021,TD,Chad,AFRO,19,3664,3,131
17-02-2021,TD,Chad,AFRO,25,3689,0,131
18-02-2021,TD,Chad,AFRO,35,3724,1,132
19-02-2021,TD,Chad,AFRO,27,3751,0,132
20-02-2021,TD,Chad,AFRO,25,3776,0,132
21-02-2021,TD,Chad,AFRO,18,3794,1,133
22-02-2021,TD,Chad,AFRO,55,3849,1,134
23-02-2021,TD,Chad,AFRO,19,3868,1,135
24-02-2021,TD,Chad,AFRO,14,3882,1,136
25-02-2021,TD,Chad,AFRO,22,3904,0,136
26-02-2021,TD,Chad,AFRO,30,3934,1,137
27-02-2021,TD,Chad,AFRO,0,3934,0,137
28-02-2021,TD,Chad,AFRO,39,3973,3,140
01-03-2021,TD,Chad,AFRO,0,3973,0,140
02-03-2021,TD,Chad,AFRO,13,3986,0,140
03-03-2021,TD,Chad,AFRO,13,3999,0,140
04-03-2021,TD,Chad,AFRO,57,4056,0,140
05-03-2021,TD,Chad,AFRO,33,4089,0,140
06-03-2021,TD,Chad,AFRO,0,4089,0,140
07-03-2021,TD,Chad,AFRO,72,4161,0,140
08-03-2021,TD,Chad,AFRO,16,4177,0,140
09-03-2021,TD,Chad,AFRO,16,4193,2,142
10-03-2021,TD,Chad,AFRO,21,4214,2,144
11-03-2021,TD,Chad,AFRO,17,4231,5,149
12-03-2021,TD,Chad,AFRO,15,4246,2,151
13-03-2021,TD,Chad,AFRO,28,4274,1,152
14-03-2021,TD,Chad,AFRO,14,4288,1,153
15-03-2021,TD,Chad,AFRO,21,4309,1,154
16-03-2021,TD,Chad,AFRO,19,4328,1,155
17-03-2021,TD,Chad,AFRO,16,4344,0,155
18-03-2021,TD,Chad,AFRO,13,4357,1,156
19-03-2021,TD,Chad,AFRO,23,4380,1,157
20-03-2021,TD,Chad,AFRO,15,4395,0,157
21-03-2021,TD,Chad,AFRO,15,4410,0,157
22-03-2021,TD,Chad,AFRO,10,4420,0,157
23-03-2021,TD,Chad,AFRO,7,4427,0,157
24-03-2021,TD,Chad,AFRO,13,4440,1,158
25-03-2021,TD,Chad,AFRO,13,4453,0,158
26-03-2021,TD,Chad,AFRO,12,4465,0,158
27-03-2021,TD,Chad,AFRO,15,4480,0,158
28-03-2021,TD,Chad,AFRO,21,4501,2,160
29-03-2021,TD,Chad,AFRO,5,4506,1,161
30-03-2021,TD,Chad,AFRO,4,4510,3,164
31-03-2021,TD,Chad,AFRO,13,4523,0,164
01-04-2021,TD,Chad,AFRO,10,4533,0,164
02-04-2021,TD,Chad,AFRO,19,4552,0,164
03-04-2021,TD,Chad,AFRO,21,4573,0,164
04-04-2021,TD,Chad,AFRO,16,4589,0,164
05-04-2021,TD,Chad,AFRO,6,4595,1,165
06-04-2021,TD,Chad,AFRO,0,4595,1,166
07-04-2021,TD,Chad,AFRO,8,4603,0,166
08-04-2021,TD,Chad,AFRO,3,4606,0,166
09-04-2021,TD,Chad,AFRO,10,4616,1,167
10-04-2021,TD,Chad,AFRO,0,4616,0,167
11-04-2021,TD,Chad,AFRO,0,4616,0,167
12-04-2021,TD,Chad,AFRO,20,4636,0,167
13-04-2021,TD,Chad,AFRO,5,4641,0,167
14-04-2021,TD,Chad,AFRO,11,4652,0,167
15-04-2021,TD,Chad,AFRO,10,4662,0,167
16-04-2021,TD,Chad,AFRO,11,4673,1,168
17-04-2021,TD,Chad,AFRO,0,4673,0,168
18-04-2021,TD,Chad,AFRO,18,4691,0,168
19-04-2021,TD,Chad,AFRO,15,4706,1,169
20-04-2021,TD,Chad,AFRO,2,4708,0,169
21-04-2021,TD,Chad,AFRO,15,4723,0,169
22-04-2021,TD,Chad,AFRO,8,4731,0,169
23-04-2021,TD,Chad,AFRO,4,4735,0,169
24-04-2021,TD,Chad,AFRO,12,4747,0,169
25-04-2021,TD,Chad,AFRO,5,4752,0,169
26-04-2021,TD,Chad,AFRO,18,4770,0,169
27-04-2021,TD,Chad,AFRO,2,4772,0,169
28-04-2021,TD,Chad,AFRO,7,4779,1,170
29-04-2021,TD,Chad,AFRO,10,4789,0,170
30-04-2021,TD,Chad,AFRO,21,4810,0,170
01-05-2021,TD,Chad,AFRO,7,4817,0,170
02-05-2021,TD,Chad,AFRO,7,4824,0,170
03-05-2021,TD,Chad,AFRO,4,4828,0,170
04-05-2021,TD,Chad,AFRO,0,4828,0,170
05-05-2021,TD,Chad,AFRO,0,4828,0,170
06-05-2021,TD,Chad,AFRO,19,4847,0,170
07-05-2021,TD,Chad,AFRO,7,4854,0,170
08-05-2021,TD,Chad,AFRO,8,4862,0,170
09-05-2021,TD,Chad,AFRO,12,4874,1,171
10-05-2021,TD,Chad,AFRO,3,4877,0,171
11-05-2021,TD,Chad,AFRO,5,4882,0,171
12-05-2021,TD,Chad,AFRO,6,4888,1,172
13-05-2021,TD,Chad,AFRO,3,4891,0,172
14-05-2021,TD,Chad,AFRO,0,4891,0,172
15-05-2021,TD,Chad,AFRO,0,4891,0,172
16-05-2021,TD,Chad,AFRO,10,4901,1,173
17-05-2021,TD,Chad,AFRO,3,4904,0,173
18-05-2021,TD,Chad,AFRO,0,4904,0,173
19-05-2021,TD,Chad,AFRO,1,4905,0,173
20-05-2021,TD,Chad,AFRO,9,4914,0,173
21-05-2021,TD,Chad,AFRO,4,4918,0,173
22-05-2021,TD,Chad,AFRO,1,4919,0,173
23-05-2021,TD,Chad,AFRO,4,4923,0,173
24-05-2021,TD,Chad,AFRO,1,4924,0,173
25-05-2021,TD,Chad,AFRO,0,4924,0,173
26-05-2021,TD,Chad,AFRO,0,4924,0,173
27-05-2021,TD,Chad,AFRO,0,4924,0,173
28-05-2021,TD,Chad,AFRO,0,4924,0,173
29-05-2021,TD,Chad,AFRO,2,4926,0,173
30-05-2021,TD,Chad,AFRO,2,4928,0,173
01-01-2021,CL,Chile,AMRO,3023,608973,109,16608
02-01-2021,CL,Chile,AMRO,3591,612564,52,16660
03-01-2021,CL,Chile,AMRO,3338,615902,64,16724
04-01-2021,CL,Chile,AMRO,2289,618191,43,16767
05-01-2021,CL,Chile,AMRO,2450,620641,0,16767
06-01-2021,CL,Chile,AMRO,2460,623101,21,16788
07-01-2021,CL,Chile,AMRO,2382,625483,28,16816
08-01-2021,CL,Chile,AMRO,3693,629176,97,16913
09-01-2021,CL,Chile,AMRO,4205,633381,61,16974
10-01-2021,CL,Chile,AMRO,4361,637742,63,17037
11-01-2021,CL,Chile,AMRO,4181,641923,59,17096
12-01-2021,CL,Chile,AMRO,3969,645892,66,17162
13-01-2021,CL,Chile,AMRO,3243,649135,20,17182
14-01-2021,CL,Chile,AMRO,3390,652525,22,17204
15-01-2021,CL,Chile,AMRO,4187,656712,90,17294
16-01-2021,CL,Chile,AMRO,4468,661180,75,17369
17-01-2021,CL,Chile,AMRO,4313,665493,66,17435
18-01-2021,CL,Chile,AMRO,4339,669832,42,17477
19-01-2021,CL,Chile,AMRO,3918,673750,70,17547
20-01-2021,CL,Chile,AMRO,3401,677151,26,17573
21-01-2021,CL,Chile,AMRO,3589,680740,21,17594
22-01-2021,CL,Chile,AMRO,4367,685107,108,17702
23-01-2021,CL,Chile,AMRO,4959,690066,84,17786
24-01-2021,CL,Chile,AMRO,4581,694647,68,17854
25-01-2021,CL,Chile,AMRO,4463,699110,79,17933
26-01-2021,CL,Chile,AMRO,4068,703178,66,17999
27-01-2021,CL,Chile,AMRO,3322,706500,24,18023
28-01-2021,CL,Chile,AMRO,3388,709888,17,18040
29-01-2021,CL,Chile,AMRO,4255,714143,134,18174
30-01-2021,CL,Chile,AMRO,4606,718749,83,18257
31-01-2021,CL,Chile,AMRO,4151,722900,82,18339
01-02-2021,CL,Chile,AMRO,4209,727109,113,18452
02-02-2021,CL,Chile,AMRO,3779,730888,85,18537
03-02-2021,CL,Chile,AMRO,3147,734035,22,18559
04-02-2021,CL,Chile,AMRO,2610,736645,17,18576
05-02-2021,CL,Chile,AMRO,3592,740237,155,18731
06-02-2021,CL,Chile,AMRO,3782,744019,77,18808
07-02-2021,CL,Chile,AMRO,4063,748082,87,18895
08-02-2021,CL,Chile,AMRO,3804,751886,79,18974
09-02-2021,CL,Chile,AMRO,3464,755350,82,19056
10-02-2021,CL,Chile,AMRO,2839,758189,28,19084
11-02-2021,CL,Chile,AMRO,2387,760576,21,19105
12-02-2021,CL,Chile,AMRO,3731,764307,157,19262
13-02-2021,CL,Chile,AMRO,4164,768471,83,19345
14-02-2021,CL,Chile,AMRO,3924,772395,98,19443
15-02-2021,CL,Chile,AMRO,3814,776209,98,19541
16-02-2021,CL,Chile,AMRO,3332,779541,83,19624
17-02-2021,CL,Chile,AMRO,2498,782039,20,19644
18-02-2021,CL,Chile,AMRO,2275,784314,15,19659
19-02-2021,CL,Chile,AMRO,3828,788142,139,19798
20-02-2021,CL,Chile,AMRO,3797,791939,99,19897
21-02-2021,CL,Chile,AMRO,3906,795845,77,19974
22-02-2021,CL,Chile,AMRO,3615,799460,68,20042
23-02-2021,CL,Chile,AMRO,3549,803009,84,20126
24-02-2021,CL,Chile,AMRO,2308,805317,25,20151
25-02-2021,CL,Chile,AMRO,2555,807872,22,20173
26-02-2021,CL,Chile,AMRO,4472,812344,137,20310
27-02-2021,CL,Chile,AMRO,4585,816929,90,20400
28-02-2021,CL,Chile,AMRO,4489,821418,76,20476
01-03-2021,CL,Chile,AMRO,4207,825625,96,20572
02-03-2021,CL,Chile,AMRO,4145,829770,88,20660
03-03-2021,CL,Chile,AMRO,2742,832512,24,20684
04-03-2021,CL,Chile,AMRO,3040,835552,20,20704
05-03-2021,CL,Chile,AMRO,4567,840119,134,20838
06-03-2021,CL,Chile,AMRO,5331,845450,90,20928
07-03-2021,CL,Chile,AMRO,5033,850483,80,21008
08-03-2021,CL,Chile,AMRO,5302,855785,69,21077
09-03-2021,CL,Chile,AMRO,4748,860533,86,21163
10-03-2021,CL,Chile,AMRO,3531,864064,19,21182
11-03-2021,CL,Chile,AMRO,3885,867949,24,21206
12-03-2021,CL,Chile,AMRO,5563,873512,156,21362
13-03-2021,CL,Chile,AMRO,5973,879485,89,21451
14-03-2021,CL,Chile,AMRO,5894,885379,123,21574
15-03-2021,CL,Chile,AMRO,5731,891110,100,21674
16-03-2021,CL,Chile,AMRO,5121,896231,98,21772
17-03-2021,CL,Chile,AMRO,4551,900782,17,21789
18-03-2021,CL,Chile,AMRO,4430,905212,27,21816
19-03-2021,CL,Chile,AMRO,6257,911469,172,21988
20-03-2021,CL,Chile,AMRO,6584,918053,99,22087
21-03-2021,CL,Chile,AMRO,7036,925089,93,22180
22-03-2021,CL,Chile,AMRO,6850,931939,99,22279
23-03-2021,CL,Chile,AMRO,6155,938094,80,22359
24-03-2021,CL,Chile,AMRO,4864,942958,25,22384
25-03-2021,CL,Chile,AMRO,4825,947783,18,22402
26-03-2021,CL,Chile,AMRO,6979,954762,122,22524
27-03-2021,CL,Chile,AMRO,7565,962327,63,22587
28-03-2021,CL,Chile,AMRO,7586,969913,66,22653
29-03-2021,CL,Chile,AMRO,7330,977243,101,22754
30-03-2021,CL,Chile,AMRO,7241,984484,316,23070
31-03-2021,CL,Chile,AMRO,5008,989492,37,23107
01-04-2021,CL,Chile,AMRO,6046,995538,28,23135
02-04-2021,CL,Chile,AMRO,7868,1003406,193,23328
03-04-2021,CL,Chile,AMRO,8079,1011485,93,23421
04-04-2021,CL,Chile,AMRO,7993,1019478,0,23421
05-04-2021,CL,Chile,AMRO,7307,1026785,223,23644
06-04-2021,CL,Chile,AMRO,5827,1032612,33,23677
07-04-2021,CL,Chile,AMRO,5168,1037780,57,23734
08-04-2021,CL,Chile,AMRO,5242,1043022,62,23796
09-04-2021,CL,Chile,AMRO,8248,1051270,183,23979
10-04-2021,CL,Chile,AMRO,9151,1060421,129,24108
11-04-2021,CL,Chile,AMRO,8101,1068522,105,24213
12-04-2021,CL,Chile,AMRO,7977,1076499,133,24346
13-04-2021,CL,Chile,AMRO,6421,1082920,137,24483
14-04-2021,CL,Chile,AMRO,5790,1088710,35,24518
15-04-2021,CL,Chile,AMRO,5557,1094267,30,24548
16-04-2021,CL,Chile,AMRO,7431,1101698,218,24766
17-04-2021,CL,Chile,AMRO,7613,1109311,157,24923
18-04-2021,CL,Chile,AMRO,8037,1117348,132,25055
19-04-2021,CL,Chile,AMRO,7370,1124718,122,25177
20-04-2021,CL,Chile,AMRO,6622,1131340,100,25277
21-04-2021,CL,Chile,AMRO,5095,1136435,40,25317
22-04-2021,CL,Chile,AMRO,4968,1141403,36,25353
23-04-2021,CL,Chile,AMRO,6917,1148320,179,25532
24-04-2021,CL,Chile,AMRO,7582,1155902,109,25641
25-04-2021,CL,Chile,AMRO,6909,1162811,101,25742
26-04-2021,CL,Chile,AMRO,6725,1169536,114,25856
27-04-2021,CL,Chile,AMRO,6078,1175614,119,25975
28-04-2021,CL,Chile,AMRO,4158,1179772,45,26020
29-04-2021,CL,Chile,AMRO,4499,1184271,53,26073
30-04-2021,CL,Chile,AMRO,6720,1190991,174,26247
01-05-2021,CL,Chile,AMRO,7254,1198245,106,26353
02-05-2021,CL,Chile,AMRO,6510,1204755,104,26457
03-05-2021,CL,Chile,AMRO,6165,1210920,104,26561
04-05-2021,CL,Chile,AMRO,4895,1215815,98,26659
05-05-2021,CL,Chile,AMRO,3249,1219064,37,26696
06-05-2021,CL,Chile,AMRO,3885,1222949,30,26726
07-05-2021,CL,Chile,AMRO,6299,1229248,169,26895
08-05-2021,CL,Chile,AMRO,6530,1235778,109,27004
09-05-2021,CL,Chile,AMRO,6198,1241976,97,27101
10-05-2021,CL,Chile,AMRO,5493,1247469,117,27218
11-05-2021,CL,Chile,AMRO,5339,1252808,100,27318
12-05-2021,CL,Chile,AMRO,3738,1256546,38,27356
13-05-2021,CL,Chile,AMRO,3902,1260448,28,27384
14-05-2021,CL,Chile,AMRO,6153,1266601,136,27520
15-05-2021,CL,Chile,AMRO,6915,1273516,127,27647
16-05-2021,CL,Chile,AMRO,6736,1280252,87,27734
17-05-2021,CL,Chile,AMRO,6296,1286548,98,27832
18-05-2021,CL,Chile,AMRO,5548,1292096,102,27934
19-05-2021,CL,Chile,AMRO,3766,1295862,31,27965
20-05-2021,CL,Chile,AMRO,4767,1300629,32,27997
21-05-2021,CL,Chile,AMRO,7682,1308311,172,28169
22-05-2021,CL,Chile,AMRO,7602,1315913,121,28290
23-05-2021,CL,Chile,AMRO,7500,1323413,96,28386
24-05-2021,CL,Chile,AMRO,6505,1329918,132,28518
25-05-2021,CL,Chile,AMRO,5343,1335261,30,28548
26-05-2021,CL,Chile,AMRO,4160,1339421,37,28585
27-05-2021,CL,Chile,AMRO,5197,1344618,39,28624
28-05-2021,CL,Chile,AMRO,8105,1352723,185,28809
29-05-2021,CL,Chile,AMRO,8658,1361381,119,28928
30-05-2021,CL,Chile,AMRO,8375,1369756,119,29047
01-01-2021,CN,China,WPRO,89,96762,1,4789
02-01-2021,CN,China,WPRO,67,96829,1,4790
03-01-2021,CN,China,WPRO,65,96894,1,4791
04-01-2021,CN,China,WPRO,78,96972,0,4791
05-01-2021,CN,China,WPRO,89,97061,3,4794
06-01-2021,CN,China,WPRO,66,97127,0,4794
07-01-2021,CN,China,WPRO,90,97217,1,4795
08-01-2021,CN,China,WPRO,89,97306,0,4795
09-01-2021,CN,China,WPRO,81,97387,1,4796
10-01-2021,CN,China,WPRO,131,97518,2,4798
11-01-2021,CN,China,WPRO,134,97652,1,4799
12-01-2021,CN,China,WPRO,102,97754,1,4800
13-01-2021,CN,China,WPRO,179,97933,1,4801
14-01-2021,CN,China,WPRO,184,98117,2,4803
15-01-2021,CN,China,WPRO,173,98290,0,4803
16-01-2021,CN,China,WPRO,169,98459,0,4803
17-01-2021,CN,China,WPRO,166,98625,1,4804
18-01-2021,CN,China,WPRO,169,98794,0,4804
19-01-2021,CN,China,WPRO,232,99026,1,4805
20-01-2021,CN,China,WPRO,165,99191,2,4807
21-01-2021,CN,China,WPRO,223,99414,1,4808
22-01-2021,CN,China,WPRO,175,99589,1,4809
23-01-2021,CN,China,WPRO,178,99767,1,4810
24-01-2021,CN,China,WPRO,164,99931,0,4810
25-01-2021,CN,China,WPRO,205,100136,1,4811
26-01-2021,CN,China,WPRO,155,100291,3,4814
27-01-2021,CN,China,WPRO,140,100431,2,4816
28-01-2021,CN,China,WPRO,117,100548,2,4818
29-01-2021,CN,China,WPRO,93,100641,2,4820
30-01-2021,CN,China,WPRO,106,100747,1,4821
31-01-2021,CN,China,WPRO,130,100877,2,4823
01-02-2021,CN,China,WPRO,97,100974,2,4825
02-02-2021,CN,China,WPRO,65,101039,1,4826
03-02-2021,CN,China,WPRO,53,101092,2,4828
04-02-2021,CN,China,WPRO,51,101143,1,4829
05-02-2021,CN,China,WPRO,44,101187,2,4831
06-02-2021,CN,China,WPRO,54,101241,0,4831
07-02-2021,CN,China,WPRO,31,101272,0,4831
08-02-2021,CN,China,WPRO,44,101316,0,4831
09-02-2021,CN,China,WPRO,47,101363,0,4831
10-02-2021,CN,China,WPRO,45,101408,2,4833
11-02-2021,CN,China,WPRO,21,101429,1,4834
12-02-2021,CN,China,WPRO,34,101463,2,4836
13-02-2021,CN,China,WPRO,33,101496,1,4837
14-02-2021,CN,China,WPRO,19,101515,1,4838
15-02-2021,CN,China,WPRO,21,101536,0,4838
16-02-2021,CN,China,WPRO,25,101561,0,4838
17-02-2021,CN,China,WPRO,15,101576,2,4840
18-02-2021,CN,China,WPRO,28,101604,2,4842
19-02-2021,CN,China,WPRO,20,101624,0,4842
20-02-2021,CN,China,WPRO,22,101646,0,4842
21-02-2021,CN,China,WPRO,23,101669,0,4842
22-02-2021,CN,China,WPRO,31,101700,0,4842
23-02-2021,CN,China,WPRO,26,101726,0,4842
24-02-2021,CN,China,WPRO,24,101750,0,4842
25-02-2021,CN,China,WPRO,28,101778,1,4843
26-02-2021,CN,China,WPRO,24,101802,0,4843
27-02-2021,CN,China,WPRO,34,101836,0,4843
28-02-2021,CN,China,WPRO,42,101878,0,4843
01-03-2021,CN,China,WPRO,42,101920,1,4844
02-03-2021,CN,China,WPRO,25,101945,1,4845
03-03-2021,CN,China,WPRO,23,101968,0,4845
04-03-2021,CN,China,WPRO,27,101995,0,4845
05-03-2021,CN,China,WPRO,20,102015,1,4846
06-03-2021,CN,China,WPRO,21,102036,0,4846
07-03-2021,CN,China,WPRO,28,102064,2,4848
08-03-2021,CN,China,WPRO,37,102101,0,4848
09-03-2021,CN,China,WPRO,24,102125,0,4848
10-03-2021,CN,China,WPRO,27,102152,0,4848
11-03-2021,CN,China,WPRO,20,102172,1,4849
12-03-2021,CN,China,WPRO,31,102203,0,4849
13-03-2021,CN,China,WPRO,73,102276,0,4849
14-03-2021,CN,China,WPRO,57,102333,0,4849
15-03-2021,CN,China,WPRO,30,102363,0,4849
16-03-2021,CN,China,WPRO,48,102411,0,4849
17-03-2021,CN,China,WPRO,22,102433,0,4849
18-03-2021,CN,China,WPRO,17,102450,0,4849
19-03-2021,CN,China,WPRO,29,102479,0,4849
20-03-2021,CN,China,WPRO,23,102502,0,4849
21-03-2021,CN,China,WPRO,21,102523,0,4849
22-03-2021,CN,China,WPRO,16,102539,0,4849
23-03-2021,CN,China,WPRO,27,102566,0,4849
24-03-2021,CN,China,WPRO,23,102589,1,4850
25-03-2021,CN,China,WPRO,23,102612,0,4850
26-03-2021,CN,China,WPRO,23,102635,0,4850
27-03-2021,CN,China,WPRO,24,102659,1,4851
28-03-2021,CN,China,WPRO,21,102680,0,4851
29-03-2021,CN,China,WPRO,18,102698,0,4851
30-03-2021,CN,China,WPRO,17,102715,0,4851
31-03-2021,CN,China,WPRO,19,102734,0,4851
01-04-2021,CN,China,WPRO,28,102762,0,4851
02-04-2021,CN,China,WPRO,28,102790,0,4851
03-04-2021,CN,China,WPRO,48,102838,0,4851
04-04-2021,CN,China,WPRO,29,102867,0,4851
05-04-2021,CN,China,WPRO,41,102908,0,4851
06-04-2021,CN,China,WPRO,41,102949,0,4851
07-04-2021,CN,China,WPRO,21,102970,0,4851
08-04-2021,CN,China,WPRO,33,103003,0,4851
09-04-2021,CN,China,WPRO,31,103034,0,4851
10-04-2021,CN,China,WPRO,32,103066,2,4853
11-04-2021,CN,China,WPRO,17,103083,0,4853
12-04-2021,CN,China,WPRO,30,103113,1,4854
13-04-2021,CN,China,WPRO,23,103136,0,4854
14-04-2021,CN,China,WPRO,29,103165,1,4855
15-04-2021,CN,China,WPRO,20,103185,1,4856
16-04-2021,CN,China,WPRO,18,103203,0,4856
17-04-2021,CN,China,WPRO,34,103237,0,4856
18-04-2021,CN,China,WPRO,36,103273,0,4856
19-04-2021,CN,China,WPRO,42,103315,0,4856
20-04-2021,CN,China,WPRO,25,103340,0,4856
21-04-2021,CN,China,WPRO,31,103371,0,4856
22-04-2021,CN,China,WPRO,11,103382,0,4856
23-04-2021,CN,China,WPRO,37,103419,0,4856
24-04-2021,CN,China,WPRO,22,103441,0,4856
25-04-2021,CN,China,WPRO,23,103464,0,4856
26-04-2021,CN,China,WPRO,20,103484,1,4857
27-04-2021,CN,China,WPRO,19,103503,0,4857
28-04-2021,CN,China,WPRO,26,103529,0,4857
29-04-2021,CN,China,WPRO,33,103562,0,4857
30-04-2021,CN,China,WPRO,33,103595,0,4857
01-05-2021,CN,China,WPRO,27,103622,0,4857
02-05-2021,CN,China,WPRO,27,103649,1,4858
03-05-2021,CN,China,WPRO,18,103667,0,4858
04-05-2021,CN,China,WPRO,27,103694,0,4858
05-05-2021,CN,China,WPRO,19,103713,0,4858
06-05-2021,CN,China,WPRO,18,103731,0,4858
07-05-2021,CN,China,WPRO,28,103759,0,4858
08-05-2021,CN,China,WPRO,14,103773,0,4858
09-05-2021,CN,China,WPRO,22,103795,0,4858
10-05-2021,CN,China,WPRO,13,103808,0,4858
11-05-2021,CN,China,WPRO,33,103841,0,4858
12-05-2021,CN,China,WPRO,28,103869,0,4858
13-05-2021,CN,China,WPRO,32,103901,0,4858
14-05-2021,CN,China,WPRO,35,103936,0,4858
15-05-2021,CN,China,WPRO,49,103985,0,4858
16-05-2021,CN,China,WPRO,206,104191,0,4858
17-05-2021,CN,China,WPRO,234,104425,0,4858
18-05-2021,CN,China,WPRO,357,104782,0,4858
19-05-2021,CN,China,WPRO,258,105040,2,4860
20-05-2021,CN,China,WPRO,286,105326,0,4860
21-05-2021,CN,China,WPRO,319,105645,1,4861
22-05-2021,CN,China,WPRO,326,105971,0,4861
23-05-2021,CN,China,WPRO,742,106713,2,4863
24-05-2021,CN,China,WPRO,474,107187,6,4869
25-05-2021,CN,China,WPRO,611,107798,6,4875
26-05-2021,CN,China,WPRO,559,108357,6,4881
27-05-2021,CN,China,WPRO,654,109011,11,4892
28-05-2021,CN,China,WPRO,678,109689,13,4905
29-05-2021,CN,China,WPRO,572,110261,19,4924
30-05-2021,CN,China,WPRO,505,110766,21,4945
01-01-2021,CO,Colombia,AMRO,11639,1626461,289,42909
02-01-2021,CO,Colombia,AMRO,16314,1642775,304,43213
03-01-2021,CO,Colombia,AMRO,12105,1654880,282,43495
04-01-2021,CO,Colombia,AMRO,11528,1666408,270,43765
05-01-2021,CO,Colombia,AMRO,9412,1675820,200,43965
06-01-2021,CO,Colombia,AMRO,10311,1686131,222,44187
07-01-2021,CO,Colombia,AMRO,16835,1702966,241,44428
08-01-2021,CO,Colombia,AMRO,16805,1719771,295,44723
09-01-2021,CO,Colombia,AMRO,17576,1737347,344,45067
10-01-2021,CO,Colombia,AMRO,18221,1755568,364,45431
11-01-2021,CO,Colombia,AMRO,15795,1771363,353,45784
12-01-2021,CO,Colombia,AMRO,15537,1786900,330,46114
13-01-2021,CO,Colombia,AMRO,15003,1801903,337,46451
14-01-2021,CO,Colombia,AMRO,14179,1816082,331,46782
15-01-2021,CO,Colombia,AMRO,15898,1831980,342,47124
16-01-2021,CO,Colombia,AMRO,17121,1849101,367,47491
17-01-2021,CO,Colombia,AMRO,21078,1870179,377,47868
18-01-2021,CO,Colombia,AMRO,20855,1891034,388,48256
19-01-2021,CO,Colombia,AMRO,17379,1908413,375,48631
20-01-2021,CO,Colombia,AMRO,14719,1923132,373,49004
21-01-2021,CO,Colombia,AMRO,15939,1939071,398,49402
22-01-2021,CO,Colombia,AMRO,17908,1956979,390,49792
23-01-2021,CO,Colombia,AMRO,15366,1972345,395,50187
24-01-2021,CO,Colombia,AMRO,15073,1987418,399,50586
25-01-2021,CO,Colombia,AMRO,15551,2002969,396,50982
26-01-2021,CO,Colombia,AMRO,12516,2015485,392,51374
27-01-2021,CO,Colombia,AMRO,12261,2027746,373,51747
28-01-2021,CO,Colombia,AMRO,13606,2041352,381,52128
29-01-2021,CO,Colombia,AMRO,13953,2055305,395,52523
30-01-2021,CO,Colombia,AMRO,12270,2067575,390,52913
31-01-2021,CO,Colombia,AMRO,10058,2077633,371,53284
01-02-2021,CO,Colombia,AMRO,9173,2086806,366,53650
02-02-2021,CO,Colombia,AMRO,8078,2094884,333,53983
03-02-2021,CO,Colombia,AMRO,9622,2104506,289,54272
04-02-2021,CO,Colombia,AMRO,10091,2114597,304,54576
05-02-2021,CO,Colombia,AMRO,11025,2125622,301,54877
06-02-2021,CO,Colombia,AMRO,9790,2135412,254,55131
07-02-2021,CO,Colombia,AMRO,7248,2142660,272,55403
08-02-2021,CO,Colombia,AMRO,8547,2151207,290,55693
09-02-2021,CO,Colombia,AMRO,6009,2157216,300,55993
10-02-2021,CO,Colombia,AMRO,4246,2161462,297,56290
11-02-2021,CO,Colombia,AMRO,5442,2166904,217,56507
12-02-2021,CO,Colombia,AMRO,6443,2173347,226,56733
13-02-2021,CO,Colombia,AMRO,6294,2179641,250,56983
14-02-2021,CO,Colombia,AMRO,5528,2185169,213,57196
15-02-2021,CO,Colombia,AMRO,4947,2190116,229,57425
16-02-2021,CO,Colombia,AMRO,4923,2195039,180,57605
17-02-2021,CO,Colombia,AMRO,3510,2198549,181,57786
18-02-2021,CO,Colombia,AMRO,4049,2202598,163,57949
19-02-2021,CO,Colombia,AMRO,5103,2207701,185,58134
20-02-2021,CO,Colombia,AMRO,4824,2212525,200,58334
21-02-2021,CO,Colombia,AMRO,4476,2217001,177,58511
22-02-2021,CO,Colombia,AMRO,5017,2222018,174,58685
23-02-2021,CO,Colombia,AMRO,4244,2226262,149,58834
24-02-2021,CO,Colombia,AMRO,3401,2229663,140,58974
25-02-2021,CO,Colombia,AMRO,3926,2233589,144,59118
26-02-2021,CO,Colombia,AMRO,3953,2237542,142,59260
27-02-2021,CO,Colombia,AMRO,3683,2241225,136,59396
28-02-2021,CO,Colombia,AMRO,3567,2244792,122,59518
01-03-2021,CO,Colombia,AMRO,3343,2248135,142,59660
02-03-2021,CO,Colombia,AMRO,3555,2251690,106,59766
03-03-2021,CO,Colombia,AMRO,3570,2255260,100,59866
04-03-2021,CO,Colombia,AMRO,4339,2259599,106,59972
05-03-2021,CO,Colombia,AMRO,3047,2262646,110,60082
06-03-2021,CO,Colombia,AMRO,3565,2266211,107,60189
07-03-2021,CO,Colombia,AMRO,3371,2269582,111,60300
08-03-2021,CO,Colombia,AMRO,3663,2273245,112,60412
09-03-2021,CO,Colombia,AMRO,3411,2276656,91,60503
10-03-2021,CO,Colombia,AMRO,2205,2278861,95,60598
11-03-2021,CO,Colombia,AMRO,3511,2282372,78,60676
12-03-2021,CO,Colombia,AMRO,3588,2285960,97,60773
13-03-2021,CO,Colombia,AMRO,4579,2290539,85,60858
14-03-2021,CO,Colombia,AMRO,4078,2294617,92,60950
15-03-2021,CO,Colombia,AMRO,4465,2299082,96,61046
16-03-2021,CO,Colombia,AMRO,4062,2303144,97,61143
17-03-2021,CO,Colombia,AMRO,2740,2305884,100,61243
18-03-2021,CO,Colombia,AMRO,3716,2309600,125,61368
19-03-2021,CO,Colombia,AMRO,4554,2314154,130,61498
20-03-2021,CO,Colombia,AMRO,5139,2319293,138,61636
21-03-2021,CO,Colombia,AMRO,5133,2324426,135,61771
22-03-2021,CO,Colombia,AMRO,6761,2331187,136,61907
23-03-2021,CO,Colombia,AMRO,5963,2337150,121,62028
24-03-2021,CO,Colombia,AMRO,5128,2342278,120,62148
25-03-2021,CO,Colombia,AMRO,4946,2347224,126,62274
26-03-2021,CO,Colombia,AMRO,5986,2353210,120,62394
27-03-2021,CO,Colombia,AMRO,6732,2359942,125,62519
28-03-2021,CO,Colombia,AMRO,7395,2367337,126,62645
29-03-2021,CO,Colombia,AMRO,8254,2375591,145,62790
30-03-2021,CO,Colombia,AMRO,7139,2382730,165,62955
31-03-2021,CO,Colombia,AMRO,7049,2389779,124,63079
01-04-2021,CO,Colombia,AMRO,7952,2397731,176,63255
02-04-2021,CO,Colombia,AMRO,8646,2406377,167,63422
03-04-2021,CO,Colombia,AMRO,11449,2417826,192,63614
04-04-2021,CO,Colombia,AMRO,10222,2428048,163,63777
05-04-2021,CO,Colombia,AMRO,9149,2437197,155,63932
06-04-2021,CO,Colombia,AMRO,9022,2446219,162,64094
07-04-2021,CO,Colombia,AMRO,10190,2456409,199,64293
08-04-2021,CO,Colombia,AMRO,11827,2468236,231,64524
09-04-2021,CO,Colombia,AMRO,11381,2479617,243,64767
10-04-2021,CO,Colombia,AMRO,12464,2492081,247,65014
11-04-2021,CO,Colombia,AMRO,12125,2504206,269,65283
12-04-2021,CO,Colombia,AMRO,14509,2518715,325,65608
13-04-2021,CO,Colombia,AMRO,17483,2536198,281,65889
14-04-2021,CO,Colombia,AMRO,16739,2552937,267,66156
15-04-2021,CO,Colombia,AMRO,16377,2569314,326,66482
16-04-2021,CO,Colombia,AMRO,16487,2585801,337,66819
17-04-2021,CO,Colombia,AMRO,16918,2602719,380,67199
18-04-2021,CO,Colombia,AMRO,16703,2619422,365,67564
19-04-2021,CO,Colombia,AMRO,16654,2636076,367,67931
20-04-2021,CO,Colombia,AMRO,16871,2652947,397,68328
21-04-2021,CO,Colombia,AMRO,14189,2667136,420,68748
22-04-2021,CO,Colombia,AMRO,16965,2684101,429,69177
23-04-2021,CO,Colombia,AMRO,17212,2701313,419,69596
24-04-2021,CO,Colombia,AMRO,19306,2720619,430,70026
25-04-2021,CO,Colombia,AMRO,19925,2740544,420,70446
26-04-2021,CO,Colombia,AMRO,16730,2757274,440,70886
27-04-2021,CO,Colombia,AMRO,17190,2774464,465,71351
28-04-2021,CO,Colombia,AMRO,12839,2787303,448,71799
29-04-2021,CO,Colombia,AMRO,17578,2804881,436,72235
30-04-2021,CO,Colombia,AMRO,19745,2824626,490,72725
01-05-2021,CO,Colombia,AMRO,17308,2841934,505,73230
02-05-2021,CO,Colombia,AMRO,17790,2859724,490,73720
03-05-2021,CO,Colombia,AMRO,18022,2877746,495,74215
04-05-2021,CO,Colombia,AMRO,15909,2893655,485,74700
05-05-2021,CO,Colombia,AMRO,11599,2905254,464,75164
06-05-2021,CO,Colombia,AMRO,14551,2919805,463,75627
07-05-2021,CO,Colombia,AMRO,14806,2934611,388,76015
08-05-2021,CO,Colombia,AMRO,16490,2951101,399,76414
09-05-2021,CO,Colombia,AMRO,17525,2968626,453,76867
10-05-2021,CO,Colombia,AMRO,16910,2985536,492,77359
11-05-2021,CO,Colombia,AMRO,17222,3002758,495,77854
12-05-2021,CO,Colombia,AMRO,12543,3015301,488,78342
13-05-2021,CO,Colombia,AMRO,16425,3031726,429,78771
14-05-2021,CO,Colombia,AMRO,16993,3048719,490,79261
15-05-2021,CO,Colombia,AMRO,19160,3067879,499,79760
16-05-2021,CO,Colombia,AMRO,16581,3084460,490,80250
17-05-2021,CO,Colombia,AMRO,18873,3103333,530,80780
18-05-2021,CO,Colombia,AMRO,15093,3118426,520,81300
19-05-2021,CO,Colombia,AMRO,12984,3131410,509,81809
20-05-2021,CO,Colombia,AMRO,13137,3144547,482,82291
21-05-2021,CO,Colombia,AMRO,16579,3161126,452,82743
22-05-2021,CO,Colombia,AMRO,16086,3177212,490,83233
23-05-2021,CO,Colombia,AMRO,14838,3192050,486,83719
24-05-2021,CO,Colombia,AMRO,18737,3210787,509,84228
25-05-2021,CO,Colombia,AMRO,21669,3232456,496,84724
26-05-2021,CO,Colombia,AMRO,16977,3249433,483,85207
27-05-2021,CO,Colombia,AMRO,21181,3270614,459,85666
28-05-2021,CO,Colombia,AMRO,23487,3294101,514,86180
29-05-2021,CO,Colombia,AMRO,25092,3319193,513,86693
30-05-2021,CO,Colombia,AMRO,23374,3342567,514,87207
01-01-2021,KM,Comoros,AFRO,0,765,0,9
02-01-2021,KM,Comoros,AFRO,0,765,0,9
03-01-2021,KM,Comoros,AFRO,99,864,4,13
04-01-2021,KM,Comoros,AFRO,0,864,0,13
05-01-2021,KM,Comoros,AFRO,0,864,0,13
06-01-2021,KM,Comoros,AFRO,0,864,0,13
07-01-2021,KM,Comoros,AFRO,0,864,0,13
08-01-2021,KM,Comoros,AFRO,0,864,0,13
09-01-2021,KM,Comoros,AFRO,0,864,0,13
10-01-2021,KM,Comoros,AFRO,286,1150,5,18
11-01-2021,KM,Comoros,AFRO,34,1184,7,25
12-01-2021,KM,Comoros,AFRO,0,1184,0,25
13-01-2021,KM,Comoros,AFRO,104,1288,5,30
14-01-2021,KM,Comoros,AFRO,53,1341,3,33
15-01-2021,KM,Comoros,AFRO,62,1403,5,38
16-01-2021,KM,Comoros,AFRO,66,1469,0,38
17-01-2021,KM,Comoros,AFRO,108,1577,3,41
18-01-2021,KM,Comoros,AFRO,15,1592,4,45
19-01-2021,KM,Comoros,AFRO,177,1769,4,49
20-01-2021,KM,Comoros,AFRO,95,1864,2,51
21-01-2021,KM,Comoros,AFRO,69,1933,3,54
22-01-2021,KM,Comoros,AFRO,149,2082,8,62
23-01-2021,KM,Comoros,AFRO,78,2160,1,63
24-01-2021,KM,Comoros,AFRO,100,2260,7,70
25-01-2021,KM,Comoros,AFRO,8,2268,1,71
26-01-2021,KM,Comoros,AFRO,82,2350,5,76
27-01-2021,KM,Comoros,AFRO,75,2425,1,77
28-01-2021,KM,Comoros,AFRO,67,2492,4,81
29-01-2021,KM,Comoros,AFRO,106,2598,4,85
30-01-2021,KM,Comoros,AFRO,48,2646,4,89
31-01-2021,KM,Comoros,AFRO,72,2718,1,90
01-02-2021,KM,Comoros,AFRO,8,2726,3,93
02-02-2021,KM,Comoros,AFRO,85,2811,5,98
03-02-2021,KM,Comoros,AFRO,37,2848,2,100
04-02-2021,KM,Comoros,AFRO,44,2892,4,104
05-02-2021,KM,Comoros,AFRO,83,2975,1,105
06-02-2021,KM,Comoros,AFRO,26,3001,0,105
07-02-2021,KM,Comoros,AFRO,85,3086,3,108
08-02-2021,KM,Comoros,AFRO,2,3088,4,112
09-02-2021,KM,Comoros,AFRO,65,3153,3,115
10-02-2021,KM,Comoros,AFRO,26,3179,3,118
11-02-2021,KM,Comoros,AFRO,30,3209,2,120
12-02-2021,KM,Comoros,AFRO,67,3276,2,122
13-02-2021,KM,Comoros,AFRO,14,3290,3,125
14-02-2021,KM,Comoros,AFRO,42,3332,3,128
15-02-2021,KM,Comoros,AFRO,2,3334,0,128
16-02-2021,KM,Comoros,AFRO,24,3358,3,131
17-02-2021,KM,Comoros,AFRO,35,3393,2,133
18-02-2021,KM,Comoros,AFRO,20,3413,2,135
19-02-2021,KM,Comoros,AFRO,45,3458,3,138
20-02-2021,KM,Comoros,AFRO,15,3473,4,142
21-02-2021,KM,Comoros,AFRO,17,3490,1,143
22-02-2021,KM,Comoros,AFRO,12,3502,0,143
23-02-2021,KM,Comoros,AFRO,16,3518,1,144
24-02-2021,KM,Comoros,AFRO,4,3522,0,144
25-02-2021,KM,Comoros,AFRO,17,3539,0,144
26-02-2021,KM,Comoros,AFRO,13,3552,0,144
27-02-2021,KM,Comoros,AFRO,6,3558,0,144
28-02-2021,KM,Comoros,AFRO,13,3571,0,144
01-03-2021,KM,Comoros,AFRO,0,3571,0,144
02-03-2021,KM,Comoros,AFRO,7,3578,0,144
03-03-2021,KM,Comoros,AFRO,0,3578,0,144
04-03-2021,KM,Comoros,AFRO,2,3580,0,144
05-03-2021,KM,Comoros,AFRO,7,3587,1,145
06-03-2021,KM,Comoros,AFRO,0,3587,0,145
07-03-2021,KM,Comoros,AFRO,4,3591,0,145
08-03-2021,KM,Comoros,AFRO,5,3596,1,146
09-03-2021,KM,Comoros,AFRO,5,3601,0,146
10-03-2021,KM,Comoros,AFRO,10,3611,0,146
11-03-2021,KM,Comoros,AFRO,0,3611,0,146
12-03-2021,KM,Comoros,AFRO,3,3614,0,146
13-03-2021,KM,Comoros,AFRO,1,3615,0,146
14-03-2021,KM,Comoros,AFRO,8,3623,0,146
15-03-2021,KM,Comoros,AFRO,0,3623,0,146
16-03-2021,KM,Comoros,AFRO,3,3626,0,146
17-03-2021,KM,Comoros,AFRO,0,3626,0,146
18-03-2021,KM,Comoros,AFRO,26,3652,0,146
19-03-2021,KM,Comoros,AFRO,5,3657,0,146
20-03-2021,KM,Comoros,AFRO,0,3657,0,146
21-03-2021,KM,Comoros,AFRO,8,3665,0,146
22-03-2021,KM,Comoros,AFRO,1,3666,0,146
23-03-2021,KM,Comoros,AFRO,0,3666,0,146
24-03-2021,KM,Comoros,AFRO,15,3681,0,146
25-03-2021,KM,Comoros,AFRO,0,3681,0,146
26-03-2021,KM,Comoros,AFRO,0,3681,0,146
27-03-2021,KM,Comoros,AFRO,8,3689,0,146
28-03-2021,KM,Comoros,AFRO,1,3690,0,146
29-03-2021,KM,Comoros,AFRO,0,3690,0,146
30-03-2021,KM,Comoros,AFRO,0,3690,0,146
31-03-2021,KM,Comoros,AFRO,6,3696,0,146
01-04-2021,KM,Comoros,AFRO,2,3698,0,146
02-04-2021,KM,Comoros,AFRO,6,3704,0,146
03-04-2021,KM,Comoros,AFRO,8,3712,0,146
04-04-2021,KM,Comoros,AFRO,0,3712,0,146
05-04-2021,KM,Comoros,AFRO,7,3719,0,146
06-04-2021,KM,Comoros,AFRO,6,3725,0,146
07-04-2021,KM,Comoros,AFRO,13,3738,0,146
08-04-2021,KM,Comoros,AFRO,20,3758,0,146
09-04-2021,KM,Comoros,AFRO,3,3761,0,146
10-04-2021,KM,Comoros,AFRO,19,3780,0,146
11-04-2021,KM,Comoros,AFRO,9,3789,0,146
12-04-2021,KM,Comoros,AFRO,0,3789,0,146
13-04-2021,KM,Comoros,AFRO,7,3796,0,146
14-04-2021,KM,Comoros,AFRO,0,3796,0,146
15-04-2021,KM,Comoros,AFRO,7,3803,0,146
16-04-2021,KM,Comoros,AFRO,6,3809,0,146
17-04-2021,KM,Comoros,AFRO,0,3809,0,146
18-04-2021,KM,Comoros,AFRO,6,3815,0,146
19-04-2021,KM,Comoros,AFRO,0,3815,0,146
20-04-2021,KM,Comoros,AFRO,4,3819,0,146
21-04-2021,KM,Comoros,AFRO,3,3822,0,146
22-04-2021,KM,Comoros,AFRO,0,3822,0,146
23-04-2021,KM,Comoros,AFRO,2,3824,0,146
24-04-2021,KM,Comoros,AFRO,2,3826,0,146
25-04-2021,KM,Comoros,AFRO,3,3829,0,146
26-04-2021,KM,Comoros,AFRO,0,3829,0,146
27-04-2021,KM,Comoros,AFRO,2,3831,0,146
28-04-2021,KM,Comoros,AFRO,2,3833,0,146
29-04-2021,KM,Comoros,AFRO,70,3903,0,146
30-04-2021,KM,Comoros,AFRO,1,3904,0,146
01-05-2021,KM,Comoros,AFRO,4,3908,0,146
02-05-2021,KM,Comoros,AFRO,0,3908,0,146
03-05-2021,KM,Comoros,AFRO,2,3910,0,146
04-05-2021,KM,Comoros,AFRO,5,3915,0,146
05-05-2021,KM,Comoros,AFRO,1,3916,0,146
06-05-2021,KM,Comoros,AFRO,1,3917,0,146
07-05-2021,KM,Comoros,AFRO,5,3922,0,146
08-05-2021,KM,Comoros,AFRO,0,3922,0,146
09-05-2021,KM,Comoros,AFRO,0,3922,0,146
10-05-2021,KM,Comoros,AFRO,2,3924,0,146
11-05-2021,KM,Comoros,AFRO,6,3930,0,146
12-05-2021,KM,Comoros,AFRO,0,3930,0,146
13-05-2021,KM,Comoros,AFRO,0,3930,0,146
14-05-2021,KM,Comoros,AFRO,0,3930,0,146
15-05-2021,KM,Comoros,AFRO,0,3930,0,146
16-05-2021,KM,Comoros,AFRO,0,3930,0,146
17-05-2021,KM,Comoros,AFRO,3,3933,0,146
18-05-2021,KM,Comoros,AFRO,0,3933,0,146
19-05-2021,KM,Comoros,AFRO,1,3934,0,146
20-05-2021,KM,Comoros,AFRO,0,3934,0,146
21-05-2021,KM,Comoros,AFRO,4,3938,0,146
22-05-2021,KM,Comoros,AFRO,2,3940,0,146
23-05-2021,KM,Comoros,AFRO,0,3940,0,146
24-05-2021,KM,Comoros,AFRO,2,3942,0,146
25-05-2021,KM,Comoros,AFRO,0,3942,0,146
26-05-2021,KM,Comoros,AFRO,3,3945,0,146
27-05-2021,KM,Comoros,AFRO,4,3949,0,146
28-05-2021,KM,Comoros,AFRO,0,3949,0,146
29-05-2021,KM,Comoros,AFRO,0,3949,0,146
30-05-2021,KM,Comoros,AFRO,0,3949,0,146
01-01-2021,CG,Congo,AFRO,0,6200,0,100
02-01-2021,CG,Congo,AFRO,0,6200,0,100
03-01-2021,CG,Congo,AFRO,0,6200,0,100
04-01-2021,CG,Congo,AFRO,0,6200,0,100
05-01-2021,CG,Congo,AFRO,0,6200,0,100
06-01-2021,CG,Congo,AFRO,0,6200,0,100
07-01-2021,CG,Congo,AFRO,960,7160,0,100
08-01-2021,CG,Congo,AFRO,0,7160,0,100
09-01-2021,CG,Congo,AFRO,0,7160,0,100
10-01-2021,CG,Congo,AFRO,0,7160,0,100
11-01-2021,CG,Congo,AFRO,0,7160,0,100
12-01-2021,CG,Congo,AFRO,0,7160,12,112
13-01-2021,CG,Congo,AFRO,0,7160,0,112
14-01-2021,CG,Congo,AFRO,0,7160,0,112
15-01-2021,CG,Congo,AFRO,549,7709,2,114
16-01-2021,CG,Congo,AFRO,0,7709,0,114
17-01-2021,CG,Congo,AFRO,0,7709,0,114
18-01-2021,CG,Congo,AFRO,0,7709,0,114
19-01-2021,CG,Congo,AFRO,0,7709,0,114
20-01-2021,CG,Congo,AFRO,0,7709,0,114
21-01-2021,CG,Congo,AFRO,85,7794,3,117
22-01-2021,CG,Congo,AFRO,0,7794,0,117
23-01-2021,CG,Congo,AFRO,0,7794,0,117
24-01-2021,CG,Congo,AFRO,0,7794,0,117
25-01-2021,CG,Congo,AFRO,93,7887,0,117
26-01-2021,CG,Congo,AFRO,0,7887,0,117
27-01-2021,CG,Congo,AFRO,0,7887,0,117
28-01-2021,CG,Congo,AFRO,0,7887,0,117
29-01-2021,CG,Congo,AFRO,0,7887,0,117
30-01-2021,CG,Congo,AFRO,0,7887,0,117
31-01-2021,CG,Congo,AFRO,0,7887,0,117
01-02-2021,CG,Congo,AFRO,0,7887,0,117
02-02-2021,CG,Congo,AFRO,0,7887,0,117
03-02-2021,CG,Congo,AFRO,0,7887,0,117
04-02-2021,CG,Congo,AFRO,173,8060,5,122
05-02-2021,CG,Congo,AFRO,0,8060,0,122
06-02-2021,CG,Congo,AFRO,0,8060,0,122
07-02-2021,CG,Congo,AFRO,0,8060,0,122
08-02-2021,CG,Congo,AFRO,0,8060,0,122
09-02-2021,CG,Congo,AFRO,0,8060,0,122
10-02-2021,CG,Congo,AFRO,294,8354,0,122
11-02-2021,CG,Congo,AFRO,0,8354,0,122
12-02-2021,CG,Congo,AFRO,65,8419,1,123
13-02-2021,CG,Congo,AFRO,0,8419,0,123
14-02-2021,CG,Congo,AFRO,0,8419,0,123
15-02-2021,CG,Congo,AFRO,0,8419,0,123
16-02-2021,CG,Congo,AFRO,0,8419,0,123
17-02-2021,CG,Congo,AFRO,0,8419,0,123
18-02-2021,CG,Congo,AFRO,0,8419,0,123
19-02-2021,CG,Congo,AFRO,0,8419,0,123
20-02-2021,CG,Congo,AFRO,0,8419,0,123
21-02-2021,CG,Congo,AFRO,206,8625,4,127
22-02-2021,CG,Congo,AFRO,0,8625,0,127
23-02-2021,CG,Congo,AFRO,0,8625,0,127
24-02-2021,CG,Congo,AFRO,195,8820,1,128
25-02-2021,CG,Congo,AFRO,0,8820,0,128
26-02-2021,CG,Congo,AFRO,0,8820,0,128
27-02-2021,CG,Congo,AFRO,0,8820,0,128
28-02-2021,CG,Congo,AFRO,0,8820,0,128
01-03-2021,CG,Congo,AFRO,0,8820,0,128
02-03-2021,CG,Congo,AFRO,0,8820,0,128
03-03-2021,CG,Congo,AFRO,0,8820,0,128
04-03-2021,CG,Congo,AFRO,359,9179,3,131
05-03-2021,CG,Congo,AFRO,0,9179,0,131
06-03-2021,CG,Congo,AFRO,0,9179,0,131
07-03-2021,CG,Congo,AFRO,0,9179,0,131
08-03-2021,CG,Congo,AFRO,0,9179,0,131
09-03-2021,CG,Congo,AFRO,0,9179,0,131
10-03-2021,CG,Congo,AFRO,150,9329,0,131
11-03-2021,CG,Congo,AFRO,0,9329,0,131
12-03-2021,CG,Congo,AFRO,0,9329,0,131
13-03-2021,CG,Congo,AFRO,0,9329,0,131
14-03-2021,CG,Congo,AFRO,0,9329,0,131
15-03-2021,CG,Congo,AFRO,0,9329,0,131
16-03-2021,CG,Congo,AFRO,0,9329,0,131
17-03-2021,CG,Congo,AFRO,0,9329,0,131
18-03-2021,CG,Congo,AFRO,235,9564,3,134
19-03-2021,CG,Congo,AFRO,0,9564,0,134
20-03-2021,CG,Congo,AFRO,0,9564,0,134
21-03-2021,CG,Congo,AFRO,0,9564,0,134
22-03-2021,CG,Congo,AFRO,0,9564,0,134
23-03-2021,CG,Congo,AFRO,0,9564,0,134
24-03-2021,CG,Congo,AFRO,117,9681,1,135
25-03-2021,CG,Congo,AFRO,0,9681,0,135
26-03-2021,CG,Congo,AFRO,0,9681,0,135
27-03-2021,CG,Congo,AFRO,0,9681,0,135
28-03-2021,CG,Congo,AFRO,0,9681,0,135
29-03-2021,CG,Congo,AFRO,0,9681,0,135
30-03-2021,CG,Congo,AFRO,0,9681,0,135
31-03-2021,CG,Congo,AFRO,0,9681,0,135
01-04-2021,CG,Congo,AFRO,0,9681,0,135
02-04-2021,CG,Congo,AFRO,0,9681,0,135
03-04-2021,CG,Congo,AFRO,0,9681,0,135
04-04-2021,CG,Congo,AFRO,0,9681,0,135
05-04-2021,CG,Congo,AFRO,0,9681,0,135
06-04-2021,CG,Congo,AFRO,403,10084,2,137
07-04-2021,CG,Congo,AFRO,0,10084,0,137
08-04-2021,CG,Congo,AFRO,0,10084,0,137
09-04-2021,CG,Congo,AFRO,0,10084,0,137
10-04-2021,CG,Congo,AFRO,0,10084,0,137
11-04-2021,CG,Congo,AFRO,0,10084,0,137
12-04-2021,CG,Congo,AFRO,0,10084,0,137
13-04-2021,CG,Congo,AFRO,0,10084,0,137
14-04-2021,CG,Congo,AFRO,0,10084,0,137
15-04-2021,CG,Congo,AFRO,0,10084,0,137
16-04-2021,CG,Congo,AFRO,0,10084,0,137
17-04-2021,CG,Congo,AFRO,0,10084,0,137
18-04-2021,CG,Congo,AFRO,0,10084,0,137
19-04-2021,CG,Congo,AFRO,0,10084,0,137
20-04-2021,CG,Congo,AFRO,0,10084,0,137
21-04-2021,CG,Congo,AFRO,0,10084,0,137
22-04-2021,CG,Congo,AFRO,0,10084,0,137
23-04-2021,CG,Congo,AFRO,0,10084,0,137
24-04-2021,CG,Congo,AFRO,594,10678,7,144
25-04-2021,CG,Congo,AFRO,0,10678,0,144
26-04-2021,CG,Congo,AFRO,0,10678,0,144
27-04-2021,CG,Congo,AFRO,0,10678,0,144
28-04-2021,CG,Congo,AFRO,0,10678,0,144
29-04-2021,CG,Congo,AFRO,0,10678,0,144
30-04-2021,CG,Congo,AFRO,0,10678,0,144
01-05-2021,CG,Congo,AFRO,0,10678,0,144
02-05-2021,CG,Congo,AFRO,0,10678,0,144
03-05-2021,CG,Congo,AFRO,338,11016,3,147
04-05-2021,CG,Congo,AFRO,0,11016,0,147
05-05-2021,CG,Congo,AFRO,0,11016,0,147
06-05-2021,CG,Congo,AFRO,0,11016,0,147
07-05-2021,CG,Congo,AFRO,131,11147,1,148
08-05-2021,CG,Congo,AFRO,0,11147,0,148
09-05-2021,CG,Congo,AFRO,0,11147,0,148
10-05-2021,CG,Congo,AFRO,196,11343,0,148
11-05-2021,CG,Congo,AFRO,0,11343,0,148
12-05-2021,CG,Congo,AFRO,0,11343,0,148
13-05-2021,CG,Congo,AFRO,0,11343,0,148
14-05-2021,CG,Congo,AFRO,0,11343,0,148
15-05-2021,CG,Congo,AFRO,0,11343,0,148
16-05-2021,CG,Congo,AFRO,0,11343,0,148
17-05-2021,CG,Congo,AFRO,0,11343,0,148
18-05-2021,CG,Congo,AFRO,0,11343,0,148
19-05-2021,CG,Congo,AFRO,133,11476,2,150
20-05-2021,CG,Congo,AFRO,0,11476,0,150
21-05-2021,CG,Congo,AFRO,0,11476,0,150
22-05-2021,CG,Congo,AFRO,0,11476,0,150
23-05-2021,CG,Congo,AFRO,0,11476,0,150
24-05-2021,CG,Congo,AFRO,0,11476,0,150
25-05-2021,CG,Congo,AFRO,182,11658,3,153
26-05-2021,CG,Congo,AFRO,0,11658,0,153
27-05-2021,CG,Congo,AFRO,0,11658,0,153
28-05-2021,CG,Congo,AFRO,0,11658,0,153
29-05-2021,CG,Congo,AFRO,0,11658,0,153
30-05-2021,CG,Congo,AFRO,0,11658,0,153
01-01-2021,CK,Cook Islands,WPRO,0,0,0,0
02-01-2021,CK,Cook Islands,WPRO,0,0,0,0
03-01-2021,CK,Cook Islands,WPRO,0,0,0,0
04-01-2021,CK,Cook Islands,WPRO,0,0,0,0
05-01-2021,CK,Cook Islands,WPRO,0,0,0,0
06-01-2021,CK,Cook Islands,WPRO,0,0,0,0
07-01-2021,CK,Cook Islands,WPRO,0,0,0,0
08-01-2021,CK,Cook Islands,WPRO,0,0,0,0
09-01-2021,CK,Cook Islands,WPRO,0,0,0,0
10-01-2021,CK,Cook Islands,WPRO,0,0,0,0
11-01-2021,CK,Cook Islands,WPRO,0,0,0,0
12-01-2021,CK,Cook Islands,WPRO,0,0,0,0
13-01-2021,CK,Cook Islands,WPRO,0,0,0,0
14-01-2021,CK,Cook Islands,WPRO,0,0,0,0
15-01-2021,CK,Cook Islands,WPRO,0,0,0,0
16-01-2021,CK,Cook Islands,WPRO,0,0,0,0
17-01-2021,CK,Cook Islands,WPRO,0,0,0,0
18-01-2021,CK,Cook Islands,WPRO,0,0,0,0
19-01-2021,CK,Cook Islands,WPRO,0,0,0,0
20-01-2021,CK,Cook Islands,WPRO,0,0,0,0
21-01-2021,CK,Cook Islands,WPRO,0,0,0,0
22-01-2021,CK,Cook Islands,WPRO,0,0,0,0
23-01-2021,CK,Cook Islands,WPRO,0,0,0,0
24-01-2021,CK,Cook Islands,WPRO,0,0,0,0
25-01-2021,CK,Cook Islands,WPRO,0,0,0,0
26-01-2021,CK,Cook Islands,WPRO,0,0,0,0
27-01-2021,CK,Cook Islands,WPRO,0,0,0,0
28-01-2021,CK,Cook Islands,WPRO,0,0,0,0
29-01-2021,CK,Cook Islands,WPRO,0,0,0,0
30-01-2021,CK,Cook Islands,WPRO,0,0,0,0
31-01-2021,CK,Cook Islands,WPRO,0,0,0,0
01-02-2021,CK,Cook Islands,WPRO,0,0,0,0
02-02-2021,CK,Cook Islands,WPRO,0,0,0,0
03-02-2021,CK,Cook Islands,WPRO,0,0,0,0
04-02-2021,CK,Cook Islands,WPRO,0,0,0,0
05-02-2021,CK,Cook Islands,WPRO,0,0,0,0
06-02-2021,CK,Cook Islands,WPRO,0,0,0,0
07-02-2021,CK,Cook Islands,WPRO,0,0,0,0
08-02-2021,CK,Cook Islands,WPRO,0,0,0,0
09-02-2021,CK,Cook Islands,WPRO,0,0,0,0
10-02-2021,CK,Cook Islands,WPRO,0,0,0,0
11-02-2021,CK,Cook Islands,WPRO,0,0,0,0
12-02-2021,CK,Cook Islands,WPRO,0,0,0,0
13-02-2021,CK,Cook Islands,WPRO,0,0,0,0
14-02-2021,CK,Cook Islands,WPRO,0,0,0,0
15-02-2021,CK,Cook Islands,WPRO,0,0,0,0
16-02-2021,CK,Cook Islands,WPRO,0,0,0,0
17-02-2021,CK,Cook Islands,WPRO,0,0,0,0
18-02-2021,CK,Cook Islands,WPRO,0,0,0,0
19-02-2021,CK,Cook Islands,WPRO,0,0,0,0
20-02-2021,CK,Cook Islands,WPRO,0,0,0,0
21-02-2021,CK,Cook Islands,WPRO,0,0,0,0
22-02-2021,CK,Cook Islands,WPRO,0,0,0,0
23-02-2021,CK,Cook Islands,WPRO,0,0,0,0
24-02-2021,CK,Cook Islands,WPRO,0,0,0,0
25-02-2021,CK,Cook Islands,WPRO,0,0,0,0
26-02-2021,CK,Cook Islands,WPRO,0,0,0,0
27-02-2021,CK,Cook Islands,WPRO,0,0,0,0
28-02-2021,CK,Cook Islands,WPRO,0,0,0,0
01-03-2021,CK,Cook Islands,WPRO,0,0,0,0
02-03-2021,CK,Cook Islands,WPRO,0,0,0,0
03-03-2021,CK,Cook Islands,WPRO,0,0,0,0
04-03-2021,CK,Cook Islands,WPRO,0,0,0,0
05-03-2021,CK,Cook Islands,WPRO,0,0,0,0
06-03-2021,CK,Cook Islands,WPRO,0,0,0,0
07-03-2021,CK,Cook Islands,WPRO,0,0,0,0
08-03-2021,CK,Cook Islands,WPRO,0,0,0,0
09-03-2021,CK,Cook Islands,WPRO,0,0,0,0
10-03-2021,CK,Cook Islands,WPRO,0,0,0,0
11-03-2021,CK,Cook Islands,WPRO,0,0,0,0
12-03-2021,CK,Cook Islands,WPRO,0,0,0,0
13-03-2021,CK,Cook Islands,WPRO,0,0,0,0
14-03-2021,CK,Cook Islands,WPRO,0,0,0,0
15-03-2021,CK,Cook Islands,WPRO,0,0,0,0
16-03-2021,CK,Cook Islands,WPRO,0,0,0,0
17-03-2021,CK,Cook Islands,WPRO,0,0,0,0
18-03-2021,CK,Cook Islands,WPRO,0,0,0,0
19-03-2021,CK,Cook Islands,WPRO,0,0,0,0
20-03-2021,CK,Cook Islands,WPRO,0,0,0,0
21-03-2021,CK,Cook Islands,WPRO,0,0,0,0
22-03-2021,CK,Cook Islands,WPRO,0,0,0,0
23-03-2021,CK,Cook Islands,WPRO,0,0,0,0
24-03-2021,CK,Cook Islands,WPRO,0,0,0,0
25-03-2021,CK,Cook Islands,WPRO,0,0,0,0
26-03-2021,CK,Cook Islands,WPRO,0,0,0,0
27-03-2021,CK,Cook Islands,WPRO,0,0,0,0
28-03-2021,CK,Cook Islands,WPRO,0,0,0,0
29-03-2021,CK,Cook Islands,WPRO,0,0,0,0
30-03-2021,CK,Cook Islands,WPRO,0,0,0,0
31-03-2021,CK,Cook Islands,WPRO,0,0,0,0
01-04-2021,CK,Cook Islands,WPRO,0,0,0,0
02-04-2021,CK,Cook Islands,WPRO,0,0,0,0
03-04-2021,CK,Cook Islands,WPRO,0,0,0,0
04-04-2021,CK,Cook Islands,WPRO,0,0,0,0
05-04-2021,CK,Cook Islands,WPRO,0,0,0,0
06-04-2021,CK,Cook Islands,WPRO,0,0,0,0
07-04-2021,CK,Cook Islands,WPRO,0,0,0,0
08-04-2021,CK,Cook Islands,WPRO,0,0,0,0
09-04-2021,CK,Cook Islands,WPRO,0,0,0,0
10-04-2021,CK,Cook Islands,WPRO,0,0,0,0
11-04-2021,CK,Cook Islands,WPRO,0,0,0,0
12-04-2021,CK,Cook Islands,WPRO,0,0,0,0
13-04-2021,CK,Cook Islands,WPRO,0,0,0,0
14-04-2021,CK,Cook Islands,WPRO,0,0,0,0
15-04-2021,CK,Cook Islands,WPRO,0,0,0,0
16-04-2021,CK,Cook Islands,WPRO,0,0,0,0
17-04-2021,CK,Cook Islands,WPRO,0,0,0,0
18-04-2021,CK,Cook Islands,WPRO,0,0,0,0
19-04-2021,CK,Cook Islands,WPRO,0,0,0,0
20-04-2021,CK,Cook Islands,WPRO,0,0,0,0
21-04-2021,CK,Cook Islands,WPRO,0,0,0,0
22-04-2021,CK,Cook Islands,WPRO,0,0,0,0
23-04-2021,CK,Cook Islands,WPRO,0,0,0,0
24-04-2021,CK,Cook Islands,WPRO,0,0,0,0
25-04-2021,CK,Cook Islands,WPRO,0,0,0,0
26-04-2021,CK,Cook Islands,WPRO,0,0,0,0
27-04-2021,CK,Cook Islands,WPRO,0,0,0,0
28-04-2021,CK,Cook Islands,WPRO,0,0,0,0
29-04-2021,CK,Cook Islands,WPRO,0,0,0,0
30-04-2021,CK,Cook Islands,WPRO,0,0,0,0
01-05-2021,CK,Cook Islands,WPRO,0,0,0,0
02-05-2021,CK,Cook Islands,WPRO,0,0,0,0
03-05-2021,CK,Cook Islands,WPRO,0,0,0,0
04-05-2021,CK,Cook Islands,WPRO,0,0,0,0
05-05-2021,CK,Cook Islands,WPRO,0,0,0,0
06-05-2021,CK,Cook Islands,WPRO,0,0,0,0
07-05-2021,CK,Cook Islands,WPRO,0,0,0,0
08-05-2021,CK,Cook Islands,WPRO,0,0,0,0
09-05-2021,CK,Cook Islands,WPRO,0,0,0,0
10-05-2021,CK,Cook Islands,WPRO,0,0,0,0
11-05-2021,CK,Cook Islands,WPRO,0,0,0,0
12-05-2021,CK,Cook Islands,WPRO,0,0,0,0
13-05-2021,CK,Cook Islands,WPRO,0,0,0,0
14-05-2021,CK,Cook Islands,WPRO,0,0,0,0
15-05-2021,CK,Cook Islands,WPRO,0,0,0,0
16-05-2021,CK,Cook Islands,WPRO,0,0,0,0
17-05-2021,CK,Cook Islands,WPRO,0,0,0,0
18-05-2021,CK,Cook Islands,WPRO,0,0,0,0
19-05-2021,CK,Cook Islands,WPRO,0,0,0,0
20-05-2021,CK,Cook Islands,WPRO,0,0,0,0
21-05-2021,CK,Cook Islands,WPRO,0,0,0,0
22-05-2021,CK,Cook Islands,WPRO,0,0,0,0
23-05-2021,CK,Cook Islands,WPRO,0,0,0,0
24-05-2021,CK,Cook Islands,WPRO,0,0,0,0
25-05-2021,CK,Cook Islands,WPRO,0,0,0,0
26-05-2021,CK,Cook Islands,WPRO,0,0,0,0
27-05-2021,CK,Cook Islands,WPRO,0,0,0,0
28-05-2021,CK,Cook Islands,WPRO,0,0,0,0
29-05-2021,CK,Cook Islands,WPRO,0,0,0,0
30-05-2021,CK,Cook Islands,WPRO,0,0,0,0
01-01-2021,CR,Costa Rica,AMRO,1315,168114,15,2171
02-01-2021,CR,Costa Rica,AMRO,1207,169321,14,2185
03-01-2021,CR,Costa Rica,AMRO,1270,170591,8,2193
04-01-2021,CR,Costa Rica,AMRO,539,171130,12,2205
05-01-2021,CR,Costa Rica,AMRO,589,171719,13,2218
06-01-2021,CR,Costa Rica,AMRO,717,172436,11,2229
07-01-2021,CR,Costa Rica,AMRO,1155,173591,19,2248
08-01-2021,CR,Costa Rica,AMRO,1447,175038,19,2267
09-01-2021,CR,Costa Rica,AMRO,1369,176407,19,2286
10-01-2021,CR,Costa Rica,AMRO,1207,177614,19,2305
11-01-2021,CR,Costa Rica,AMRO,1035,178649,17,2322
12-01-2021,CR,Costa Rica,AMRO,756,179405,16,2338
13-01-2021,CR,Costa Rica,AMRO,656,180061,15,2353
14-01-2021,CR,Costa Rica,AMRO,1032,181093,14,2367
15-01-2021,CR,Costa Rica,AMRO,1063,182156,17,2384
16-01-2021,CR,Costa Rica,AMRO,1086,183242,17,2401
17-01-2021,CR,Costa Rica,AMRO,945,184187,15,2416
18-01-2021,CR,Costa Rica,AMRO,958,185145,27,2443
19-01-2021,CR,Costa Rica,AMRO,508,185653,6,2449
20-01-2021,CR,Costa Rica,AMRO,363,186016,9,2458
21-01-2021,CR,Costa Rica,AMRO,861,186877,19,2477
22-01-2021,CR,Costa Rica,AMRO,835,187712,15,2492
23-01-2021,CR,Costa Rica,AMRO,765,188477,14,2506
24-01-2021,CR,Costa Rica,AMRO,831,189308,12,2518
25-01-2021,CR,Costa Rica,AMRO,651,189959,14,2532
26-01-2021,CR,Costa Rica,AMRO,431,190390,11,2543
27-01-2021,CR,Costa Rica,AMRO,355,190745,15,2558
28-01-2021,CR,Costa Rica,AMRO,600,191345,9,2567
29-01-2021,CR,Costa Rica,AMRO,721,192066,17,2584
30-01-2021,CR,Costa Rica,AMRO,571,192637,15,2599
31-01-2021,CR,Costa Rica,AMRO,639,193276,5,2604
01-02-2021,CR,Costa Rica,AMRO,568,193844,8,2612
02-02-2021,CR,Costa Rica,AMRO,436,194280,15,2627
03-02-2021,CR,Costa Rica,AMRO,289,194569,7,2634
04-02-2021,CR,Costa Rica,AMRO,440,195009,7,2641
05-02-2021,CR,Costa Rica,AMRO,528,195537,9,2650
06-02-2021,CR,Costa Rica,AMRO,455,195992,12,2662
07-02-2021,CR,Costa Rica,AMRO,446,196438,10,2672
08-02-2021,CR,Costa Rica,AMRO,506,196944,8,2680
09-02-2021,CR,Costa Rica,AMRO,281,197225,7,2687
10-02-2021,CR,Costa Rica,AMRO,210,197435,5,2692
11-02-2021,CR,Costa Rica,AMRO,417,197852,6,2698
12-02-2021,CR,Costa Rica,AMRO,486,198338,3,2701
13-02-2021,CR,Costa Rica,AMRO,418,198756,9,2710
14-02-2021,CR,Costa Rica,AMRO,431,199187,4,2714
15-02-2021,CR,Costa Rica,AMRO,390,199577,9,2723
16-02-2021,CR,Costa Rica,AMRO,265,199842,0,2723
17-02-2021,CR,Costa Rica,AMRO,182,200024,7,2730
18-02-2021,CR,Costa Rica,AMRO,430,200454,7,2737
19-02-2021,CR,Costa Rica,AMRO,434,200888,8,2745
20-02-2021,CR,Costa Rica,AMRO,353,201241,11,2756
21-02-2021,CR,Costa Rica,AMRO,437,201678,7,2763
22-02-2021,CR,Costa Rica,AMRO,549,202227,8,2771
23-02-2021,CR,Costa Rica,AMRO,239,202466,6,2777
24-02-2021,CR,Costa Rica,AMRO,208,202674,5,2782
25-02-2021,CR,Costa Rica,AMRO,423,203097,3,2785
26-02-2021,CR,Costa Rica,AMRO,399,203496,8,2793
27-02-2021,CR,Costa Rica,AMRO,418,203914,3,2796
28-02-2021,CR,Costa Rica,AMRO,427,204341,4,2800
01-03-2021,CR,Costa Rica,AMRO,365,204706,3,2803
02-03-2021,CR,Costa Rica,AMRO,200,204906,3,2806
03-03-2021,CR,Costa Rica,AMRO,180,205086,6,2812
04-03-2021,CR,Costa Rica,AMRO,428,205514,8,2820
05-03-2021,CR,Costa Rica,AMRO,376,205890,4,2824
06-03-2021,CR,Costa Rica,AMRO,403,206293,5,2829
07-03-2021,CR,Costa Rica,AMRO,347,206640,4,2833
08-03-2021,CR,Costa Rica,AMRO,416,207056,2,2835
09-03-2021,CR,Costa Rica,AMRO,216,207272,3,2838
10-03-2021,CR,Costa Rica,AMRO,188,207460,3,2841
11-03-2021,CR,Costa Rica,AMRO,372,207832,7,2848
12-03-2021,CR,Costa Rica,AMRO,412,208244,4,2852
13-03-2021,CR,Costa Rica,AMRO,473,208717,7,2859
14-03-2021,CR,Costa Rica,AMRO,376,209093,3,2862
15-03-2021,CR,Costa Rica,AMRO,480,209573,5,2867
16-03-2021,CR,Costa Rica,AMRO,267,209840,8,2875
17-03-2021,CR,Costa Rica,AMRO,176,210016,6,2881
18-03-2021,CR,Costa Rica,AMRO,431,210447,5,2886
19-03-2021,CR,Costa Rica,AMRO,501,210948,5,2891
20-03-2021,CR,Costa Rica,AMRO,485,211433,3,2894
21-03-2021,CR,Costa Rica,AMRO,470,211903,2,2896
22-03-2021,CR,Costa Rica,AMRO,487,212390,1,2897
23-03-2021,CR,Costa Rica,AMRO,280,212670,3,2900
24-03-2021,CR,Costa Rica,AMRO,255,212925,4,2904
25-03-2021,CR,Costa Rica,AMRO,513,213438,4,2908
26-03-2021,CR,Costa Rica,AMRO,561,213999,6,2914
27-03-2021,CR,Costa Rica,AMRO,609,214608,9,2923
28-03-2021,CR,Costa Rica,AMRO,570,215178,8,2931
29-03-2021,CR,Costa Rica,AMRO,528,215706,5,2936
30-03-2021,CR,Costa Rica,AMRO,304,216010,6,2942
31-03-2021,CR,Costa Rica,AMRO,258,216268,7,2949
01-04-2021,CR,Costa Rica,AMRO,496,216764,8,2957
02-04-2021,CR,Costa Rica,AMRO,582,217346,8,2965
03-04-2021,CR,Costa Rica,AMRO,1103,218449,5,2970
04-04-2021,CR,Costa Rica,AMRO,0,218449,4,2974
05-04-2021,CR,Costa Rica,AMRO,0,218449,7,2981
06-04-2021,CR,Costa Rica,AMRO,359,218808,2,2983
07-04-2021,CR,Costa Rica,AMRO,354,219162,9,2992
08-04-2021,CR,Costa Rica,AMRO,684,219846,8,3000
09-04-2021,CR,Costa Rica,AMRO,0,219846,0,3000
10-04-2021,CR,Costa Rica,AMRO,0,219846,0,3000
11-04-2021,CR,Costa Rica,AMRO,2698,222544,18,3018
12-04-2021,CR,Costa Rica,AMRO,891,223435,6,3024
13-04-2021,CR,Costa Rica,AMRO,482,223917,6,3030
14-04-2021,CR,Costa Rica,AMRO,469,224386,6,3036
15-04-2021,CR,Costa Rica,AMRO,957,225343,8,3044
16-04-2021,CR,Costa Rica,AMRO,1069,226412,10,3054
17-04-2021,CR,Costa Rica,AMRO,1121,227533,11,3065
18-04-2021,CR,Costa Rica,AMRO,1044,228577,6,3071
19-04-2021,CR,Costa Rica,AMRO,1060,229637,13,3084
20-04-2021,CR,Costa Rica,AMRO,664,230301,7,3091
21-04-2021,CR,Costa Rica,AMRO,536,230837,8,3099
22-04-2021,CR,Costa Rica,AMRO,1130,231967,5,3104
23-04-2021,CR,Costa Rica,AMRO,1531,233498,11,3115
24-04-2021,CR,Costa Rica,AMRO,1776,235274,10,3125
25-04-2021,CR,Costa Rica,AMRO,1656,236930,11,3136
26-04-2021,CR,Costa Rica,AMRO,1830,238760,7,3143
27-04-2021,CR,Costa Rica,AMRO,1277,240037,15,3158
28-04-2021,CR,Costa Rica,AMRO,1203,241240,10,3168
29-04-2021,CR,Costa Rica,AMRO,1927,243167,18,3186
30-04-2021,CR,Costa Rica,AMRO,2434,245601,16,3202
01-05-2021,CR,Costa Rica,AMRO,2781,248382,15,3217
02-05-2021,CR,Costa Rica,AMRO,2609,250991,14,3231
03-05-2021,CR,Costa Rica,AMRO,1991,252982,23,3254
04-05-2021,CR,Costa Rica,AMRO,1839,254821,12,3266
05-05-2021,CR,Costa Rica,AMRO,1855,256676,24,3290
06-05-2021,CR,Costa Rica,AMRO,1304,257980,20,3310
07-05-2021,CR,Costa Rica,AMRO,2555,260535,16,3326
08-05-2021,CR,Costa Rica,AMRO,2559,263094,15,3341
09-05-2021,CR,Costa Rica,AMRO,2392,265486,24,3365
10-05-2021,CR,Costa Rica,AMRO,2029,267515,21,3386
11-05-2021,CR,Costa Rica,AMRO,2463,269978,23,3409
12-05-2021,CR,Costa Rica,AMRO,1500,271478,21,3430
13-05-2021,CR,Costa Rica,AMRO,2236,273714,26,3456
14-05-2021,CR,Costa Rica,AMRO,3173,276887,26,3482
15-05-2021,CR,Costa Rica,AMRO,3039,279926,32,3514
16-05-2021,CR,Costa Rica,AMRO,2815,282741,33,3547
17-05-2021,CR,Costa Rica,AMRO,2795,285536,24,3571
18-05-2021,CR,Costa Rica,AMRO,1768,287304,22,3593
19-05-2021,CR,Costa Rica,AMRO,1322,288626,32,3625
20-05-2021,CR,Costa Rica,AMRO,2294,290920,48,3673
21-05-2021,CR,Costa Rica,AMRO,2900,293820,23,3696
22-05-2021,CR,Costa Rica,AMRO,2812,296632,40,3736
23-05-2021,CR,Costa Rica,AMRO,2587,299219,29,3765
24-05-2021,CR,Costa Rica,AMRO,2445,301664,32,3797
25-05-2021,CR,Costa Rica,AMRO,1726,303390,23,3820
26-05-2021,CR,Costa Rica,AMRO,1139,304529,29,3849
27-05-2021,CR,Costa Rica,AMRO,2370,306899,28,3877
28-05-2021,CR,Costa Rica,AMRO,2587,309486,31,3908
29-05-2021,CR,Costa Rica,AMRO,2436,311922,21,3929
30-05-2021,CR,Costa Rica,AMRO,2180,314102,33,3962
01-01-2021,CI,Côte d’Ivoire,AFRO,0,22250,0,137
02-01-2021,CI,Côte d’Ivoire,AFRO,0,22250,0,137
03-01-2021,CI,Côte d’Ivoire,AFRO,0,22250,0,137
04-01-2021,CI,Côte d’Ivoire,AFRO,0,22250,0,137
05-01-2021,CI,Côte d’Ivoire,AFRO,398,22648,1,138
06-01-2021,CI,Côte d’Ivoire,AFRO,152,22800,0,138
07-01-2021,CI,Côte d’Ivoire,AFRO,55,22855,0,138
08-01-2021,CI,Côte d’Ivoire,AFRO,0,22855,0,138
09-01-2021,CI,Côte d’Ivoire,AFRO,318,23173,0,138
10-01-2021,CI,Côte d’Ivoire,AFRO,81,23254,0,138
11-01-2021,CI,Côte d’Ivoire,AFRO,0,23254,0,138
12-01-2021,CI,Côte d’Ivoire,AFRO,228,23482,1,139
13-01-2021,CI,Côte d’Ivoire,AFRO,412,23894,0,139
14-01-2021,CI,Côte d’Ivoire,AFRO,292,24186,1,140
15-01-2021,CI,Côte d’Ivoire,AFRO,183,24369,0,140
16-01-2021,CI,Côte d’Ivoire,AFRO,487,24856,1,141
17-01-2021,CI,Côte d’Ivoire,AFRO,0,24856,0,141
18-01-2021,CI,Côte d’Ivoire,AFRO,385,25241,0,141
19-01-2021,CI,Côte d’Ivoire,AFRO,64,25305,1,142
20-01-2021,CI,Côte d’Ivoire,AFRO,78,25383,0,142
21-01-2021,CI,Côte d’Ivoire,AFRO,214,25597,0,142
22-01-2021,CI,Côte d’Ivoire,AFRO,154,25751,0,142
23-01-2021,CI,Côte d’Ivoire,AFRO,564,26315,1,143
24-01-2021,CI,Côte d’Ivoire,AFRO,297,26612,2,145
25-01-2021,CI,Côte d’Ivoire,AFRO,238,26850,1,146
26-01-2021,CI,Côte d’Ivoire,AFRO,0,26850,0,146
27-01-2021,CI,Côte d’Ivoire,AFRO,387,27237,1,147
28-01-2021,CI,Côte d’Ivoire,AFRO,219,27456,4,151
29-01-2021,CI,Côte d’Ivoire,AFRO,239,27695,0,151
30-01-2021,CI,Côte d’Ivoire,AFRO,240,27935,1,152
31-01-2021,CI,Côte d’Ivoire,AFRO,243,28178,0,152
01-02-2021,CI,Côte d’Ivoire,AFRO,221,28399,2,154
02-02-2021,CI,Côte d’Ivoire,AFRO,76,28475,2,156
03-02-2021,CI,Côte d’Ivoire,AFRO,132,28607,2,158
04-02-2021,CI,Côte d’Ivoire,AFRO,132,28739,0,158
05-02-2021,CI,Côte d’Ivoire,AFRO,363,29102,0,158
06-02-2021,CI,Côte d’Ivoire,AFRO,193,29295,2,160
07-02-2021,CI,Côte d’Ivoire,AFRO,272,29567,2,162
08-02-2021,CI,Côte d’Ivoire,AFRO,258,29825,0,162
09-02-2021,CI,Côte d’Ivoire,AFRO,142,29967,3,165
10-02-2021,CI,Côte d’Ivoire,AFRO,107,30074,0,165
11-02-2021,CI,Côte d’Ivoire,AFRO,166,30240,4,169
12-02-2021,CI,Côte d’Ivoire,AFRO,286,30526,2,171
13-02-2021,CI,Côte d’Ivoire,AFRO,191,30717,2,173
14-02-2021,CI,Côte d’Ivoire,AFRO,167,30884,0,173
15-02-2021,CI,Côte d’Ivoire,AFRO,256,31140,1,174
16-02-2021,CI,Côte d’Ivoire,AFRO,95,31235,1,175
17-02-2021,CI,Côte d’Ivoire,AFRO,130,31365,4,179
18-02-2021,CI,Côte d’Ivoire,AFRO,132,31497,1,180
19-02-2021,CI,Côte d’Ivoire,AFRO,115,31612,3,183
20-02-2021,CI,Côte d’Ivoire,AFRO,213,31825,2,185
21-02-2021,CI,Côte d’Ivoire,AFRO,89,31914,0,185
22-02-2021,CI,Côte d’Ivoire,AFRO,112,32026,1,186
23-02-2021,CI,Côte d’Ivoire,AFRO,13,32039,2,188
24-02-2021,CI,Côte d’Ivoire,AFRO,85,32124,0,188
25-02-2021,CI,Côte d’Ivoire,AFRO,171,32295,0,188
26-02-2021,CI,Côte d’Ivoire,AFRO,0,32295,0,188
27-02-2021,CI,Côte d’Ivoire,AFRO,133,32428,2,190
28-02-2021,CI,Côte d’Ivoire,AFRO,203,32631,2,192
01-03-2021,CI,Côte d’Ivoire,AFRO,123,32754,0,192
02-03-2021,CI,Côte d’Ivoire,AFRO,37,32791,1,193
03-03-2021,CI,Côte d’Ivoire,AFRO,0,32791,0,193
04-03-2021,CI,Côte d’Ivoire,AFRO,494,33285,1,194
05-03-2021,CI,Côte d’Ivoire,AFRO,0,33285,0,194
06-03-2021,CI,Côte d’Ivoire,AFRO,0,33285,0,194
07-03-2021,CI,Côte d’Ivoire,AFRO,1650,34935,6,200
08-03-2021,CI,Côte d’Ivoire,AFRO,252,35187,2,202
09-03-2021,CI,Côte d’Ivoire,AFRO,144,35331,2,204
10-03-2021,CI,Côte d’Ivoire,AFRO,0,35331,0,204
11-03-2021,CI,Côte d’Ivoire,AFRO,697,36028,2,206
12-03-2021,CI,Côte d’Ivoire,AFRO,483,36511,3,209
13-03-2021,CI,Côte d’Ivoire,AFRO,313,36824,2,211
14-03-2021,CI,Côte d’Ivoire,AFRO,480,37304,0,211
15-03-2021,CI,Côte d’Ivoire,AFRO,349,37653,0,211
16-03-2021,CI,Côte d’Ivoire,AFRO,255,37908,2,213
17-03-2021,CI,Côte d’Ivoire,AFRO,212,38120,1,214
18-03-2021,CI,Côte d’Ivoire,AFRO,162,38282,0,214
19-03-2021,CI,Côte d’Ivoire,AFRO,641,38923,1,215
20-03-2021,CI,Côte d’Ivoire,AFRO,511,39434,1,216
21-03-2021,CI,Côte d’Ivoire,AFRO,479,39913,1,217
22-03-2021,CI,Côte d’Ivoire,AFRO,397,40310,3,220
23-03-2021,CI,Côte d’Ivoire,AFRO,291,40601,2,222
24-03-2021,CI,Côte d’Ivoire,AFRO,267,40868,0,222
25-03-2021,CI,Côte d’Ivoire,AFRO,439,41307,2,224
26-03-2021,CI,Côte d’Ivoire,AFRO,757,42064,5,229
27-03-2021,CI,Côte d’Ivoire,AFRO,404,42468,0,229
28-03-2021,CI,Côte d’Ivoire,AFRO,0,42468,0,229
29-03-2021,CI,Côte d’Ivoire,AFRO,712,43180,8,237
30-03-2021,CI,Côte d’Ivoire,AFRO,242,43422,2,239
31-03-2021,CI,Côte d’Ivoire,AFRO,120,43542,3,242
01-04-2021,CI,Côte d’Ivoire,AFRO,347,43889,2,244
02-04-2021,CI,Côte d’Ivoire,AFRO,437,44326,3,247
03-04-2021,CI,Côte d’Ivoire,AFRO,0,44326,0,247
04-04-2021,CI,Côte d’Ivoire,AFRO,0,44326,0,247
05-04-2021,CI,Côte d’Ivoire,AFRO,423,44749,8,255
06-04-2021,CI,Côte d’Ivoire,AFRO,92,44841,1,256
07-04-2021,CI,Côte d’Ivoire,AFRO,13,44854,0,256
08-04-2021,CI,Côte d’Ivoire,AFRO,26,44880,1,257
09-04-2021,CI,Côte d’Ivoire,AFRO,95,44975,1,258
10-04-2021,CI,Côte d’Ivoire,AFRO,114,45089,2,260
11-04-2021,CI,Côte d’Ivoire,AFRO,56,45145,1,261
12-04-2021,CI,Côte d’Ivoire,AFRO,61,45206,2,263
13-04-2021,CI,Côte d’Ivoire,AFRO,21,45227,5,268
14-04-2021,CI,Côte d’Ivoire,AFRO,38,45265,1,269
15-04-2021,CI,Côte d’Ivoire,AFRO,0,45265,0,269
16-04-2021,CI,Côte d’Ivoire,AFRO,0,45265,0,269
17-04-2021,CI,Côte d’Ivoire,AFRO,0,45265,0,269
18-04-2021,CI,Côte d’Ivoire,AFRO,254,45519,5,274
19-04-2021,CI,Côte d’Ivoire,AFRO,41,45560,0,274
20-04-2021,CI,Côte d’Ivoire,AFRO,0,45560,0,274
21-04-2021,CI,Côte d’Ivoire,AFRO,54,45614,1,275
22-04-2021,CI,Côte d’Ivoire,AFRO,83,45697,2,277
23-04-2021,CI,Côte d’Ivoire,AFRO,0,45697,0,277
24-04-2021,CI,Côte d’Ivoire,AFRO,68,45765,2,279
25-04-2021,CI,Côte d’Ivoire,AFRO,55,45820,2,281
26-04-2021,CI,Côte d’Ivoire,AFRO,0,45820,0,281
27-04-2021,CI,Côte d’Ivoire,AFRO,43,45863,2,283
28-04-2021,CI,Côte d’Ivoire,AFRO,22,45885,2,285
29-04-2021,CI,Côte d’Ivoire,AFRO,0,45885,0,285
30-04-2021,CI,Côte d’Ivoire,AFRO,113,45998,1,286
01-05-2021,CI,Côte d’Ivoire,AFRO,0,45998,0,286
02-05-2021,CI,Côte d’Ivoire,AFRO,116,46114,0,286
03-05-2021,CI,Côte d’Ivoire,AFRO,36,46150,1,287
04-05-2021,CI,Côte d’Ivoire,AFRO,4,46154,0,287
05-05-2021,CI,Côte d’Ivoire,AFRO,19,46173,4,291
06-05-2021,CI,Côte d’Ivoire,AFRO,58,46231,0,291
07-05-2021,CI,Côte d’Ivoire,AFRO,0,46231,0,291
08-05-2021,CI,Côte d’Ivoire,AFRO,113,46344,0,291
09-05-2021,CI,Côte d’Ivoire,AFRO,0,46344,0,291
10-05-2021,CI,Côte d’Ivoire,AFRO,98,46442,0,291
11-05-2021,CI,Côte d’Ivoire,AFRO,1,46443,0,291
12-05-2021,CI,Côte d’Ivoire,AFRO,41,46484,1,292
13-05-2021,CI,Côte d’Ivoire,AFRO,32,46516,0,292
14-05-2021,CI,Côte d’Ivoire,AFRO,4,46520,2,294
15-05-2021,CI,Côte d’Ivoire,AFRO,15,46535,1,295
16-05-2021,CI,Côte d’Ivoire,AFRO,84,46619,2,297
17-05-2021,CI,Côte d’Ivoire,AFRO,37,46656,1,298
18-05-2021,CI,Côte d’Ivoire,AFRO,5,46661,0,298
19-05-2021,CI,Côte d’Ivoire,AFRO,47,46708,0,298
20-05-2021,CI,Côte d’Ivoire,AFRO,69,46777,0,298
21-05-2021,CI,Côte d’Ivoire,AFRO,57,46834,0,298
22-05-2021,CI,Côte d’Ivoire,AFRO,40,46874,0,298
23-05-2021,CI,Côte d’Ivoire,AFRO,68,46942,0,298
24-05-2021,CI,Côte d’Ivoire,AFRO,0,46942,0,298
25-05-2021,CI,Côte d’Ivoire,AFRO,91,47033,0,298
26-05-2021,CI,Côte d’Ivoire,AFRO,3,47036,0,298
27-05-2021,CI,Côte d’Ivoire,AFRO,49,47085,3,301
28-05-2021,CI,Côte d’Ivoire,AFRO,61,47146,0,301
29-05-2021,CI,Côte d’Ivoire,AFRO,49,47195,0,301
30-05-2021,CI,Côte d’Ivoire,AFRO,0,47195,0,301
01-01-2021,HR,Croatia,EURO,1170,212007,41,3961
02-01-2021,HR,Croatia,EURO,255,212262,55,4016
03-01-2021,HR,Croatia,EURO,696,212958,56,4072
04-01-2021,HR,Croatia,EURO,361,213319,54,4126
05-01-2021,HR,Croatia,EURO,1071,214390,53,4179
06-01-2021,HR,Croatia,EURO,1896,216286,44,4223
07-01-2021,HR,Croatia,EURO,562,216848,43,4266
08-01-2021,HR,Croatia,EURO,1098,217946,38,4304
09-01-2021,HR,Croatia,EURO,1401,219347,38,4342
10-01-2021,HR,Croatia,EURO,646,219993,26,4368
11-01-2021,HR,Croatia,EURO,230,220223,35,4403
12-01-2021,HR,Croatia,EURO,759,220982,43,4446
13-01-2021,HR,Croatia,EURO,1135,222117,26,4472
14-01-2021,HR,Croatia,EURO,980,223097,45,4517
15-01-2021,HR,Croatia,EURO,715,223812,33,4550
16-01-2021,HR,Croatia,EURO,763,224575,38,4588
17-01-2021,HR,Croatia,EURO,379,224954,28,4616
18-01-2021,HR,Croatia,EURO,174,225128,39,4655
19-01-2021,HR,Croatia,EURO,520,225648,29,4684
20-01-2021,HR,Croatia,EURO,902,226550,27,4711
21-01-2021,HR,Croatia,EURO,776,227326,27,4738
22-01-2021,HR,Croatia,EURO,643,227969,32,4770
23-01-2021,HR,Croatia,EURO,599,228568,29,4799
24-01-2021,HR,Croatia,EURO,352,228920,28,4827
25-01-2021,HR,Croatia,EURO,134,229054,32,4859
26-01-2021,HR,Croatia,EURO,448,229502,23,4882
27-01-2021,HR,Croatia,EURO,857,230359,31,4913
28-01-2021,HR,Croatia,EURO,619,230978,30,4943
29-01-2021,HR,Croatia,EURO,561,231539,29,4972
30-01-2021,HR,Croatia,EURO,551,232090,26,4998
31-01-2021,HR,Croatia,EURO,336,232426,29,5027
01-02-2021,HR,Croatia,EURO,94,232520,27,5054
02-02-2021,HR,Croatia,EURO,387,232907,17,5071
03-02-2021,HR,Croatia,EURO,730,233637,17,5088
04-02-2021,HR,Croatia,EURO,516,234153,18,5106
05-02-2021,HR,Croatia,EURO,549,234702,16,5122
06-02-2021,HR,Croatia,EURO,424,235126,22,5144
07-02-2021,HR,Croatia,EURO,276,235402,25,5169
08-02-2021,HR,Croatia,EURO,71,235473,29,5198
09-02-2021,HR,Croatia,EURO,283,235756,26,5224
10-02-2021,HR,Croatia,EURO,577,236333,14,5238
11-02-2021,HR,Croatia,EURO,376,236709,25,5263
12-02-2021,HR,Croatia,EURO,371,237080,19,5282
13-02-2021,HR,Croatia,EURO,379,237459,17,5299
14-02-2021,HR,Croatia,EURO,198,237657,19,5318
15-02-2021,HR,Croatia,EURO,68,237725,21,5339
16-02-2021,HR,Croatia,EURO,274,237999,18,5357
17-02-2021,HR,Croatia,EURO,502,238501,18,5375
18-02-2021,HR,Croatia,EURO,365,238866,24,5399
19-02-2021,HR,Croatia,EURO,388,239254,8,5407
20-02-2021,HR,Croatia,EURO,431,239685,13,5420
21-02-2021,HR,Croatia,EURO,260,239945,9,5429
22-02-2021,HR,Croatia,EURO,72,240017,20,5449
23-02-2021,HR,Croatia,EURO,343,240360,13,5462
24-02-2021,HR,Croatia,EURO,688,241048,15,5477
25-02-2021,HR,Croatia,EURO,544,241592,12,5489
26-02-2021,HR,Croatia,EURO,505,242097,14,5503
27-02-2021,HR,Croatia,EURO,520,242617,8,5511
28-02-2021,HR,Croatia,EURO,356,242973,15,5526
01-03-2021,HR,Croatia,EURO,91,243064,11,5537
02-03-2021,HR,Croatia,EURO,394,243458,11,5548
03-03-2021,HR,Croatia,EURO,747,244205,7,5555
04-03-2021,HR,Croatia,EURO,667,244872,9,5564
05-03-2021,HR,Croatia,EURO,590,245462,6,5570
06-03-2021,HR,Croatia,EURO,658,246120,15,5585
07-03-2021,HR,Croatia,EURO,394,246514,5,5590
08-03-2021,HR,Croatia,EURO,94,246608,19,5609
09-03-2021,HR,Croatia,EURO,491,247099,12,5621
10-03-2021,HR,Croatia,EURO,962,248061,4,5625
11-03-2021,HR,Croatia,EURO,777,248838,10,5635
12-03-2021,HR,Croatia,EURO,823,249661,12,5647
13-03-2021,HR,Croatia,EURO,823,250484,23,5670
14-03-2021,HR,Croatia,EURO,561,251045,7,5677
15-03-2021,HR,Croatia,EURO,129,251174,8,5685
16-03-2021,HR,Croatia,EURO,691,251865,12,5697
17-03-2021,HR,Croatia,EURO,1445,253310,12,5709
18-03-2021,HR,Croatia,EURO,1197,254507,17,5726
19-03-2021,HR,Croatia,EURO,1112,255619,17,5743
20-03-2021,HR,Croatia,EURO,1186,256805,10,5753
21-03-2021,HR,Croatia,EURO,834,257639,20,5773
22-03-2021,HR,Croatia,EURO,150,257789,13,5786
23-03-2021,HR,Croatia,EURO,956,258745,22,5808
24-03-2021,HR,Croatia,EURO,1891,260636,20,5828
25-03-2021,HR,Croatia,EURO,1673,262309,10,5838
26-03-2021,HR,Croatia,EURO,1802,264111,16,5854
27-03-2021,HR,Croatia,EURO,1790,265901,18,5872
28-03-2021,HR,Croatia,EURO,1321,267222,21,5893
29-03-2021,HR,Croatia,EURO,300,267522,18,5911
30-03-2021,HR,Croatia,EURO,1487,269009,17,5928
31-03-2021,HR,Croatia,EURO,2623,271632,19,5947
01-04-2021,HR,Croatia,EURO,2422,274054,20,5967
02-04-2021,HR,Croatia,EURO,2362,276416,29,5996
03-04-2021,HR,Croatia,EURO,2234,278650,29,6025
04-04-2021,HR,Croatia,EURO,1376,280026,33,6058
05-04-2021,HR,Croatia,EURO,138,280164,25,6083
06-04-2021,HR,Croatia,EURO,735,280899,30,6113
07-04-2021,HR,Croatia,EURO,1649,282548,36,6149
08-04-2021,HR,Croatia,EURO,3217,285765,36,6185
09-04-2021,HR,Croatia,EURO,2599,288364,50,6235
10-04-2021,HR,Croatia,EURO,2535,290899,34,6269
11-04-2021,HR,Croatia,EURO,1617,292516,39,6308
12-04-2021,HR,Croatia,EURO,422,292938,25,6333
13-04-2021,HR,Croatia,EURO,1936,294874,25,6358
14-04-2021,HR,Croatia,EURO,3099,297973,41,6399
15-04-2021,HR,Croatia,EURO,2927,300900,43,6442
16-04-2021,HR,Croatia,EURO,2698,303598,44,6486
17-04-2021,HR,Croatia,EURO,2627,306225,37,6523
18-04-2021,HR,Croatia,EURO,1565,307790,39,6562
19-04-2021,HR,Croatia,EURO,410,308200,39,6601
20-04-2021,HR,Croatia,EURO,2106,310306,42,6643
21-04-2021,HR,Croatia,EURO,3117,313423,49,6692
22-04-2021,HR,Croatia,EURO,2885,316308,46,6738
23-04-2021,HR,Croatia,EURO,2529,318837,46,6784
24-04-2021,HR,Croatia,EURO,2535,321372,31,6815
25-04-2021,HR,Croatia,EURO,1254,322626,39,6854
26-04-2021,HR,Croatia,EURO,410,323036,51,6905
27-04-2021,HR,Croatia,EURO,1797,324833,52,6957
28-04-2021,HR,Croatia,EURO,2904,327737,44,7001
29-04-2021,HR,Croatia,EURO,2439,330176,39,7040
30-04-2021,HR,Croatia,EURO,2007,332183,41,7081
01-05-2021,HR,Croatia,EURO,2046,334229,49,7130
02-05-2021,HR,Croatia,EURO,944,335173,52,7182
03-05-2021,HR,Croatia,EURO,349,335522,36,7218
04-05-2021,HR,Croatia,EURO,1396,336918,46,7264
05-05-2021,HR,Croatia,EURO,2494,339412,51,7315
06-05-2021,HR,Croatia,EURO,1640,341052,40,7355
07-05-2021,HR,Croatia,EURO,1435,342487,33,7388
08-05-2021,HR,Croatia,EURO,1342,343829,36,7424
09-05-2021,HR,Croatia,EURO,665,344494,45,7469
10-05-2021,HR,Croatia,EURO,253,344747,34,7503
11-05-2021,HR,Croatia,EURO,876,345623,46,7549
12-05-2021,HR,Croatia,EURO,1471,347094,40,7589
13-05-2021,HR,Croatia,EURO,1064,348158,34,7623
14-05-2021,HR,Croatia,EURO,926,349084,41,7664
15-05-2021,HR,Croatia,EURO,826,349910,23,7687
16-05-2021,HR,Croatia,EURO,480,350390,21,7708
17-05-2021,HR,Croatia,EURO,116,350506,30,7738
18-05-2021,HR,Croatia,EURO,491,350997,27,7765
19-05-2021,HR,Croatia,EURO,1000,351997,27,7792
20-05-2021,HR,Croatia,EURO,695,352692,36,7828
21-05-2021,HR,Croatia,EURO,525,353217,28,7856
22-05-2021,HR,Croatia,EURO,518,353735,27,7883
23-05-2021,HR,Croatia,EURO,251,353986,20,7903
24-05-2021,HR,Croatia,EURO,0,353986,0,7903
25-05-2021,HR,Croatia,EURO,397,354383,47,7950
26-05-2021,HR,Croatia,EURO,538,354921,21,7971
27-05-2021,HR,Croatia,EURO,375,355296,10,7981
28-05-2021,HR,Croatia,EURO,321,355617,11,7992
29-05-2021,HR,Croatia,EURO,338,355955,10,8002
30-05-2021,HR,Croatia,EURO,0,355955,0,8002
01-01-2021,CU,Cuba,AMRO,176,11863,1,146
02-01-2021,CU,Cuba,AMRO,193,12056,0,146
03-01-2021,CU,Cuba,AMRO,169,12225,0,146
04-01-2021,CU,Cuba,AMRO,199,12424,1,147
05-01-2021,CU,Cuba,AMRO,316,12740,0,147
06-01-2021,CU,Cuba,AMRO,224,12964,0,147
07-01-2021,CU,Cuba,AMRO,201,13165,1,148
08-01-2021,CU,Cuba,AMRO,314,13479,0,148
09-01-2021,CU,Cuba,AMRO,344,13823,0,148
10-01-2021,CU,Cuba,AMRO,365,14188,0,148
11-01-2021,CU,Cuba,AMRO,388,14576,3,151
12-01-2021,CU,Cuba,AMRO,431,15007,2,153
13-01-2021,CU,Cuba,AMRO,487,15494,2,155
14-01-2021,CU,Cuba,AMRO,550,16044,3,158
15-01-2021,CU,Cuba,AMRO,505,16549,2,160
16-01-2021,CU,Cuba,AMRO,547,17096,2,162
17-01-2021,CU,Cuba,AMRO,405,17501,4,166
18-01-2021,CU,Cuba,AMRO,0,17501,0,166
19-01-2021,CU,Cuba,AMRO,942,18443,7,173
20-01-2021,CU,Cuba,AMRO,330,18773,2,175
21-01-2021,CU,Cuba,AMRO,349,19122,5,180
22-01-2021,CU,Cuba,AMRO,408,19530,4,184
23-01-2021,CU,Cuba,AMRO,530,20060,4,188
24-01-2021,CU,Cuba,AMRO,567,20627,3,191
25-01-2021,CU,Cuba,AMRO,634,21261,3,194
26-01-2021,CU,Cuba,AMRO,567,21828,3,197
27-01-2021,CU,Cuba,AMRO,786,22614,3,200
28-01-2021,CU,Cuba,AMRO,825,23439,4,204
29-01-2021,CU,Cuba,AMRO,666,24105,4,208
30-01-2021,CU,Cuba,AMRO,659,24764,2,210
31-01-2021,CU,Cuba,AMRO,910,25674,3,213
01-02-2021,CU,Cuba,AMRO,1012,26686,1,214
02-02-2021,CU,Cuba,AMRO,906,27592,2,216
03-02-2021,CU,Cuba,AMRO,1044,28636,2,218
04-02-2021,CU,Cuba,AMRO,893,29529,2,220
05-02-2021,CU,Cuba,AMRO,816,30345,5,225
06-02-2021,CU,Cuba,AMRO,845,31190,4,229
07-02-2021,CU,Cuba,AMRO,821,32011,4,233
08-02-2021,CU,Cuba,AMRO,820,32831,5,238
09-02-2021,CU,Cuba,AMRO,653,33484,2,240
10-02-2021,CU,Cuba,AMRO,580,34064,4,244
11-02-2021,CU,Cuba,AMRO,858,34922,5,249
12-02-2021,CU,Cuba,AMRO,850,35772,4,253
13-02-2021,CU,Cuba,AMRO,823,36595,4,257
14-02-2021,CU,Cuba,AMRO,888,37483,4,261
15-02-2021,CU,Cuba,AMRO,806,38289,5,266
16-02-2021,CU,Cuba,AMRO,715,39004,3,269
17-02-2021,CU,Cuba,AMRO,937,39941,5,274
18-02-2021,CU,Cuba,AMRO,824,40765,3,277
19-02-2021,CU,Cuba,AMRO,923,41688,5,282
20-02-2021,CU,Cuba,AMRO,859,42547,5,287
21-02-2021,CU,Cuba,AMRO,937,43484,4,291
22-02-2021,CU,Cuba,AMRO,1039,44523,5,296
23-02-2021,CU,Cuba,AMRO,838,45361,4,300
24-02-2021,CU,Cuba,AMRO,836,46197,4,304
25-02-2021,CU,Cuba,AMRO,699,46896,4,308
26-02-2021,CU,Cuba,AMRO,670,47566,4,312
27-02-2021,CU,Cuba,AMRO,875,48441,2,314
28-02-2021,CU,Cuba,AMRO,720,49161,4,318
01-03-2021,CU,Cuba,AMRO,618,49779,4,322
02-03-2021,CU,Cuba,AMRO,811,50590,2,324
03-03-2021,CU,Cuba,AMRO,997,51587,4,328
04-03-2021,CU,Cuba,AMRO,914,52501,5,333
05-03-2021,CU,Cuba,AMRO,807,53308,3,336
06-03-2021,CU,Cuba,AMRO,777,54085,5,341
07-03-2021,CU,Cuba,AMRO,750,54835,3,344
08-03-2021,CU,Cuba,AMRO,858,55693,4,348
09-03-2021,CU,Cuba,AMRO,873,56566,2,350
10-03-2021,CU,Cuba,AMRO,1041,57607,2,352
11-03-2021,CU,Cuba,AMRO,772,58379,5,357
12-03-2021,CU,Cuba,AMRO,778,59157,4,361
13-03-2021,CU,Cuba,AMRO,762,59919,4,365
14-03-2021,CU,Cuba,AMRO,639,60558,1,366
15-03-2021,CU,Cuba,AMRO,914,61472,4,370
16-03-2021,CU,Cuba,AMRO,734,62206,3,373
17-03-2021,CU,Cuba,AMRO,792,62998,3,376
18-03-2021,CU,Cuba,AMRO,727,63725,4,380
19-03-2021,CU,Cuba,AMRO,689,64414,4,384
20-03-2021,CU,Cuba,AMRO,735,65149,3,387
21-03-2021,CU,Cuba,AMRO,813,65962,5,392
22-03-2021,CU,Cuba,AMRO,796,66758,2,394
23-03-2021,CU,Cuba,AMRO,718,67476,3,397
24-03-2021,CU,Cuba,AMRO,774,68250,4,401
25-03-2021,CU,Cuba,AMRO,736,68986,4,405
26-03-2021,CU,Cuba,AMRO,816,69802,3,408
27-03-2021,CU,Cuba,AMRO,832,70634,5,413
28-03-2021,CU,Cuba,AMRO,950,71584,1,414
29-03-2021,CU,Cuba,AMRO,919,72503,1,415
30-03-2021,CU,Cuba,AMRO,701,73204,2,417
31-03-2021,CU,Cuba,AMRO,1008,74212,4,421
01-04-2021,CU,Cuba,AMRO,1051,75263,3,424
02-04-2021,CU,Cuba,AMRO,1013,76276,1,425
03-04-2021,CU,Cuba,AMRO,1077,77353,4,429
04-04-2021,CU,Cuba,AMRO,1029,78382,2,431
05-04-2021,CU,Cuba,AMRO,1162,79544,5,436
06-04-2021,CU,Cuba,AMRO,1066,80610,0,436
07-04-2021,CU,Cuba,AMRO,1030,81640,4,440
08-04-2021,CU,Cuba,AMRO,961,82601,2,442
09-04-2021,CU,Cuba,AMRO,914,83515,1,443
10-04-2021,CU,Cuba,AMRO,1017,84532,5,448
11-04-2021,CU,Cuba,AMRO,1040,85572,5,453
12-04-2021,CU,Cuba,AMRO,959,86531,6,459
13-04-2021,CU,Cuba,AMRO,854,87385,8,467
14-04-2021,CU,Cuba,AMRO,1060,88445,9,476
15-04-2021,CU,Cuba,AMRO,959,89404,11,487
16-04-2021,CU,Cuba,AMRO,1004,90408,4,491
17-04-2021,CU,Cuba,AMRO,1040,91448,9,500
18-04-2021,CU,Cuba,AMRO,1026,92474,12,512
19-04-2021,CU,Cuba,AMRO,1037,93511,13,525
20-04-2021,CU,Cuba,AMRO,1060,94571,6,531
21-04-2021,CU,Cuba,AMRO,1183,95754,7,538
22-04-2021,CU,Cuba,AMRO,1006,96760,9,547
23-04-2021,CU,Cuba,AMRO,1207,97967,12,559
24-04-2021,CU,Cuba,AMRO,1241,99208,10,569
25-04-2021,CU,Cuba,AMRO,1110,100318,12,581
26-04-2021,CU,Cuba,AMRO,1185,101503,10,591
27-04-2021,CU,Cuba,AMRO,938,102441,6,597
28-04-2021,CU,Cuba,AMRO,1083,103524,7,604
29-04-2021,CU,Cuba,AMRO,988,104512,10,614
30-04-2021,CU,Cuba,AMRO,1149,105661,18,632
01-05-2021,CU,Cuba,AMRO,1046,106707,12,644
02-05-2021,CU,Cuba,AMRO,915,107622,10,654
03-05-2021,CU,Cuba,AMRO,1071,108693,10,664
04-05-2021,CU,Cuba,AMRO,932,109625,11,675
05-05-2021,CU,Cuba,AMRO,1019,110644,11,686
06-05-2021,CU,Cuba,AMRO,1010,111654,8,694
07-05-2021,CU,Cuba,AMRO,1060,112714,7,701
08-05-2021,CU,Cuba,AMRO,1162,113876,12,713
09-05-2021,CU,Cuba,AMRO,1036,114912,9,722
10-05-2021,CU,Cuba,AMRO,1069,115981,10,732
11-05-2021,CU,Cuba,AMRO,1116,117097,9,741
12-05-2021,CU,Cuba,AMRO,1071,118168,14,755
13-05-2021,CU,Cuba,AMRO,1207,119375,13,768
14-05-2021,CU,Cuba,AMRO,1186,120561,10,778
15-05-2021,CU,Cuba,AMRO,1277,121838,7,785
16-05-2021,CU,Cuba,AMRO,1383,123221,11,796
17-05-2021,CU,Cuba,AMRO,1233,124454,8,804
18-05-2021,CU,Cuba,AMRO,1057,125511,10,814
19-05-2021,CU,Cuba,AMRO,1244,126755,12,826
20-05-2021,CU,Cuba,AMRO,1339,128094,8,834
21-05-2021,CU,Cuba,AMRO,1252,129346,6,840
22-05-2021,CU,Cuba,AMRO,1197,130543,9,849
23-05-2021,CU,Cuba,AMRO,1289,131832,14,863
24-05-2021,CU,Cuba,AMRO,1221,133053,14,877
25-05-2021,CU,Cuba,AMRO,1155,134208,13,890
26-05-2021,CU,Cuba,AMRO,1291,135499,11,901
27-05-2021,CU,Cuba,AMRO,1129,136628,11,912
28-05-2021,CU,Cuba,AMRO,1102,137730,9,921
29-05-2021,CU,Cuba,AMRO,1169,138899,12,933
30-05-2021,CU,Cuba,AMRO,1188,140087,10,943
01-01-2021,CW,Curaçao,AMRO,51,4230,0,14
02-01-2021,CW,Curaçao,AMRO,0,4230,0,14
03-01-2021,CW,Curaçao,AMRO,0,4230,0,14
04-01-2021,CW,Curaçao,AMRO,0,4230,0,14
05-01-2021,CW,Curaçao,AMRO,87,4317,2,16
06-01-2021,CW,Curaçao,AMRO,6,4323,0,16
07-01-2021,CW,Curaçao,AMRO,19,4342,0,16
08-01-2021,CW,Curaçao,AMRO,36,4378,1,17
09-01-2021,CW,Curaçao,AMRO,27,4405,1,18
10-01-2021,CW,Curaçao,AMRO,0,4405,0,18
11-01-2021,CW,Curaçao,AMRO,0,4405,0,18
12-01-2021,CW,Curaçao,AMRO,53,4458,1,19
13-01-2021,CW,Curaçao,AMRO,6,4464,0,19
14-01-2021,CW,Curaçao,AMRO,5,4469,0,19
15-01-2021,CW,Curaçao,AMRO,19,4488,0,19
16-01-2021,CW,Curaçao,AMRO,10,4498,0,19
17-01-2021,CW,Curaçao,AMRO,0,4498,0,19
18-01-2021,CW,Curaçao,AMRO,0,4498,0,19
19-01-2021,CW,Curaçao,AMRO,22,4520,0,19
20-01-2021,CW,Curaçao,AMRO,3,4523,0,19
21-01-2021,CW,Curaçao,AMRO,4,4527,1,20
22-01-2021,CW,Curaçao,AMRO,8,4535,0,20
23-01-2021,CW,Curaçao,AMRO,2,4537,0,20
24-01-2021,CW,Curaçao,AMRO,0,4537,0,20
25-01-2021,CW,Curaçao,AMRO,0,4537,0,20
26-01-2021,CW,Curaçao,AMRO,11,4548,0,20
27-01-2021,CW,Curaçao,AMRO,0,4548,0,20
28-01-2021,CW,Curaçao,AMRO,10,4558,0,20
29-01-2021,CW,Curaçao,AMRO,9,4567,0,20
30-01-2021,CW,Curaçao,AMRO,7,4574,0,20
31-01-2021,CW,Curaçao,AMRO,0,4574,0,20
01-02-2021,CW,Curaçao,AMRO,0,4574,0,20
02-02-2021,CW,Curaçao,AMRO,11,4585,1,21
03-02-2021,CW,Curaçao,AMRO,0,4585,0,21
04-02-2021,CW,Curaçao,AMRO,6,4591,0,21
05-02-2021,CW,Curaçao,AMRO,4,4595,0,21
06-02-2021,CW,Curaçao,AMRO,2,4597,0,21
07-02-2021,CW,Curaçao,AMRO,0,4597,0,21
08-02-2021,CW,Curaçao,AMRO,0,4597,0,21
09-02-2021,CW,Curaçao,AMRO,16,4613,0,21
10-02-2021,CW,Curaçao,AMRO,0,4613,0,21
11-02-2021,CW,Curaçao,AMRO,7,4620,1,22
12-02-2021,CW,Curaçao,AMRO,8,4628,0,22
13-02-2021,CW,Curaçao,AMRO,5,4633,0,22
14-02-2021,CW,Curaçao,AMRO,0,4633,0,22
15-02-2021,CW,Curaçao,AMRO,0,4633,0,22
16-02-2021,CW,Curaçao,AMRO,17,4650,0,22
17-02-2021,CW,Curaçao,AMRO,2,4652,0,22
18-02-2021,CW,Curaçao,AMRO,3,4655,0,22
19-02-2021,CW,Curaçao,AMRO,3,4658,0,22
20-02-2021,CW,Curaçao,AMRO,8,4666,0,22
21-02-2021,CW,Curaçao,AMRO,0,4666,0,22
22-02-2021,CW,Curaçao,AMRO,0,4666,0,22
23-02-2021,CW,Curaçao,AMRO,21,4687,0,22
24-02-2021,CW,Curaçao,AMRO,7,4694,0,22
25-02-2021,CW,Curaçao,AMRO,2,4696,0,22
26-02-2021,CW,Curaçao,AMRO,9,4705,0,22
27-02-2021,CW,Curaçao,AMRO,3,4708,0,22
28-02-2021,CW,Curaçao,AMRO,0,4708,0,22
01-03-2021,CW,Curaçao,AMRO,0,4708,0,22
02-03-2021,CW,Curaçao,AMRO,22,4730,0,22
03-03-2021,CW,Curaçao,AMRO,1,4731,0,22
04-03-2021,CW,Curaçao,AMRO,5,4736,0,22
05-03-2021,CW,Curaçao,AMRO,4,4740,0,22
06-03-2021,CW,Curaçao,AMRO,11,4751,0,22
07-03-2021,CW,Curaçao,AMRO,0,4751,0,22
08-03-2021,CW,Curaçao,AMRO,0,4751,0,22
09-03-2021,CW,Curaçao,AMRO,56,4807,0,22
10-03-2021,CW,Curaçao,AMRO,6,4813,0,22
11-03-2021,CW,Curaçao,AMRO,17,4830,0,22
12-03-2021,CW,Curaçao,AMRO,32,4862,0,22
13-03-2021,CW,Curaçao,AMRO,53,4915,0,22
14-03-2021,CW,Curaçao,AMRO,0,4915,0,22
15-03-2021,CW,Curaçao,AMRO,0,4915,0,22
16-03-2021,CW,Curaçao,AMRO,195,5110,0,22
17-03-2021,CW,Curaçao,AMRO,28,5138,0,22
18-03-2021,CW,Curaçao,AMRO,100,5238,0,22
19-03-2021,CW,Curaçao,AMRO,142,5380,0,22
20-03-2021,CW,Curaçao,AMRO,140,5520,1,23
21-03-2021,CW,Curaçao,AMRO,0,5520,0,23
22-03-2021,CW,Curaçao,AMRO,0,5520,0,23
23-03-2021,CW,Curaçao,AMRO,477,5997,1,24
24-03-2021,CW,Curaçao,AMRO,44,6041,0,24
25-03-2021,CW,Curaçao,AMRO,133,6174,0,24
26-03-2021,CW,Curaçao,AMRO,250,6424,3,27
27-03-2021,CW,Curaçao,AMRO,224,6648,0,27
28-03-2021,CW,Curaçao,AMRO,0,6648,0,27
29-03-2021,CW,Curaçao,AMRO,0,6648,0,27
30-03-2021,CW,Curaçao,AMRO,910,7558,3,30
31-03-2021,CW,Curaçao,AMRO,182,7740,3,33
01-04-2021,CW,Curaçao,AMRO,158,7898,0,33
02-04-2021,CW,Curaçao,AMRO,506,8404,2,35
03-04-2021,CW,Curaçao,AMRO,430,8834,3,38
04-04-2021,CW,Curaçao,AMRO,0,8834,0,38
05-04-2021,CW,Curaçao,AMRO,0,8834,0,38
06-04-2021,CW,Curaçao,AMRO,0,8834,0,38
07-04-2021,CW,Curaçao,AMRO,1232,10066,14,52
08-04-2021,CW,Curaçao,AMRO,119,10185,4,56
09-04-2021,CW,Curaçao,AMRO,207,10392,2,58
10-04-2021,CW,Curaçao,AMRO,240,10632,2,60
11-04-2021,CW,Curaçao,AMRO,0,10632,0,60
12-04-2021,CW,Curaçao,AMRO,0,10632,0,60
13-04-2021,CW,Curaçao,AMRO,723,11355,6,66
14-04-2021,CW,Curaçao,AMRO,30,11385,2,68
15-04-2021,CW,Curaçao,AMRO,45,11430,6,74
16-04-2021,CW,Curaçao,AMRO,151,11581,4,78
17-04-2021,CW,Curaçao,AMRO,93,11674,2,80
18-04-2021,CW,Curaçao,AMRO,0,11674,0,80
19-04-2021,CW,Curaçao,AMRO,0,11674,0,80
20-04-2021,CW,Curaçao,AMRO,208,11882,9,89
21-04-2021,CW,Curaçao,AMRO,21,11903,1,90
22-04-2021,CW,Curaçao,AMRO,31,11934,4,94
23-04-2021,CW,Curaçao,AMRO,49,11983,1,95
24-04-2021,CW,Curaçao,AMRO,39,12022,4,99
25-04-2021,CW,Curaçao,AMRO,0,12022,0,99
26-04-2021,CW,Curaçao,AMRO,0,12022,0,99
27-04-2021,CW,Curaçao,AMRO,97,12119,5,104
28-04-2021,CW,Curaçao,AMRO,10,12129,1,105
29-04-2021,CW,Curaçao,AMRO,17,12146,2,107
30-04-2021,CW,Curaçao,AMRO,17,12163,1,108
01-05-2021,CW,Curaçao,AMRO,18,12181,0,108
02-05-2021,CW,Curaçao,AMRO,0,12181,0,108
03-05-2021,CW,Curaçao,AMRO,0,12181,0,108
04-05-2021,CW,Curaçao,AMRO,29,12210,3,111
05-05-2021,CW,Curaçao,AMRO,3,12213,0,111
06-05-2021,CW,Curaçao,AMRO,0,12213,0,111
07-05-2021,CW,Curaçao,AMRO,5,12218,2,113
08-05-2021,CW,Curaçao,AMRO,4,12222,0,113
09-05-2021,CW,Curaçao,AMRO,0,12222,0,113
10-05-2021,CW,Curaçao,AMRO,0,12222,0,113
11-05-2021,CW,Curaçao,AMRO,13,12235,1,114
12-05-2021,CW,Curaçao,AMRO,1,12236,2,116
13-05-2021,CW,Curaçao,AMRO,0,12236,1,117
14-05-2021,CW,Curaçao,AMRO,0,12236,0,117
15-05-2021,CW,Curaçao,AMRO,8,12244,1,118
16-05-2021,CW,Curaçao,AMRO,0,12244,0,118
17-05-2021,CW,Curaçao,AMRO,0,12244,0,118
18-05-2021,CW,Curaçao,AMRO,10,12254,2,120
19-05-2021,CW,Curaçao,AMRO,2,12256,0,120
20-05-2021,CW,Curaçao,AMRO,1,12257,0,120
21-05-2021,CW,Curaçao,AMRO,5,12262,1,121
22-05-2021,CW,Curaçao,AMRO,4,12266,1,122
23-05-2021,CW,Curaçao,AMRO,0,12266,0,122
24-05-2021,CW,Curaçao,AMRO,0,12266,0,122
25-05-2021,CW,Curaçao,AMRO,5,12271,0,122
26-05-2021,CW,Curaçao,AMRO,0,12271,0,122
27-05-2021,CW,Curaçao,AMRO,0,12271,0,122
28-05-2021,CW,Curaçao,AMRO,0,12271,0,122
29-05-2021,CW,Curaçao,AMRO,0,12271,0,122
30-05-2021,CW,Curaçao,AMRO,0,12271,0,122
01-01-2021,CY,Cyprus,EURO,632,22651,6,125
02-01-2021,CY,Cyprus,EURO,167,22818,2,127
03-01-2021,CY,Cyprus,EURO,627,23445,2,129
04-01-2021,CY,Cyprus,EURO,529,23974,2,131
05-01-2021,CY,Cyprus,EURO,665,24639,2,133
06-01-2021,CY,Cyprus,EURO,569,25208,1,134
07-01-2021,CY,Cyprus,EURO,573,25781,4,138
08-01-2021,CY,Cyprus,EURO,427,26208,2,140
09-01-2021,CY,Cyprus,EURO,466,26674,1,141
10-01-2021,CY,Cyprus,EURO,337,27011,6,147
11-01-2021,CY,Cyprus,EURO,339,27350,1,148
12-01-2021,CY,Cyprus,EURO,288,27638,5,153
13-01-2021,CY,Cyprus,EURO,259,27897,4,157
14-01-2021,CY,Cyprus,EURO,227,28124,6,163
15-01-2021,CY,Cyprus,EURO,241,28365,3,166
16-01-2021,CY,Cyprus,EURO,244,28609,0,166
17-01-2021,CY,Cyprus,EURO,202,28811,1,167
18-01-2021,CY,Cyprus,EURO,157,28968,3,170
19-01-2021,CY,Cyprus,EURO,162,29130,5,175
20-01-2021,CY,Cyprus,EURO,164,29294,1,176
21-01-2021,CY,Cyprus,EURO,178,29472,0,176
22-01-2021,CY,Cyprus,EURO,164,29636,2,178
23-01-2021,CY,Cyprus,EURO,122,29758,1,179
24-01-2021,CY,Cyprus,EURO,129,29887,4,183
25-01-2021,CY,Cyprus,EURO,130,30017,3,186
26-01-2021,CY,Cyprus,EURO,126,30143,2,188
27-01-2021,CY,Cyprus,EURO,109,30252,2,190
28-01-2021,CY,Cyprus,EURO,128,30380,3,193
29-01-2021,CY,Cyprus,EURO,158,30538,4,197
30-01-2021,CY,Cyprus,EURO,119,30657,0,197
31-01-2021,CY,Cyprus,EURO,113,30770,0,197
01-02-2021,CY,Cyprus,EURO,106,30876,2,199
02-02-2021,CY,Cyprus,EURO,120,30996,3,202
03-02-2021,CY,Cyprus,EURO,128,31124,0,202
04-02-2021,CY,Cyprus,EURO,139,31263,1,203
05-02-2021,CY,Cyprus,EURO,116,31379,5,208
06-02-2021,CY,Cyprus,EURO,133,31512,2,210
07-02-2021,CY,Cyprus,EURO,132,31644,1,211
08-02-2021,CY,Cyprus,EURO,115,31759,1,212
09-02-2021,CY,Cyprus,EURO,105,31864,2,214
10-02-2021,CY,Cyprus,EURO,95,31959,0,214
11-02-2021,CY,Cyprus,EURO,113,32072,3,217
12-02-2021,CY,Cyprus,EURO,103,32175,1,218
13-02-2021,CY,Cyprus,EURO,113,32288,1,219
14-02-2021,CY,Cyprus,EURO,102,32390,1,220
15-02-2021,CY,Cyprus,EURO,123,32513,1,221
16-02-2021,CY,Cyprus,EURO,113,32626,1,222
17-02-2021,CY,Cyprus,EURO,81,32707,3,225
18-02-2021,CY,Cyprus,EURO,121,32828,2,227
19-02-2021,CY,Cyprus,EURO,107,32935,1,228
20-02-2021,CY,Cyprus,EURO,111,33046,1,229
21-02-2021,CY,Cyprus,EURO,107,33153,0,229
22-02-2021,CY,Cyprus,EURO,107,33260,0,229
23-02-2021,CY,Cyprus,EURO,131,33391,1,230
24-02-2021,CY,Cyprus,EURO,176,33567,0,230
25-02-2021,CY,Cyprus,EURO,143,33710,1,231
26-02-2021,CY,Cyprus,EURO,199,33909,0,231
27-02-2021,CY,Cyprus,EURO,272,34181,0,231
28-02-2021,CY,Cyprus,EURO,243,34424,0,231
01-03-2021,CY,Cyprus,EURO,283,34707,0,231
02-03-2021,CY,Cyprus,EURO,302,35009,0,231
03-03-2021,CY,Cyprus,EURO,288,35297,1,232
04-03-2021,CY,Cyprus,EURO,323,35620,0,232
05-03-2021,CY,Cyprus,EURO,384,36004,0,232
06-03-2021,CY,Cyprus,EURO,273,36277,0,232
07-03-2021,CY,Cyprus,EURO,298,36575,0,232
08-03-2021,CY,Cyprus,EURO,303,36878,1,233
09-03-2021,CY,Cyprus,EURO,352,37230,0,233
10-03-2021,CY,Cyprus,EURO,420,37650,0,233
11-03-2021,CY,Cyprus,EURO,415,38065,2,235
12-03-2021,CY,Cyprus,EURO,431,38496,1,236
13-03-2021,CY,Cyprus,EURO,383,38879,2,238
14-03-2021,CY,Cyprus,EURO,398,39277,0,238
15-03-2021,CY,Cyprus,EURO,374,39651,2,240
16-03-2021,CY,Cyprus,EURO,218,39869,0,240
17-03-2021,CY,Cyprus,EURO,475,40344,1,241
18-03-2021,CY,Cyprus,EURO,382,40726,0,241
19-03-2021,CY,Cyprus,EURO,385,41111,0,241
20-03-2021,CY,Cyprus,EURO,364,41475,0,241
21-03-2021,CY,Cyprus,EURO,407,41882,1,242
22-03-2021,CY,Cyprus,EURO,336,42218,1,243
23-03-2021,CY,Cyprus,EURO,410,42628,2,245
24-03-2021,CY,Cyprus,EURO,365,42993,1,246
25-03-2021,CY,Cyprus,EURO,293,43286,2,248
26-03-2021,CY,Cyprus,EURO,324,43610,0,248
27-03-2021,CY,Cyprus,EURO,361,43971,0,248
28-03-2021,CY,Cyprus,EURO,334,44305,2,250
29-03-2021,CY,Cyprus,EURO,326,44631,2,252
30-03-2021,CY,Cyprus,EURO,360,44991,2,254
31-03-2021,CY,Cyprus,EURO,439,45430,2,256
01-04-2021,CY,Cyprus,EURO,434,45864,0,256
02-04-2021,CY,Cyprus,EURO,309,46173,4,260
03-04-2021,CY,Cyprus,EURO,705,46878,1,261
04-04-2021,CY,Cyprus,EURO,404,47282,0,261
05-04-2021,CY,Cyprus,EURO,431,47713,0,261
06-04-2021,CY,Cyprus,EURO,565,48278,1,262
07-04-2021,CY,Cyprus,EURO,559,48837,2,264
08-04-2021,CY,Cyprus,EURO,529,49366,2,266
09-04-2021,CY,Cyprus,EURO,622,49988,2,268
10-04-2021,CY,Cyprus,EURO,601,50589,0,268
11-04-2021,CY,Cyprus,EURO,446,51035,4,272
12-04-2021,CY,Cyprus,EURO,470,51505,0,272
13-04-2021,CY,Cyprus,EURO,528,52033,1,273
14-04-2021,CY,Cyprus,EURO,619,52652,1,274
15-04-2021,CY,Cyprus,EURO,602,53254,3,277
16-04-2021,CY,Cyprus,EURO,690,53944,6,283
17-04-2021,CY,Cyprus,EURO,677,54621,1,284
18-04-2021,CY,Cyprus,EURO,786,55407,4,288
19-04-2021,CY,Cyprus,EURO,852,56259,3,291
20-04-2021,CY,Cyprus,EURO,822,57081,3,294
21-04-2021,CY,Cyprus,EURO,941,58022,1,295
22-04-2021,CY,Cyprus,EURO,843,58865,0,295
23-04-2021,CY,Cyprus,EURO,927,59792,1,296
24-04-2021,CY,Cyprus,EURO,889,60681,1,297
25-04-2021,CY,Cyprus,EURO,895,61576,1,298
26-04-2021,CY,Cyprus,EURO,773,62349,0,298
27-04-2021,CY,Cyprus,EURO,611,62960,3,301
28-04-2021,CY,Cyprus,EURO,760,63720,2,303
29-04-2021,CY,Cyprus,EURO,845,64565,3,306
30-04-2021,CY,Cyprus,EURO,668,65233,2,308
01-05-2021,CY,Cyprus,EURO,676,65909,4,312
02-05-2021,CY,Cyprus,EURO,463,66372,1,313
03-05-2021,CY,Cyprus,EURO,58,66430,1,314
04-05-2021,CY,Cyprus,EURO,481,66911,7,321
05-05-2021,CY,Cyprus,EURO,509,67420,5,326
06-05-2021,CY,Cyprus,EURO,562,67982,1,327
07-05-2021,CY,Cyprus,EURO,460,68442,1,328
08-05-2021,CY,Cyprus,EURO,324,68766,4,332
09-05-2021,CY,Cyprus,EURO,397,69163,2,334
10-05-2021,CY,Cyprus,EURO,269,69432,2,336
11-05-2021,CY,Cyprus,EURO,276,69708,1,337
12-05-2021,CY,Cyprus,EURO,390,70098,2,339
13-05-2021,CY,Cyprus,EURO,260,70358,2,341
14-05-2021,CY,Cyprus,EURO,213,70571,1,342
15-05-2021,CY,Cyprus,EURO,171,70742,4,346
16-05-2021,CY,Cyprus,EURO,157,70899,0,346
17-05-2021,CY,Cyprus,EURO,165,71064,0,346
18-05-2021,CY,Cyprus,EURO,167,71231,1,347
19-05-2021,CY,Cyprus,EURO,167,71398,1,348
20-05-2021,CY,Cyprus,EURO,135,71533,0,348
21-05-2021,CY,Cyprus,EURO,77,71610,2,350
22-05-2021,CY,Cyprus,EURO,135,71745,2,352
23-05-2021,CY,Cyprus,EURO,91,71836,1,353
24-05-2021,CY,Cyprus,EURO,75,71911,1,354
25-05-2021,CY,Cyprus,EURO,100,72011,2,356
26-05-2021,CY,Cyprus,EURO,79,72090,1,357
27-05-2021,CY,Cyprus,EURO,69,72159,0,357
28-05-2021,CY,Cyprus,EURO,0,72159,0,357
29-05-2021,CY,Cyprus,EURO,0,72159,0,357
30-05-2021,CY,Cyprus,EURO,0,72159,0,357
01-01-2021,CZ,Czechia,EURO,13361,732022,131,11711
02-01-2021,CZ,Czechia,EURO,3447,735469,116,11827
03-01-2021,CZ,Czechia,EURO,5012,740481,133,11960
04-01-2021,CZ,Czechia,EURO,6233,746714,110,12070
05-01-2021,CZ,Czechia,EURO,12921,759635,187,12257
06-01-2021,CZ,Czechia,EURO,17332,776967,179,12436
07-01-2021,CZ,Czechia,EURO,17773,794740,185,12621
08-01-2021,CZ,Czechia,EURO,14861,809601,179,12800
09-01-2021,CZ,Czechia,EURO,13115,822716,178,12978
10-01-2021,CZ,Czechia,EURO,8449,831165,137,13115
11-01-2021,CZ,Czechia,EURO,4289,835454,157,13272
12-01-2021,CZ,Czechia,EURO,9345,844799,213,13485
13-01-2021,CZ,Czechia,EURO,10801,855600,171,13656
14-01-2021,CZ,Czechia,EURO,10922,866522,200,13856
15-01-2021,CZ,Czechia,EURO,8083,874605,173,14029
16-01-2021,CZ,Czechia,EURO,9301,883906,186,14215
17-01-2021,CZ,Czechia,EURO,5253,889159,123,14338
18-01-2021,CZ,Czechia,EURO,2693,891852,111,14449
19-01-2021,CZ,Czechia,EURO,7651,899503,197,14646
20-01-2021,CZ,Czechia,EURO,9628,909131,174,14820
21-01-2021,CZ,Czechia,EURO,8228,917359,153,14973
22-01-2021,CZ,Czechia,EURO,7488,924847,157,15130
23-01-2021,CZ,Czechia,EURO,8514,933361,140,15270
24-01-2021,CZ,Czechia,EURO,4256,937617,99,15369
25-01-2021,CZ,Czechia,EURO,2387,940004,84,15453
26-01-2021,CZ,Czechia,EURO,6942,946946,165,15618
27-01-2021,CZ,Czechia,EURO,9209,956155,173,15791
28-01-2021,CZ,Czechia,EURO,8505,964660,153,15944
29-01-2021,CZ,Czechia,EURO,7982,972642,128,16072
30-01-2021,CZ,Czechia,EURO,8072,980714,139,16211
31-01-2021,CZ,Czechia,EURO,4060,984774,97,16308
01-02-2021,CZ,Czechia,EURO,2555,987329,84,16392
02-02-2021,CZ,Czechia,EURO,7185,994514,153,16545
03-02-2021,CZ,Czechia,EURO,9143,1003657,138,16683
04-02-2021,CZ,Czechia,EURO,9695,1013352,143,16826
05-02-2021,CZ,Czechia,EURO,8125,1021477,150,16976
06-02-2021,CZ,Czechia,EURO,8635,1030112,153,17129
07-02-2021,CZ,Czechia,EURO,4863,1034975,106,17235
08-02-2021,CZ,Czechia,EURO,2430,1037405,98,17333
09-02-2021,CZ,Czechia,EURO,7727,1045132,164,17497
10-02-2021,CZ,Czechia,EURO,10283,1055415,145,17642
11-02-2021,CZ,Czechia,EURO,9537,1064952,130,17772
12-02-2021,CZ,Czechia,EURO,9014,1073966,130,17902
13-02-2021,CZ,Czechia,EURO,8883,1082849,156,18058
14-02-2021,CZ,Czechia,EURO,5160,1088009,85,18143
15-02-2021,CZ,Czechia,EURO,2851,1090860,107,18250
16-02-2021,CZ,Czechia,EURO,8794,1099654,180,18430
17-02-2021,CZ,Czechia,EURO,12668,1112322,166,18596
18-02-2021,CZ,Czechia,EURO,10930,1123252,143,18739
19-02-2021,CZ,Czechia,EURO,11705,1134957,174,18913
20-02-2021,CZ,Czechia,EURO,11364,1146321,184,19097
21-02-2021,CZ,Czechia,EURO,6838,1153159,117,19214
22-02-2021,CZ,Czechia,EURO,4021,1157180,116,19330
23-02-2021,CZ,Czechia,EURO,11311,1168491,207,19537
24-02-2021,CZ,Czechia,EURO,15861,1184352,145,19682
25-02-2021,CZ,Czechia,EURO,13816,1198168,153,19835
26-02-2021,CZ,Czechia,EURO,14612,1212780,164,19999
27-02-2021,CZ,Czechia,EURO,14815,1227595,195,20194
28-02-2021,CZ,Czechia,EURO,7885,1235480,145,20339
01-03-2021,CZ,Czechia,EURO,4571,1240051,130,20469
02-03-2021,CZ,Czechia,EURO,12191,1252242,232,20701
03-03-2021,CZ,Czechia,EURO,16816,1269058,240,20941
04-03-2021,CZ,Czechia,EURO,15230,1284288,187,21128
05-03-2021,CZ,Czechia,EURO,14714,1299002,197,21325
06-03-2021,CZ,Czechia,EURO,13162,1312164,233,21558
07-03-2021,CZ,Czechia,EURO,9167,1321331,159,21717
08-03-2021,CZ,Czechia,EURO,3960,1325291,165,21882
09-03-2021,CZ,Czechia,EURO,10524,1335815,265,22147
10-03-2021,CZ,Czechia,EURO,15380,1351195,238,22385
11-03-2021,CZ,Czechia,EURO,14529,1365724,239,22624
12-03-2021,CZ,Czechia,EURO,11274,1376998,241,22865
13-03-2021,CZ,Czechia,EURO,15110,1392108,218,23083
14-03-2021,CZ,Czechia,EURO,6970,1399078,143,23226
15-03-2021,CZ,Czechia,EURO,3342,1402420,153,23379
16-03-2021,CZ,Czechia,EURO,10542,1412962,278,23657
17-03-2021,CZ,Czechia,EURO,14029,1426991,245,23902
18-03-2021,CZ,Czechia,EURO,12028,1439019,215,24117
19-03-2021,CZ,Czechia,EURO,10677,1449696,214,24331
20-03-2021,CZ,Czechia,EURO,9710,1459406,199,24530
21-03-2021,CZ,Czechia,EURO,10141,1469547,137,24667
22-03-2021,CZ,Czechia,EURO,2373,1471920,143,24810
23-03-2021,CZ,Czechia,EURO,3618,1475538,245,25055
24-03-2021,CZ,Czechia,EURO,10972,1486510,203,25258
25-03-2021,CZ,Czechia,EURO,8851,1495361,192,25450
26-03-2021,CZ,Czechia,EURO,7946,1503307,189,25639
27-03-2021,CZ,Czechia,EURO,7714,1511021,139,25778
28-03-2021,CZ,Czechia,EURO,4008,1515029,96,25874
29-03-2021,CZ,Czechia,EURO,1743,1516772,162,26036
30-03-2021,CZ,Czechia,EURO,6896,1523668,186,26222
31-03-2021,CZ,Czechia,EURO,8664,1532332,199,26421
01-04-2021,CZ,Czechia,EURO,7285,1539617,165,26586
02-04-2021,CZ,Czechia,EURO,6248,1545865,179,26765
03-04-2021,CZ,Czechia,EURO,3869,1549734,102,26867
04-04-2021,CZ,Czechia,EURO,2162,1551896,78,26945
05-04-2021,CZ,Czechia,EURO,1924,1553820,112,27057
06-04-2021,CZ,Czechia,EURO,1425,1555245,112,27169
07-04-2021,CZ,Czechia,EURO,5532,1560777,160,27329
08-04-2021,CZ,Czechia,EURO,7071,1567848,137,27466
09-04-2021,CZ,Czechia,EURO,5305,1573153,151,27617
10-04-2021,CZ,Czechia,EURO,4819,1577972,117,27734
11-04-2021,CZ,Czechia,EURO,2217,1580189,74,27808
12-04-2021,CZ,Czechia,EURO,995,1581184,110,27918
13-04-2021,CZ,Czechia,EURO,3853,1585037,120,28038
14-04-2021,CZ,Czechia,EURO,5087,1590124,86,28124
15-04-2021,CZ,Czechia,EURO,3723,1593847,105,28229
16-04-2021,CZ,Czechia,EURO,3256,1597103,88,28317
17-04-2021,CZ,Czechia,EURO,3238,1600341,79,28396
18-04-2021,CZ,Czechia,EURO,6,1600347,30,28426
19-04-2021,CZ,Czechia,EURO,2364,1602711,106,28532
20-04-2021,CZ,Czechia,EURO,3319,1606030,108,28640
21-04-2021,CZ,Czechia,EURO,3831,1609861,71,28711
22-04-2021,CZ,Czechia,EURO,2971,1612832,76,28787
23-04-2021,CZ,Czechia,EURO,2629,1615461,76,28863
24-04-2021,CZ,Czechia,EURO,2607,1618068,57,28920
25-04-2021,CZ,Czechia,EURO,8,1618076,26,28946
26-04-2021,CZ,Czechia,EURO,2130,1620206,56,29002
27-04-2021,CZ,Czechia,EURO,2571,1622777,73,29075
28-04-2021,CZ,Czechia,EURO,3256,1626033,66,29141
29-04-2021,CZ,Czechia,EURO,2503,1628536,72,29213
30-04-2021,CZ,Czechia,EURO,2222,1630758,54,29267
01-05-2021,CZ,Czechia,EURO,2174,1632932,49,29316
02-05-2021,CZ,Czechia,EURO,1182,1634114,27,29343
03-05-2021,CZ,Czechia,EURO,505,1634619,22,29365
04-05-2021,CZ,Czechia,EURO,2217,1636836,56,29421
05-05-2021,CZ,Czechia,EURO,2412,1639248,58,29479
06-05-2021,CZ,Czechia,EURO,1872,1641120,42,29521
07-05-2021,CZ,Czechia,EURO,1576,1642696,87,29608
08-05-2021,CZ,Czechia,EURO,1639,1644335,39,29647
09-05-2021,CZ,Czechia,EURO,726,1645061,20,29667
10-05-2021,CZ,Czechia,EURO,387,1645448,44,29711
11-05-2021,CZ,Czechia,EURO,1533,1646981,38,29749
12-05-2021,CZ,Czechia,EURO,1686,1648667,38,29787
13-05-2021,CZ,Czechia,EURO,1280,1649947,38,29825
14-05-2021,CZ,Czechia,EURO,1231,1651178,32,29857
15-05-2021,CZ,Czechia,EURO,1060,1652238,29,29886
16-05-2021,CZ,Czechia,EURO,602,1652840,15,29901
17-05-2021,CZ,Czechia,EURO,259,1653099,12,29913
18-05-2021,CZ,Czechia,EURO,1120,1654219,20,29933
19-05-2021,CZ,Czechia,EURO,1195,1655414,15,29948
20-05-2021,CZ,Czechia,EURO,788,1656202,19,29967
21-05-2021,CZ,Czechia,EURO,672,1656874,23,29990
22-05-2021,CZ,Czechia,EURO,684,1657558,22,30012
23-05-2021,CZ,Czechia,EURO,335,1657893,8,30020
24-05-2021,CZ,Czechia,EURO,199,1658092,8,30028
25-05-2021,CZ,Czechia,EURO,686,1658778,13,30041
26-05-2021,CZ,Czechia,EURO,655,1659433,13,30054
27-05-2021,CZ,Czechia,EURO,547,1659980,5,30059
28-05-2021,CZ,Czechia,EURO,501,1660481,29,30088
29-05-2021,CZ,Czechia,EURO,454,1660935,13,30101
30-05-2021,CZ,Czechia,EURO,224,1661159,3,30104
01-01-2021,KP,Democratic People's Republic of Korea,SEARO,0,0,0,0
02-01-2021,KP,Democratic People's Republic of Korea,SEARO,0,0,0,0
03-01-2021,KP,Democratic People's Republic of Korea,SEARO,0,0,0,0
04-01-2021,KP,Democratic People's Republic of Korea,SEARO,0,0,0,0
05-01-2021,KP,Democratic People's Republic of Korea,SEARO,0,0,0,0
06-01-2021,KP,Democratic People's Republic of Korea,SEARO,0,0,0,0
07-01-2021,KP,Democratic People's Republic of Korea,SEARO,0,0,0,0
08-01-2021,KP,Democratic People's Republic of Korea,SEARO,0,0,0,0
09-01-2021,KP,Democratic People's Republic of Korea,SEARO,0,0,0,0
10-01-2021,KP,Democratic People's Republic of Korea,SEARO,0,0,0,0
11-01-2021,KP,Democratic People's Republic of Korea,SEARO,0,0,0,0
12-01-2021,KP,Democratic People's Republic of Korea,SEARO,0,0,0,0
13-01-2021,KP,Democratic People's Republic of Korea,SEARO,0,0,0,0
14-01-2021,KP,Democratic People's Republic of Korea,SEARO,0,0,0,0
15-01-2021,KP,Democratic People's Republic of Korea,SEARO,0,0,0,0
16-01-2021,KP,Democratic People's Republic of Korea,SEARO,0,0,0,0
17-01-2021,KP,Democratic People's Republic of Korea,SEARO,0,0,0,0
18-01-2021,KP,Democratic People's Republic of Korea,SEARO,0,0,0,0
19-01-2021,KP,Democratic People's Republic of Korea,SEARO,0,0,0,0
20-01-2021,KP,Democratic People's Republic of Korea,SEARO,0,0,0,0
21-01-2021,KP,Democratic People's Republic of Korea,SEARO,0,0,0,0
22-01-2021,KP,Democratic People's Republic of Korea,SEARO,0,0,0,0
23-01-2021,KP,Democratic People's Republic of Korea,SEARO,0,0,0,0
24-01-2021,KP,Democratic People's Republic of Korea,SEARO,0,0,0,0
25-01-2021,KP,Democratic People's Republic of Korea,SEARO,0,0,0,0
26-01-2021,KP,Democratic People's Republic of Korea,SEARO,0,0,0,0
27-01-2021,KP,Democratic People's Republic of Korea,SEARO,0,0,0,0
28-01-2021,KP,Democratic People's Republic of Korea,SEARO,0,0,0,0
29-01-2021,KP,Democratic People's Republic of Korea,SEARO,0,0,0,0
30-01-2021,KP,Democratic People's Republic of Korea,SEARO,0,0,0,0
31-01-2021,KP,Democratic People's Republic of Korea,SEARO,0,0,0,0
01-02-2021,KP,Democratic People's Republic of Korea,SEARO,0,0,0,0
02-02-2021,KP,Democratic People's Republic of Korea,SEARO,0,0,0,0
03-02-2021,KP,Democratic People's Republic of Korea,SEARO,0,0,0,0
04-02-2021,KP,Democratic People's Republic of Korea,SEARO,0,0,0,0
05-02-2021,KP,Democratic People's Republic of Korea,SEARO,0,0,0,0
06-02-2021,KP,Democratic People's Republic of Korea,SEARO,0,0,0,0
07-02-2021,KP,Democratic People's Republic of Korea,SEARO,0,0,0,0
08-02-2021,KP,Democratic People's Republic of Korea,SEARO,0,0,0,0
09-02-2021,KP,Democratic People's Republic of Korea,SEARO,0,0,0,0
10-02-2021,KP,Democratic People's Republic of Korea,SEARO,0,0,0,0
11-02-2021,KP,Democratic People's Republic of Korea,SEARO,0,0,0,0
12-02-2021,KP,Democratic People's Republic of Korea,SEARO,0,0,0,0
13-02-2021,KP,Democratic People's Republic of Korea,SEARO,0,0,0,0
14-02-2021,KP,Democratic People's Republic of Korea,SEARO,0,0,0,0
15-02-2021,KP,Democratic People's Republic of Korea,SEARO,0,0,0,0
16-02-2021,KP,Democratic People's Republic of Korea,SEARO,0,0,0,0
17-02-2021,KP,Democratic People's Republic of Korea,SEARO,0,0,0,0
18-02-2021,KP,Democratic People's Republic of Korea,SEARO,0,0,0,0
19-02-2021,KP,Democratic People's Republic of Korea,SEARO,0,0,0,0
20-02-2021,KP,Democratic People's Republic of Korea,SEARO,0,0,0,0
21-02-2021,KP,Democratic People's Republic of Korea,SEARO,0,0,0,0
22-02-2021,KP,Democratic People's Republic of Korea,SEARO,0,0,0,0
23-02-2021,KP,Democratic People's Republic of Korea,SEARO,0,0,0,0
24-02-2021,KP,Democratic People's Republic of Korea,SEARO,0,0,0,0
25-02-2021,KP,Democratic People's Republic of Korea,SEARO,0,0,0,0
26-02-2021,KP,Democratic People's Republic of Korea,SEARO,0,0,0,0
27-02-2021,KP,Democratic People's Republic of Korea,SEARO,0,0,0,0
28-02-2021,KP,Democratic People's Republic of Korea,SEARO,0,0,0,0
01-03-2021,KP,Democratic People's Republic of Korea,SEARO,0,0,0,0
02-03-2021,KP,Democratic People's Republic of Korea,SEARO,0,0,0,0
03-03-2021,KP,Democratic People's Republic of Korea,SEARO,0,0,0,0
04-03-2021,KP,Democratic People's Republic of Korea,SEARO,0,0,0,0
05-03-2021,KP,Democratic People's Republic of Korea,SEARO,0,0,0,0
06-03-2021,KP,Democratic People's Republic of Korea,SEARO,0,0,0,0
07-03-2021,KP,Democratic People's Republic of Korea,SEARO,0,0,0,0
08-03-2021,KP,Democratic People's Republic of Korea,SEARO,0,0,0,0
09-03-2021,KP,Democratic People's Republic of Korea,SEARO,0,0,0,0
10-03-2021,KP,Democratic People's Republic of Korea,SEARO,0,0,0,0
11-03-2021,KP,Democratic People's Republic of Korea,SEARO,0,0,0,0
12-03-2021,KP,Democratic People's Republic of Korea,SEARO,0,0,0,0
13-03-2021,KP,Democratic People's Republic of Korea,SEARO,0,0,0,0
14-03-2021,KP,Democratic People's Republic of Korea,SEARO,0,0,0,0
15-03-2021,KP,Democratic People's Republic of Korea,SEARO,0,0,0,0
16-03-2021,KP,Democratic People's Republic of Korea,SEARO,0,0,0,0
17-03-2021,KP,Democratic People's Republic of Korea,SEARO,0,0,0,0
18-03-2021,KP,Democratic People's Republic of Korea,SEARO,0,0,0,0
19-03-2021,KP,Democratic People's Republic of Korea,SEARO,0,0,0,0
20-03-2021,KP,Democratic People's Republic of Korea,SEARO,0,0,0,0
21-03-2021,KP,Democratic People's Republic of Korea,SEARO,0,0,0,0
22-03-2021,KP,Democratic People's Republic of Korea,SEARO,0,0,0,0
23-03-2021,KP,Democratic People's Republic of Korea,SEARO,0,0,0,0
24-03-2021,KP,Democratic People's Republic of Korea,SEARO,0,0,0,0
25-03-2021,KP,Democratic People's Republic of Korea,SEARO,0,0,0,0
26-03-2021,KP,Democratic People's Republic of Korea,SEARO,0,0,0,0
27-03-2021,KP,Democratic People's Republic of Korea,SEARO,0,0,0,0
28-03-2021,KP,Democratic People's Republic of Korea,SEARO,0,0,0,0
29-03-2021,KP,Democratic People's Republic of Korea,SEARO,0,0,0,0
30-03-2021,KP,Democratic People's Republic of Korea,SEARO,0,0,0,0
31-03-2021,KP,Democratic People's Republic of Korea,SEARO,0,0,0,0
01-04-2021,KP,Democratic People's Republic of Korea,SEARO,0,0,0,0
02-04-2021,KP,Democratic People's Republic of Korea,SEARO,0,0,0,0
03-04-2021,KP,Democratic People's Republic of Korea,SEARO,0,0,0,0
04-04-2021,KP,Democratic People's Republic of Korea,SEARO,0,0,0,0
05-04-2021,KP,Democratic People's Republic of Korea,SEARO,0,0,0,0
06-04-2021,KP,Democratic People's Republic of Korea,SEARO,0,0,0,0
07-04-2021,KP,Democratic People's Republic of Korea,SEARO,0,0,0,0
08-04-2021,KP,Democratic People's Republic of Korea,SEARO,0,0,0,0
09-04-2021,KP,Democratic People's Republic of Korea,SEARO,0,0,0,0
10-04-2021,KP,Democratic People's Republic of Korea,SEARO,0,0,0,0
11-04-2021,KP,Democratic People's Republic of Korea,SEARO,0,0,0,0
12-04-2021,KP,Democratic People's Republic of Korea,SEARO,0,0,0,0
13-04-2021,KP,Democratic People's Republic of Korea,SEARO,0,0,0,0
14-04-2021,KP,Democratic People's Republic of Korea,SEARO,0,0,0,0
15-04-2021,KP,Democratic People's Republic of Korea,SEARO,0,0,0,0
16-04-2021,KP,Democratic People's Republic of Korea,SEARO,0,0,0,0
17-04-2021,KP,Democratic People's Republic of Korea,SEARO,0,0,0,0
18-04-2021,KP,Democratic People's Republic of Korea,SEARO,0,0,0,0
19-04-2021,KP,Democratic People's Republic of Korea,SEARO,0,0,0,0
20-04-2021,KP,Democratic People's Republic of Korea,SEARO,0,0,0,0
21-04-2021,KP,Democratic People's Republic of Korea,SEARO,0,0,0,0
22-04-2021,KP,Democratic People's Republic of Korea,SEARO,0,0,0,0
23-04-2021,KP,Democratic People's Republic of Korea,SEARO,0,0,0,0
24-04-2021,KP,Democratic People's Republic of Korea,SEARO,0,0,0,0
25-04-2021,KP,Democratic People's Republic of Korea,SEARO,0,0,0,0
26-04-2021,KP,Democratic People's Republic of Korea,SEARO,0,0,0,0
27-04-2021,KP,Democratic People's Republic of Korea,SEARO,0,0,0,0
28-04-2021,KP,Democratic People's Republic of Korea,SEARO,0,0,0,0
29-04-2021,KP,Democratic People's Republic of Korea,SEARO,0,0,0,0
30-04-2021,KP,Democratic People's Republic of Korea,SEARO,0,0,0,0
01-05-2021,KP,Democratic People's Republic of Korea,SEARO,0,0,0,0
02-05-2021,KP,Democratic People's Republic of Korea,SEARO,0,0,0,0
03-05-2021,KP,Democratic People's Republic of Korea,SEARO,0,0,0,0
04-05-2021,KP,Democratic People's Republic of Korea,SEARO,0,0,0,0
05-05-2021,KP,Democratic People's Republic of Korea,SEARO,0,0,0,0
06-05-2021,KP,Democratic People's Republic of Korea,SEARO,0,0,0,0
07-05-2021,KP,Democratic People's Republic of Korea,SEARO,0,0,0,0
08-05-2021,KP,Democratic People's Republic of Korea,SEARO,0,0,0,0
09-05-2021,KP,Democratic People's Republic of Korea,SEARO,0,0,0,0
10-05-2021,KP,Democratic People's Republic of Korea,SEARO,0,0,0,0
11-05-2021,KP,Democratic People's Republic of Korea,SEARO,0,0,0,0
12-05-2021,KP,Democratic People's Republic of Korea,SEARO,0,0,0,0
13-05-2021,KP,Democratic People's Republic of Korea,SEARO,0,0,0,0
14-05-2021,KP,Democratic People's Republic of Korea,SEARO,0,0,0,0
15-05-2021,KP,Democratic People's Republic of Korea,SEARO,0,0,0,0
16-05-2021,KP,Democratic People's Republic of Korea,SEARO,0,0,0,0
17-05-2021,KP,Democratic People's Republic of Korea,SEARO,0,0,0,0
18-05-2021,KP,Democratic People's Republic of Korea,SEARO,0,0,0,0
19-05-2021,KP,Democratic People's Republic of Korea,SEARO,0,0,0,0
20-05-2021,KP,Democratic People's Republic of Korea,SEARO,0,0,0,0
21-05-2021,KP,Democratic People's Republic of Korea,SEARO,0,0,0,0
22-05-2021,KP,Democratic People's Republic of Korea,SEARO,0,0,0,0
23-05-2021,KP,Democratic People's Republic of Korea,SEARO,0,0,0,0
24-05-2021,KP,Democratic People's Republic of Korea,SEARO,0,0,0,0
25-05-2021,KP,Democratic People's Republic of Korea,SEARO,0,0,0,0
26-05-2021,KP,Democratic People's Republic of Korea,SEARO,0,0,0,0
27-05-2021,KP,Democratic People's Republic of Korea,SEARO,0,0,0,0
28-05-2021,KP,Democratic People's Republic of Korea,SEARO,0,0,0,0
29-05-2021,KP,Democratic People's Republic of Korea,SEARO,0,0,0,0
30-05-2021,KP,Democratic People's Republic of Korea,SEARO,0,0,0,0
01-01-2021,CD,Democratic Republic of the Congo,AFRO,194,17374,7,591
02-01-2021,CD,Democratic Republic of the Congo,AFRO,0,17374,0,591
03-01-2021,CD,Democratic Republic of the Congo,AFRO,474,17848,0,591
04-01-2021,CD,Democratic Republic of the Congo,AFRO,149,17997,5,596
05-01-2021,CD,Democratic Republic of the Congo,AFRO,0,17997,0,596
06-01-2021,CD,Democratic Republic of the Congo,AFRO,155,18152,5,601
07-01-2021,CD,Democratic Republic of the Congo,AFRO,0,18152,0,601
08-01-2021,CD,Democratic Republic of the Congo,AFRO,333,18485,9,610
09-01-2021,CD,Democratic Republic of the Congo,AFRO,251,18736,0,610
10-01-2021,CD,Democratic Republic of the Congo,AFRO,231,18967,0,610
11-01-2021,CD,Democratic Republic of the Congo,AFRO,190,19157,0,610
12-01-2021,CD,Democratic Republic of the Congo,AFRO,277,19434,0,610
13-01-2021,CD,Democratic Republic of the Congo,AFRO,0,19434,0,610
14-01-2021,CD,Democratic Republic of the Congo,AFRO,61,19495,0,610
15-01-2021,CD,Democratic Republic of the Congo,AFRO,211,19706,15,625
16-01-2021,CD,Democratic Republic of the Congo,AFRO,919,20625,2,627
17-01-2021,CD,Democratic Republic of the Congo,AFRO,0,20625,2,629
18-01-2021,CD,Democratic Republic of the Congo,AFRO,67,20692,1,630
19-01-2021,CD,Democratic Republic of the Congo,AFRO,215,20907,0,630
20-01-2021,CD,Democratic Republic of the Congo,AFRO,232,21139,10,640
21-01-2021,CD,Democratic Republic of the Congo,AFRO,162,21301,0,640
22-01-2021,CD,Democratic Republic of the Congo,AFRO,96,21397,3,643
23-01-2021,CD,Democratic Republic of the Congo,AFRO,198,21595,3,646
24-01-2021,CD,Democratic Republic of the Congo,AFRO,273,21868,14,660
25-01-2021,CD,Democratic Republic of the Congo,AFRO,0,21868,0,660
26-01-2021,CD,Democratic Republic of the Congo,AFRO,179,22047,1,661
27-01-2021,CD,Democratic Republic of the Congo,AFRO,0,22047,0,661
28-01-2021,CD,Democratic Republic of the Congo,AFRO,130,22177,0,661
29-01-2021,CD,Democratic Republic of the Congo,AFRO,144,22321,4,665
30-01-2021,CD,Democratic Republic of the Congo,AFRO,133,22454,0,665
31-01-2021,CD,Democratic Republic of the Congo,AFRO,149,22603,6,671
01-02-2021,CD,Democratic Republic of the Congo,AFRO,167,22770,0,671
02-02-2021,CD,Democratic Republic of the Congo,AFRO,71,22841,2,673
03-02-2021,CD,Democratic Republic of the Congo,AFRO,201,23042,1,674
04-02-2021,CD,Democratic Republic of the Congo,AFRO,139,23181,0,674
05-02-2021,CD,Democratic Republic of the Congo,AFRO,30,23211,3,677
06-02-2021,CD,Democratic Republic of the Congo,AFRO,159,23370,0,677
07-02-2021,CD,Democratic Republic of the Congo,AFRO,114,23484,2,679
08-02-2021,CD,Democratic Republic of the Congo,AFRO,114,23598,2,681
09-02-2021,CD,Democratic Republic of the Congo,AFRO,72,23670,0,681
10-02-2021,CD,Democratic Republic of the Congo,AFRO,100,23770,2,683
11-02-2021,CD,Democratic Republic of the Congo,AFRO,119,23889,2,685
12-02-2021,CD,Democratic Republic of the Congo,AFRO,136,24025,0,685
13-02-2021,CD,Democratic Republic of the Congo,AFRO,126,24151,5,690
14-02-2021,CD,Democratic Republic of the Congo,AFRO,88,24239,2,692
15-02-2021,CD,Democratic Republic of the Congo,AFRO,55,24294,0,692
16-02-2021,CD,Democratic Republic of the Congo,AFRO,91,24385,0,692
17-02-2021,CD,Democratic Republic of the Congo,AFRO,37,24422,2,694
18-02-2021,CD,Democratic Republic of the Congo,AFRO,179,24601,0,694
19-02-2021,CD,Democratic Republic of the Congo,AFRO,192,24793,0,694
20-02-2021,CD,Democratic Republic of the Congo,AFRO,170,24963,0,694
21-02-2021,CD,Democratic Republic of the Congo,AFRO,116,25079,6,700
22-02-2021,CD,Democratic Republic of the Congo,AFRO,0,25079,0,700
23-02-2021,CD,Democratic Republic of the Congo,AFRO,0,25079,0,700
24-02-2021,CD,Democratic Republic of the Congo,AFRO,65,25144,0,700
25-02-2021,CD,Democratic Republic of the Congo,AFRO,0,25144,0,700
26-02-2021,CD,Democratic Republic of the Congo,AFRO,0,25144,0,700
27-02-2021,CD,Democratic Republic of the Congo,AFRO,0,25144,0,700
28-02-2021,CD,Democratic Republic of the Congo,AFRO,647,25791,7,707
01-03-2021,CD,Democratic Republic of the Congo,AFRO,121,25912,0,707
02-03-2021,CD,Democratic Republic of the Congo,AFRO,49,25961,0,707
03-03-2021,CD,Democratic Republic of the Congo,AFRO,0,25961,0,707
04-03-2021,CD,Democratic Republic of the Congo,AFRO,285,26246,4,711
05-03-2021,CD,Democratic Republic of the Congo,AFRO,0,26246,0,711
06-03-2021,CD,Democratic Republic of the Congo,AFRO,93,26339,0,711
07-03-2021,CD,Democratic Republic of the Congo,AFRO,129,26468,1,712
08-03-2021,CD,Democratic Republic of the Congo,AFRO,72,26540,0,712
09-03-2021,CD,Democratic Republic of the Congo,AFRO,86,26626,0,712
10-03-2021,CD,Democratic Republic of the Congo,AFRO,0,26626,0,712
11-03-2021,CD,Democratic Republic of the Congo,AFRO,111,26737,0,712
12-03-2021,CD,Democratic Republic of the Congo,AFRO,0,26737,0,712
13-03-2021,CD,Democratic Republic of the Congo,AFRO,108,26845,0,712
14-03-2021,CD,Democratic Republic of the Congo,AFRO,92,26937,5,717
15-03-2021,CD,Democratic Republic of the Congo,AFRO,76,27013,0,717
16-03-2021,CD,Democratic Republic of the Congo,AFRO,63,27076,0,717
17-03-2021,CD,Democratic Republic of the Congo,AFRO,23,27099,5,722
18-03-2021,CD,Democratic Republic of the Congo,AFRO,152,27251,0,722
19-03-2021,CD,Democratic Republic of the Congo,AFRO,38,27289,4,726
20-03-2021,CD,Democratic Republic of the Congo,AFRO,66,27355,0,726
21-03-2021,CD,Democratic Republic of the Congo,AFRO,112,27467,0,726
22-03-2021,CD,Democratic Republic of the Congo,AFRO,85,27552,0,726
23-03-2021,CD,Democratic Republic of the Congo,AFRO,19,27571,0,726
24-03-2021,CD,Democratic Republic of the Congo,AFRO,8,27579,0,726
25-03-2021,CD,Democratic Republic of the Congo,AFRO,80,27659,0,726
26-03-2021,CD,Democratic Republic of the Congo,AFRO,69,27728,0,726
27-03-2021,CD,Democratic Republic of the Congo,AFRO,65,27793,0,726
28-03-2021,CD,Democratic Republic of the Congo,AFRO,93,27886,8,734
29-03-2021,CD,Democratic Republic of the Congo,AFRO,43,27929,5,739
30-03-2021,CD,Democratic Republic of the Congo,AFRO,82,28011,0,739
31-03-2021,CD,Democratic Republic of the Congo,AFRO,130,28141,4,743
01-04-2021,CD,Democratic Republic of the Congo,AFRO,0,28141,0,743
02-04-2021,CD,Democratic Republic of the Congo,AFRO,57,28198,2,745
03-04-2021,CD,Democratic Republic of the Congo,AFRO,19,28217,0,745
04-04-2021,CD,Democratic Republic of the Congo,AFRO,75,28292,0,745
05-04-2021,CD,Democratic Republic of the Congo,AFRO,33,28325,0,745
06-04-2021,CD,Democratic Republic of the Congo,AFRO,30,28355,0,745
07-04-2021,CD,Democratic Republic of the Congo,AFRO,22,28377,0,745
08-04-2021,CD,Democratic Republic of the Congo,AFRO,33,28410,0,745
09-04-2021,CD,Democratic Republic of the Congo,AFRO,64,28474,0,745
10-04-2021,CD,Democratic Republic of the Congo,AFRO,37,28511,0,745
11-04-2021,CD,Democratic Republic of the Congo,AFRO,31,28542,0,745
12-04-2021,CD,Democratic Republic of the Congo,AFRO,0,28542,0,745
13-04-2021,CD,Democratic Republic of the Congo,AFRO,0,28542,0,745
14-04-2021,CD,Democratic Republic of the Congo,AFRO,123,28665,0,745
15-04-2021,CD,Democratic Republic of the Congo,AFRO,49,28714,0,745
16-04-2021,CD,Democratic Republic of the Congo,AFRO,55,28769,0,745
17-04-2021,CD,Democratic Republic of the Congo,AFRO,90,28859,0,745
18-04-2021,CD,Democratic Republic of the Congo,AFRO,35,28894,0,745
19-04-2021,CD,Democratic Republic of the Congo,AFRO,62,28956,0,745
20-04-2021,CD,Democratic Republic of the Congo,AFRO,0,28956,0,745
21-04-2021,CD,Democratic Republic of the Congo,AFRO,128,29084,3,748
22-04-2021,CD,Democratic Republic of the Congo,AFRO,149,29233,0,748
23-04-2021,CD,Democratic Republic of the Congo,AFRO,117,29350,4,752
24-04-2021,CD,Democratic Republic of the Congo,AFRO,55,29405,0,752
25-04-2021,CD,Democratic Republic of the Congo,AFRO,93,29498,4,756
26-04-2021,CD,Democratic Republic of the Congo,AFRO,78,29576,0,756
27-04-2021,CD,Democratic Republic of the Congo,AFRO,35,29611,0,756
28-04-2021,CD,Democratic Republic of the Congo,AFRO,90,29701,4,760
29-04-2021,CD,Democratic Republic of the Congo,AFRO,67,29768,3,763
30-04-2021,CD,Democratic Republic of the Congo,AFRO,44,29812,0,763
01-05-2021,CD,Democratic Republic of the Congo,AFRO,41,29853,3,766
02-05-2021,CD,Democratic Republic of the Congo,AFRO,51,29904,2,768
03-05-2021,CD,Democratic Republic of the Congo,AFRO,61,29965,0,768
04-05-2021,CD,Democratic Republic of the Congo,AFRO,40,30005,0,768
05-05-2021,CD,Democratic Republic of the Congo,AFRO,66,30071,2,770
06-05-2021,CD,Democratic Republic of the Congo,AFRO,59,30130,0,770
07-05-2021,CD,Democratic Republic of the Congo,AFRO,71,30201,0,770
08-05-2021,CD,Democratic Republic of the Congo,AFRO,39,30240,2,772
09-05-2021,CD,Democratic Republic of the Congo,AFRO,45,30285,0,772
10-05-2021,CD,Democratic Republic of the Congo,AFRO,38,30323,0,772
11-05-2021,CD,Democratic Republic of the Congo,AFRO,27,30350,0,772
12-05-2021,CD,Democratic Republic of the Congo,AFRO,39,30389,3,775
13-05-2021,CD,Democratic Republic of the Congo,AFRO,40,30429,0,775
14-05-2021,CD,Democratic Republic of the Congo,AFRO,49,30478,0,775
15-05-2021,CD,Democratic Republic of the Congo,AFRO,33,30511,0,775
16-05-2021,CD,Democratic Republic of the Congo,AFRO,35,30546,1,776
17-05-2021,CD,Democratic Republic of the Congo,AFRO,16,30562,0,776
18-05-2021,CD,Democratic Republic of the Congo,AFRO,47,30609,0,776
19-05-2021,CD,Democratic Republic of the Congo,AFRO,11,30620,0,776
20-05-2021,CD,Democratic Republic of the Congo,AFRO,88,30708,0,776
21-05-2021,CD,Democratic Republic of the Congo,AFRO,49,30757,3,779
22-05-2021,CD,Democratic Republic of the Congo,AFRO,68,30825,0,779
23-05-2021,CD,Democratic Republic of the Congo,AFRO,38,30863,0,779
24-05-2021,CD,Democratic Republic of the Congo,AFRO,0,30863,0,779
25-05-2021,CD,Democratic Republic of the Congo,AFRO,0,30863,0,779
26-05-2021,CD,Democratic Republic of the Congo,AFRO,309,31172,1,780
27-05-2021,CD,Democratic Republic of the Congo,AFRO,76,31248,0,780
28-05-2021,CD,Democratic Republic of the Congo,AFRO,31,31279,1,781
29-05-2021,CD,Democratic Republic of the Congo,AFRO,107,31386,1,782
30-05-2021,CD,Democratic Republic of the Congo,AFRO,30,31416,0,782
01-01-2021,DK,Denmark,EURO,1222,165633,42,1298
02-01-2021,DK,Denmark,EURO,1183,166816,24,1322
03-01-2021,DK,Denmark,EURO,2028,168844,23,1345
04-01-2021,DK,Denmark,EURO,1654,170498,29,1374
05-01-2021,DK,Denmark,EURO,2460,172958,15,1389
06-01-2021,DK,Denmark,EURO,1913,174871,31,1420
07-01-2021,DK,Denmark,EURO,1646,176517,30,1450
08-01-2021,DK,Denmark,EURO,1576,178093,37,1487
09-01-2021,DK,Denmark,EURO,1423,179516,30,1517
10-01-2021,DK,Denmark,EURO,1190,180706,25,1542
11-01-2021,DK,Denmark,EURO,987,181693,28,1570
12-01-2021,DK,Denmark,EURO,1337,183030,27,1597
13-01-2021,DK,Denmark,EURO,1247,184277,26,1623
14-01-2021,DK,Denmark,EURO,1103,185380,37,1660
15-01-2021,DK,Denmark,EURO,998,186378,43,1703
16-01-2021,DK,Denmark,EURO,846,187224,17,1720
17-01-2021,DK,Denmark,EURO,718,187942,27,1747
18-01-2021,DK,Denmark,EURO,668,188610,28,1775
19-01-2021,DK,Denmark,EURO,913,189523,30,1805
20-01-2021,DK,Denmark,EURO,908,190431,32,1837
21-01-2021,DK,Denmark,EURO,771,191202,35,1872
22-01-2021,DK,Denmark,EURO,857,192059,37,1909
23-01-2021,DK,Denmark,EURO,709,192768,32,1941
24-01-2021,DK,Denmark,EURO,600,193368,28,1969
25-01-2021,DK,Denmark,EURO,507,193875,14,1983
26-01-2021,DK,Denmark,EURO,715,194590,27,2010
27-01-2021,DK,Denmark,EURO,676,195266,20,2030
28-01-2021,DK,Denmark,EURO,545,195811,20,2050
29-01-2021,DK,Denmark,EURO,501,196312,21,2071
30-01-2021,DK,Denmark,EURO,399,196711,13,2084
31-01-2021,DK,Denmark,EURO,353,197064,22,2106
01-02-2021,DK,Denmark,EURO,378,197442,19,2125
02-02-2021,DK,Denmark,EURO,495,197937,20,2145
03-02-2021,DK,Denmark,EURO,482,198419,15,2160
04-02-2021,DK,Denmark,EURO,425,198844,10,2170
05-02-2021,DK,Denmark,EURO,439,199283,14,2184
06-02-2021,DK,Denmark,EURO,403,199686,17,2201
07-02-2021,DK,Denmark,EURO,425,200111,14,2215
08-02-2021,DK,Denmark,EURO,384,200495,1,2216
09-02-2021,DK,Denmark,EURO,435,200930,0,2216
10-02-2021,DK,Denmark,EURO,455,201385,28,2244
11-02-2021,DK,Denmark,EURO,445,201830,11,2255
12-02-2021,DK,Denmark,EURO,366,202196,14,2269
13-02-2021,DK,Denmark,EURO,313,202509,11,2280
14-02-2021,DK,Denmark,EURO,331,202840,4,2284
15-02-2021,DK,Denmark,EURO,338,203178,8,2292
16-02-2021,DK,Denmark,EURO,397,203575,9,2301
17-02-2021,DK,Denmark,EURO,513,204088,7,2308
18-02-2021,DK,Denmark,EURO,497,204585,8,2316
19-02-2021,DK,Denmark,EURO,548,205133,3,2319
20-02-2021,DK,Denmark,EURO,457,205590,8,2327
21-02-2021,DK,Denmark,EURO,430,206020,6,2333
22-02-2021,DK,Denmark,EURO,469,206489,5,2338
23-02-2021,DK,Denmark,EURO,608,207097,5,2343
24-02-2021,DK,Denmark,EURO,612,207709,0,2343
25-02-2021,DK,Denmark,EURO,539,208248,2,2345
26-02-2021,DK,Denmark,EURO,538,208786,6,2351
27-02-2021,DK,Denmark,EURO,500,209286,2,2353
28-02-2021,DK,Denmark,EURO,425,209711,5,2358
01-03-2021,DK,Denmark,EURO,471,210182,3,2361
02-03-2021,DK,Denmark,EURO,587,210769,4,2365
03-03-2021,DK,Denmark,EURO,591,211360,2,2367
04-03-2021,DK,Denmark,EURO,539,211899,3,2370
05-03-2021,DK,Denmark,EURO,479,212378,4,2374
06-03-2021,DK,Denmark,EURO,464,212842,3,2377
07-03-2021,DK,Denmark,EURO,447,213289,0,2377
08-03-2021,DK,Denmark,EURO,454,213743,2,2379
09-03-2021,DK,Denmark,EURO,594,214337,2,2381
10-03-2021,DK,Denmark,EURO,635,214972,0,2381
11-03-2021,DK,Denmark,EURO,1163,216135,1,2382
12-03-2021,DK,Denmark,EURO,578,216713,2,2384
13-03-2021,DK,Denmark,EURO,480,217193,3,2387
14-03-2021,DK,Denmark,EURO,461,217654,3,2390
15-03-2021,DK,Denmark,EURO,486,218140,1,2391
16-03-2021,DK,Denmark,EURO,634,218774,2,2393
17-03-2021,DK,Denmark,EURO,740,219514,2,2395
18-03-2021,DK,Denmark,EURO,659,220173,1,2396
19-03-2021,DK,Denmark,EURO,644,220817,1,2397
20-03-2021,DK,Denmark,EURO,638,221455,0,2397
21-03-2021,DK,Denmark,EURO,577,222032,2,2399
22-03-2021,DK,Denmark,EURO,562,222594,1,2400
23-03-2021,DK,Denmark,EURO,775,223369,2,2402
24-03-2021,DK,Denmark,EURO,798,224167,1,2403
25-03-2021,DK,Denmark,EURO,863,225030,2,2405
26-03-2021,DK,Denmark,EURO,814,225844,4,2409
27-03-2021,DK,Denmark,EURO,789,226633,2,2411
28-03-2021,DK,Denmark,EURO,416,227049,2,2413
29-03-2021,DK,Denmark,EURO,964,228013,1,2414
30-03-2021,DK,Denmark,EURO,679,228692,1,2415
31-03-2021,DK,Denmark,EURO,1210,229902,2,2417
01-04-2021,DK,Denmark,EURO,701,230603,2,2419
02-04-2021,DK,Denmark,EURO,662,231265,4,2423
03-04-2021,DK,Denmark,EURO,708,231973,1,2424
04-04-2021,DK,Denmark,EURO,745,232718,4,2428
05-04-2021,DK,Denmark,EURO,600,233318,1,2429
06-04-2021,DK,Denmark,EURO,479,233797,1,2430
07-04-2021,DK,Denmark,EURO,520,234317,2,2432
08-04-2021,DK,Denmark,EURO,614,234931,3,2435
09-04-2021,DK,Denmark,EURO,717,235648,1,2436
10-04-2021,DK,Denmark,EURO,698,236346,0,2436
11-04-2021,DK,Denmark,EURO,755,237101,3,2439
12-04-2021,DK,Denmark,EURO,691,237792,2,2441
13-04-2021,DK,Denmark,EURO,514,238306,2,2443
14-04-2021,DK,Denmark,EURO,563,238869,3,2446
15-04-2021,DK,Denmark,EURO,663,239532,1,2447
16-04-2021,DK,Denmark,EURO,798,240330,2,2449
17-04-2021,DK,Denmark,EURO,677,241007,3,2452
18-04-2021,DK,Denmark,EURO,724,241731,0,2452
19-04-2021,DK,Denmark,EURO,902,242633,3,2455
20-04-2021,DK,Denmark,EURO,741,243374,4,2459
21-04-2021,DK,Denmark,EURO,691,244065,4,2463
22-04-2021,DK,Denmark,EURO,803,244868,2,2465
23-04-2021,DK,Denmark,EURO,893,245761,2,2467
24-04-2021,DK,Denmark,EURO,702,246463,5,2472
25-04-2021,DK,Denmark,EURO,547,247010,2,2474
26-04-2021,DK,Denmark,EURO,612,247622,1,2475
27-04-2021,DK,Denmark,EURO,704,248326,2,2477
28-04-2021,DK,Denmark,EURO,624,248950,2,2479
29-04-2021,DK,Denmark,EURO,835,249785,2,2481
30-04-2021,DK,Denmark,EURO,769,250554,2,2483
01-05-2021,DK,Denmark,EURO,874,251428,2,2485
02-05-2021,DK,Denmark,EURO,617,252045,4,2489
03-05-2021,DK,Denmark,EURO,867,252912,1,2490
04-05-2021,DK,Denmark,EURO,761,253673,0,2490
05-05-2021,DK,Denmark,EURO,809,254482,1,2491
06-05-2021,DK,Denmark,EURO,988,255470,1,2492
07-05-2021,DK,Denmark,EURO,1012,256482,1,2493
08-05-2021,DK,Denmark,EURO,1023,257505,2,2495
09-05-2021,DK,Denmark,EURO,677,258182,2,2497
10-05-2021,DK,Denmark,EURO,874,259056,0,2497
11-05-2021,DK,Denmark,EURO,932,259988,0,2497
12-05-2021,DK,Denmark,EURO,925,260913,2,2499
13-05-2021,DK,Denmark,EURO,1246,262159,0,2499
14-05-2021,DK,Denmark,EURO,1355,263514,0,2499
15-05-2021,DK,Denmark,EURO,951,264465,0,2499
16-05-2021,DK,Denmark,EURO,1074,265539,3,2502
17-05-2021,DK,Denmark,EURO,964,266503,0,2502
18-05-2021,DK,Denmark,EURO,836,267339,1,2503
19-05-2021,DK,Denmark,EURO,916,268255,0,2503
20-05-2021,DK,Denmark,EURO,1088,269343,2,2505
21-05-2021,DK,Denmark,EURO,1214,270557,1,2506
22-05-2021,DK,Denmark,EURO,1351,271908,0,2506
23-05-2021,DK,Denmark,EURO,751,272659,1,2507
24-05-2021,DK,Denmark,EURO,835,273494,1,2508
25-05-2021,DK,Denmark,EURO,919,274413,1,2509
26-05-2021,DK,Denmark,EURO,794,275207,1,2510
27-05-2021,DK,Denmark,EURO,1073,276280,1,2511
28-05-2021,DK,Denmark,EURO,1119,277399,0,2511
29-05-2021,DK,Denmark,EURO,997,278396,1,2512
30-05-2021,DK,Denmark,EURO,1038,279434,4,2516
01-01-2021,DJ,Djibouti,EMRO,7,5831,0,61
02-01-2021,DJ,Djibouti,EMRO,9,5840,0,61
03-01-2021,DJ,Djibouti,EMRO,1,5841,0,61
04-01-2021,DJ,Djibouti,EMRO,1,5842,0,61
05-01-2021,DJ,Djibouti,EMRO,4,5846,0,61
06-01-2021,DJ,Djibouti,EMRO,8,5854,0,61
07-01-2021,DJ,Djibouti,EMRO,1,5855,0,61
08-01-2021,DJ,Djibouti,EMRO,2,5857,0,61
09-01-2021,DJ,Djibouti,EMRO,8,5865,0,61
10-01-2021,DJ,Djibouti,EMRO,1,5866,0,61
11-01-2021,DJ,Djibouti,EMRO,5,5871,0,61
12-01-2021,DJ,Djibouti,EMRO,6,5877,0,61
13-01-2021,DJ,Djibouti,EMRO,2,5879,0,61
14-01-2021,DJ,Djibouti,EMRO,12,5891,0,61
15-01-2021,DJ,Djibouti,EMRO,9,5900,0,61
16-01-2021,DJ,Djibouti,EMRO,3,5903,0,61
17-01-2021,DJ,Djibouti,EMRO,0,5903,0,61
18-01-2021,DJ,Djibouti,EMRO,2,5905,0,61
19-01-2021,DJ,Djibouti,EMRO,1,5906,0,61
20-01-2021,DJ,Djibouti,EMRO,4,5910,0,61
21-01-2021,DJ,Djibouti,EMRO,3,5913,0,61
22-01-2021,DJ,Djibouti,EMRO,3,5916,0,61
23-01-2021,DJ,Djibouti,EMRO,1,5917,0,61
24-01-2021,DJ,Djibouti,EMRO,1,5918,0,61
25-01-2021,DJ,Djibouti,EMRO,1,5919,0,61
26-01-2021,DJ,Djibouti,EMRO,1,5920,0,61
27-01-2021,DJ,Djibouti,EMRO,3,5923,1,62
28-01-2021,DJ,Djibouti,EMRO,3,5926,0,62
29-01-2021,DJ,Djibouti,EMRO,3,5929,0,62
30-01-2021,DJ,Djibouti,EMRO,1,5930,0,62
31-01-2021,DJ,Djibouti,EMRO,1,5931,0,62
01-02-2021,DJ,Djibouti,EMRO,1,5932,1,63
02-02-2021,DJ,Djibouti,EMRO,1,5933,0,63
03-02-2021,DJ,Djibouti,EMRO,2,5935,0,63
04-02-2021,DJ,Djibouti,EMRO,1,5936,0,63
05-02-2021,DJ,Djibouti,EMRO,0,5936,0,63
06-02-2021,DJ,Djibouti,EMRO,5,5941,0,63
07-02-2021,DJ,Djibouti,EMRO,0,5941,0,63
08-02-2021,DJ,Djibouti,EMRO,6,5947,0,63
09-02-2021,DJ,Djibouti,EMRO,3,5950,0,63
10-02-2021,DJ,Djibouti,EMRO,9,5959,0,63
11-02-2021,DJ,Djibouti,EMRO,3,5962,0,63
12-02-2021,DJ,Djibouti,EMRO,4,5966,0,63
13-02-2021,DJ,Djibouti,EMRO,1,5967,0,63
14-02-2021,DJ,Djibouti,EMRO,1,5968,0,63
15-02-2021,DJ,Djibouti,EMRO,3,5971,0,63
16-02-2021,DJ,Djibouti,EMRO,9,5980,0,63
17-02-2021,DJ,Djibouti,EMRO,1,5981,0,63
18-02-2021,DJ,Djibouti,EMRO,25,6006,0,63
19-02-2021,DJ,Djibouti,EMRO,2,6008,0,63
20-02-2021,DJ,Djibouti,EMRO,14,6022,0,63
21-02-2021,DJ,Djibouti,EMRO,0,6022,0,63
22-02-2021,DJ,Djibouti,EMRO,2,6024,0,63
23-02-2021,DJ,Djibouti,EMRO,2,6026,0,63
24-02-2021,DJ,Djibouti,EMRO,26,6052,0,63
25-02-2021,DJ,Djibouti,EMRO,0,6052,0,63
26-02-2021,DJ,Djibouti,EMRO,8,6060,0,63
27-02-2021,DJ,Djibouti,EMRO,2,6062,0,63
28-02-2021,DJ,Djibouti,EMRO,3,6065,0,63
01-03-2021,DJ,Djibouti,EMRO,1,6066,0,63
02-03-2021,DJ,Djibouti,EMRO,21,6087,0,63
03-03-2021,DJ,Djibouti,EMRO,2,6089,0,63
04-03-2021,DJ,Djibouti,EMRO,13,6102,0,63
05-03-2021,DJ,Djibouti,EMRO,8,6110,0,63
06-03-2021,DJ,Djibouti,EMRO,20,6130,0,63
07-03-2021,DJ,Djibouti,EMRO,4,6134,0,63
08-03-2021,DJ,Djibouti,EMRO,12,6146,0,63
09-03-2021,DJ,Djibouti,EMRO,11,6157,0,63
10-03-2021,DJ,Djibouti,EMRO,24,6181,0,63
11-03-2021,DJ,Djibouti,EMRO,46,6227,0,63
12-03-2021,DJ,Djibouti,EMRO,7,6234,0,63
13-03-2021,DJ,Djibouti,EMRO,2,6236,0,63
14-03-2021,DJ,Djibouti,EMRO,16,6252,0,63
15-03-2021,DJ,Djibouti,EMRO,16,6268,0,63
16-03-2021,DJ,Djibouti,EMRO,26,6294,0,63
17-03-2021,DJ,Djibouti,EMRO,42,6336,0,63
18-03-2021,DJ,Djibouti,EMRO,49,6385,0,63
19-03-2021,DJ,Djibouti,EMRO,67,6452,0,63
20-03-2021,DJ,Djibouti,EMRO,49,6501,0,63
21-03-2021,DJ,Djibouti,EMRO,17,6518,0,63
22-03-2021,DJ,Djibouti,EMRO,70,6588,1,64
23-03-2021,DJ,Djibouti,EMRO,70,6658,0,64
24-03-2021,DJ,Djibouti,EMRO,113,6771,0,64
25-03-2021,DJ,Djibouti,EMRO,124,6895,0,64
26-03-2021,DJ,Djibouti,EMRO,121,7016,0,64
27-03-2021,DJ,Djibouti,EMRO,153,7169,2,66
28-03-2021,DJ,Djibouti,EMRO,80,7249,0,66
29-03-2021,DJ,Djibouti,EMRO,112,7361,1,67
30-03-2021,DJ,Djibouti,EMRO,249,7610,1,68
31-03-2021,DJ,Djibouti,EMRO,180,7790,1,69
01-04-2021,DJ,Djibouti,EMRO,212,8002,1,70
02-04-2021,DJ,Djibouti,EMRO,178,8180,1,71
03-04-2021,DJ,Djibouti,EMRO,251,8431,1,72
04-04-2021,DJ,Djibouti,EMRO,78,8509,0,72
05-04-2021,DJ,Djibouti,EMRO,187,8696,4,76
06-04-2021,DJ,Djibouti,EMRO,235,8931,4,80
07-04-2021,DJ,Djibouti,EMRO,180,9111,5,85
08-04-2021,DJ,Djibouti,EMRO,195,9306,5,90
09-04-2021,DJ,Djibouti,EMRO,173,9479,2,92
10-04-2021,DJ,Djibouti,EMRO,183,9662,1,93
11-04-2021,DJ,Djibouti,EMRO,60,9722,0,93
12-04-2021,DJ,Djibouti,EMRO,154,9876,3,96
13-04-2021,DJ,Djibouti,EMRO,99,9975,4,100
14-04-2021,DJ,Djibouti,EMRO,102,10077,2,102
15-04-2021,DJ,Djibouti,EMRO,125,10202,4,106
16-04-2021,DJ,Djibouti,EMRO,73,10275,4,110
17-04-2021,DJ,Djibouti,EMRO,110,10385,0,110
18-04-2021,DJ,Djibouti,EMRO,27,10412,4,114
19-04-2021,DJ,Djibouti,EMRO,48,10460,2,116
20-04-2021,DJ,Djibouti,EMRO,50,10510,3,119
21-04-2021,DJ,Djibouti,EMRO,47,10557,4,123
22-04-2021,DJ,Djibouti,EMRO,76,10633,6,129
23-04-2021,DJ,Djibouti,EMRO,64,10697,1,130
24-04-2021,DJ,Djibouti,EMRO,41,10738,2,132
25-04-2021,DJ,Djibouti,EMRO,8,10746,0,132
26-04-2021,DJ,Djibouti,EMRO,56,10802,4,136
27-04-2021,DJ,Djibouti,EMRO,83,10885,2,138
28-04-2021,DJ,Djibouti,EMRO,46,10931,4,142
29-04-2021,DJ,Djibouti,EMRO,55,10986,0,142
30-04-2021,DJ,Djibouti,EMRO,40,11026,1,143
01-05-2021,DJ,Djibouti,EMRO,74,11100,0,143
02-05-2021,DJ,Djibouti,EMRO,21,11121,2,145
03-05-2021,DJ,Djibouti,EMRO,36,11157,1,146
04-05-2021,DJ,Djibouti,EMRO,44,11201,0,146
05-05-2021,DJ,Djibouti,EMRO,46,11247,1,147
06-05-2021,DJ,Djibouti,EMRO,21,11268,0,147
07-05-2021,DJ,Djibouti,EMRO,39,11307,1,148
08-05-2021,DJ,Djibouti,EMRO,12,11319,0,148
09-05-2021,DJ,Djibouti,EMRO,16,11335,1,149
10-05-2021,DJ,Djibouti,EMRO,9,11344,0,149
11-05-2021,DJ,Djibouti,EMRO,11,11355,0,149
12-05-2021,DJ,Djibouti,EMRO,14,11369,2,151
13-05-2021,DJ,Djibouti,EMRO,18,11387,0,151
14-05-2021,DJ,Djibouti,EMRO,0,11387,0,151
15-05-2021,DJ,Djibouti,EMRO,15,11402,0,151
16-05-2021,DJ,Djibouti,EMRO,12,11414,0,151
17-05-2021,DJ,Djibouti,EMRO,10,11424,0,151
18-05-2021,DJ,Djibouti,EMRO,14,11438,0,151
19-05-2021,DJ,Djibouti,EMRO,17,11455,0,151
20-05-2021,DJ,Djibouti,EMRO,13,11468,1,152
21-05-2021,DJ,Djibouti,EMRO,17,11485,0,152
22-05-2021,DJ,Djibouti,EMRO,5,11490,0,152
23-05-2021,DJ,Djibouti,EMRO,1,11491,0,152
24-05-2021,DJ,Djibouti,EMRO,2,11493,1,153
25-05-2021,DJ,Djibouti,EMRO,9,11502,0,153
26-05-2021,DJ,Djibouti,EMRO,5,11507,0,153
27-05-2021,DJ,Djibouti,EMRO,7,11514,0,153
28-05-2021,DJ,Djibouti,EMRO,9,11523,0,153
29-05-2021,DJ,Djibouti,EMRO,3,11526,0,153
30-05-2021,DJ,Djibouti,EMRO,1,11527,1,154
01-01-2021,DM,Dominica,AMRO,0,96,0,0
02-01-2021,DM,Dominica,AMRO,0,96,0,0
03-01-2021,DM,Dominica,AMRO,0,96,0,0
04-01-2021,DM,Dominica,AMRO,0,96,0,0
05-01-2021,DM,Dominica,AMRO,0,96,0,0
06-01-2021,DM,Dominica,AMRO,0,96,0,0
07-01-2021,DM,Dominica,AMRO,9,105,0,0
08-01-2021,DM,Dominica,AMRO,0,105,0,0
09-01-2021,DM,Dominica,AMRO,1,106,0,0
10-01-2021,DM,Dominica,AMRO,0,106,0,0
11-01-2021,DM,Dominica,AMRO,0,106,0,0
12-01-2021,DM,Dominica,AMRO,0,106,0,0
13-01-2021,DM,Dominica,AMRO,3,109,0,0
14-01-2021,DM,Dominica,AMRO,0,109,0,0
15-01-2021,DM,Dominica,AMRO,0,109,0,0
16-01-2021,DM,Dominica,AMRO,0,109,0,0
17-01-2021,DM,Dominica,AMRO,1,110,0,0
18-01-2021,DM,Dominica,AMRO,0,110,0,0
19-01-2021,DM,Dominica,AMRO,0,110,0,0
20-01-2021,DM,Dominica,AMRO,0,110,0,0
21-01-2021,DM,Dominica,AMRO,3,113,0,0
22-01-2021,DM,Dominica,AMRO,0,113,0,0
23-01-2021,DM,Dominica,AMRO,0,113,0,0
24-01-2021,DM,Dominica,AMRO,0,113,0,0
25-01-2021,DM,Dominica,AMRO,0,113,0,0
26-01-2021,DM,Dominica,AMRO,0,113,0,0
27-01-2021,DM,Dominica,AMRO,0,113,0,0
28-01-2021,DM,Dominica,AMRO,0,113,0,0
29-01-2021,DM,Dominica,AMRO,4,117,0,0
30-01-2021,DM,Dominica,AMRO,0,117,0,0
31-01-2021,DM,Dominica,AMRO,0,117,0,0
01-02-2021,DM,Dominica,AMRO,0,117,0,0
02-02-2021,DM,Dominica,AMRO,0,117,0,0
03-02-2021,DM,Dominica,AMRO,4,121,0,0
04-02-2021,DM,Dominica,AMRO,0,121,0,0
05-02-2021,DM,Dominica,AMRO,0,121,0,0
06-02-2021,DM,Dominica,AMRO,0,121,0,0
07-02-2021,DM,Dominica,AMRO,0,121,0,0
08-02-2021,DM,Dominica,AMRO,0,121,0,0
09-02-2021,DM,Dominica,AMRO,0,121,0,0
10-02-2021,DM,Dominica,AMRO,0,121,0,0
11-02-2021,DM,Dominica,AMRO,0,121,0,0
12-02-2021,DM,Dominica,AMRO,0,121,0,0
13-02-2021,DM,Dominica,AMRO,0,121,0,0
14-02-2021,DM,Dominica,AMRO,0,121,0,0
15-02-2021,DM,Dominica,AMRO,0,121,0,0
16-02-2021,DM,Dominica,AMRO,13,134,0,0
17-02-2021,DM,Dominica,AMRO,0,134,0,0
18-02-2021,DM,Dominica,AMRO,0,134,0,0
19-02-2021,DM,Dominica,AMRO,0,134,0,0
20-02-2021,DM,Dominica,AMRO,0,134,0,0
21-02-2021,DM,Dominica,AMRO,0,134,0,0
22-02-2021,DM,Dominica,AMRO,0,134,0,0
23-02-2021,DM,Dominica,AMRO,0,134,0,0
24-02-2021,DM,Dominica,AMRO,0,134,0,0
25-02-2021,DM,Dominica,AMRO,7,141,0,0
26-02-2021,DM,Dominica,AMRO,0,141,0,0
27-02-2021,DM,Dominica,AMRO,1,142,0,0
28-02-2021,DM,Dominica,AMRO,0,142,0,0
01-03-2021,DM,Dominica,AMRO,0,142,0,0
02-03-2021,DM,Dominica,AMRO,0,142,0,0
03-03-2021,DM,Dominica,AMRO,2,144,0,0
04-03-2021,DM,Dominica,AMRO,0,144,0,0
05-03-2021,DM,Dominica,AMRO,0,144,0,0
06-03-2021,DM,Dominica,AMRO,0,144,0,0
07-03-2021,DM,Dominica,AMRO,0,144,0,0
08-03-2021,DM,Dominica,AMRO,0,144,0,0
09-03-2021,DM,Dominica,AMRO,0,144,0,0
10-03-2021,DM,Dominica,AMRO,7,151,0,0
11-03-2021,DM,Dominica,AMRO,0,151,0,0
12-03-2021,DM,Dominica,AMRO,0,151,0,0
13-03-2021,DM,Dominica,AMRO,5,156,0,0
14-03-2021,DM,Dominica,AMRO,0,156,0,0
15-03-2021,DM,Dominica,AMRO,0,156,0,0
16-03-2021,DM,Dominica,AMRO,0,156,0,0
17-03-2021,DM,Dominica,AMRO,1,157,0,0
18-03-2021,DM,Dominica,AMRO,0,157,0,0
19-03-2021,DM,Dominica,AMRO,0,157,0,0
20-03-2021,DM,Dominica,AMRO,0,157,0,0
21-03-2021,DM,Dominica,AMRO,0,157,0,0
22-03-2021,DM,Dominica,AMRO,0,157,0,0
23-03-2021,DM,Dominica,AMRO,0,157,0,0
24-03-2021,DM,Dominica,AMRO,3,160,0,0
25-03-2021,DM,Dominica,AMRO,0,160,0,0
26-03-2021,DM,Dominica,AMRO,1,161,0,0
27-03-2021,DM,Dominica,AMRO,0,161,0,0
28-03-2021,DM,Dominica,AMRO,0,161,0,0
29-03-2021,DM,Dominica,AMRO,0,161,0,0
30-03-2021,DM,Dominica,AMRO,0,161,0,0
31-03-2021,DM,Dominica,AMRO,0,161,0,0
01-04-2021,DM,Dominica,AMRO,0,161,0,0
02-04-2021,DM,Dominica,AMRO,3,164,0,0
03-04-2021,DM,Dominica,AMRO,0,164,0,0
04-04-2021,DM,Dominica,AMRO,1,165,0,0
05-04-2021,DM,Dominica,AMRO,0,165,0,0
06-04-2021,DM,Dominica,AMRO,0,165,0,0
07-04-2021,DM,Dominica,AMRO,0,165,0,0
08-04-2021,DM,Dominica,AMRO,0,165,0,0
09-04-2021,DM,Dominica,AMRO,0,165,0,0
10-04-2021,DM,Dominica,AMRO,0,165,0,0
11-04-2021,DM,Dominica,AMRO,0,165,0,0
12-04-2021,DM,Dominica,AMRO,0,165,0,0
13-04-2021,DM,Dominica,AMRO,0,165,0,0
14-04-2021,DM,Dominica,AMRO,0,165,0,0
15-04-2021,DM,Dominica,AMRO,0,165,0,0
16-04-2021,DM,Dominica,AMRO,5,170,0,0
17-04-2021,DM,Dominica,AMRO,2,172,0,0
18-04-2021,DM,Dominica,AMRO,0,172,0,0
19-04-2021,DM,Dominica,AMRO,0,172,0,0
20-04-2021,DM,Dominica,AMRO,0,172,0,0
21-04-2021,DM,Dominica,AMRO,0,172,0,0
22-04-2021,DM,Dominica,AMRO,0,172,0,0
23-04-2021,DM,Dominica,AMRO,0,172,0,0
24-04-2021,DM,Dominica,AMRO,1,173,0,0
25-04-2021,DM,Dominica,AMRO,0,173,0,0
26-04-2021,DM,Dominica,AMRO,0,173,0,0
27-04-2021,DM,Dominica,AMRO,0,173,0,0
28-04-2021,DM,Dominica,AMRO,0,173,0,0
29-04-2021,DM,Dominica,AMRO,0,173,0,0
30-04-2021,DM,Dominica,AMRO,1,174,0,0
01-05-2021,DM,Dominica,AMRO,0,174,0,0
02-05-2021,DM,Dominica,AMRO,0,174,0,0
03-05-2021,DM,Dominica,AMRO,0,174,0,0
04-05-2021,DM,Dominica,AMRO,0,174,0,0
05-05-2021,DM,Dominica,AMRO,0,174,0,0
06-05-2021,DM,Dominica,AMRO,0,174,0,0
07-05-2021,DM,Dominica,AMRO,0,174,0,0
08-05-2021,DM,Dominica,AMRO,0,174,0,0
09-05-2021,DM,Dominica,AMRO,1,175,0,0
10-05-2021,DM,Dominica,AMRO,0,175,0,0
11-05-2021,DM,Dominica,AMRO,0,175,0,0
12-05-2021,DM,Dominica,AMRO,0,175,0,0
13-05-2021,DM,Dominica,AMRO,0,175,0,0
14-05-2021,DM,Dominica,AMRO,3,178,0,0
15-05-2021,DM,Dominica,AMRO,0,178,0,0
16-05-2021,DM,Dominica,AMRO,0,178,0,0
17-05-2021,DM,Dominica,AMRO,0,178,0,0
18-05-2021,DM,Dominica,AMRO,6,184,0,0
19-05-2021,DM,Dominica,AMRO,0,184,0,0
20-05-2021,DM,Dominica,AMRO,0,184,0,0
21-05-2021,DM,Dominica,AMRO,0,184,0,0
22-05-2021,DM,Dominica,AMRO,0,184,0,0
23-05-2021,DM,Dominica,AMRO,0,184,0,0
24-05-2021,DM,Dominica,AMRO,0,184,0,0
25-05-2021,DM,Dominica,AMRO,0,184,0,0
26-05-2021,DM,Dominica,AMRO,0,184,0,0
27-05-2021,DM,Dominica,AMRO,0,184,0,0
28-05-2021,DM,Dominica,AMRO,4,188,0,0
29-05-2021,DM,Dominica,AMRO,0,188,0,0
30-05-2021,DM,Dominica,AMRO,0,188,0,0
01-01-2021,DO,Dominican Republic,AMRO,1206,170785,5,2414
02-01-2021,DO,Dominican Republic,AMRO,1433,172218,2,2416
03-01-2021,DO,Dominican Republic,AMRO,747,172965,0,2416
04-01-2021,DO,Dominican Republic,AMRO,366,173331,2,2418
05-01-2021,DO,Dominican Republic,AMRO,0,173331,0,2418
06-01-2021,DO,Dominican Republic,AMRO,2518,175849,1,2419
07-01-2021,DO,Dominican Republic,AMRO,529,176378,0,2419
08-01-2021,DO,Dominican Republic,AMRO,1115,177493,4,2423
09-01-2021,DO,Dominican Republic,AMRO,1045,178538,1,2424
10-01-2021,DO,Dominican Republic,AMRO,2106,180644,0,2424
11-01-2021,DO,Dominican Republic,AMRO,1459,182103,3,2427
12-01-2021,DO,Dominican Republic,AMRO,1179,183282,0,2427
13-01-2021,DO,Dominican Republic,AMRO,1506,184788,0,2427
14-01-2021,DO,Dominican Republic,AMRO,1595,186383,1,2428
15-01-2021,DO,Dominican Republic,AMRO,1104,187487,0,2428
16-01-2021,DO,Dominican Republic,AMRO,1482,188969,4,2432
17-01-2021,DO,Dominican Republic,AMRO,2370,191339,0,2432
18-01-2021,DO,Dominican Republic,AMRO,1779,193118,5,2437
19-01-2021,DO,Dominican Republic,AMRO,1848,194966,11,2448
20-01-2021,DO,Dominican Republic,AMRO,1625,196591,13,2461
21-01-2021,DO,Dominican Republic,AMRO,1532,198123,9,2470
22-01-2021,DO,Dominican Republic,AMRO,1549,199672,12,2482
23-01-2021,DO,Dominican Republic,AMRO,1473,201145,14,2496
24-01-2021,DO,Dominican Republic,AMRO,1362,202507,17,2513
25-01-2021,DO,Dominican Republic,AMRO,1439,203946,0,2513
26-01-2021,DO,Dominican Republic,AMRO,1216,205162,32,2545
27-01-2021,DO,Dominican Republic,AMRO,1143,206305,19,2564
28-01-2021,DO,Dominican Republic,AMRO,1150,207455,15,2579
29-01-2021,DO,Dominican Republic,AMRO,1155,208610,24,2603
30-01-2021,DO,Dominican Republic,AMRO,1802,210412,23,2626
31-01-2021,DO,Dominican Republic,AMRO,2141,212553,20,2646
01-02-2021,DO,Dominican Republic,AMRO,1507,214060,20,2666
02-02-2021,DO,Dominican Republic,AMRO,1026,215086,22,2688
03-02-2021,DO,Dominican Republic,AMRO,834,215920,16,2704
04-02-2021,DO,Dominican Republic,AMRO,1357,217277,15,2719
05-02-2021,DO,Dominican Republic,AMRO,1671,218948,28,2747
06-02-2021,DO,Dominican Republic,AMRO,1478,220426,26,2773
07-02-2021,DO,Dominican Republic,AMRO,1722,222148,28,2801
08-02-2021,DO,Dominican Republic,AMRO,1250,223398,30,2831
09-02-2021,DO,Dominican Republic,AMRO,721,224119,12,2843
10-02-2021,DO,Dominican Republic,AMRO,419,224538,21,2864
11-02-2021,DO,Dominican Republic,AMRO,934,225472,19,2883
12-02-2021,DO,Dominican Republic,AMRO,1242,226714,21,2904
13-02-2021,DO,Dominican Republic,AMRO,1050,227764,13,2917
14-02-2021,DO,Dominican Republic,AMRO,1131,228895,15,2932
15-02-2021,DO,Dominican Republic,AMRO,873,229768,12,2944
16-02-2021,DO,Dominican Republic,AMRO,795,230563,15,2959
17-02-2021,DO,Dominican Republic,AMRO,532,231095,16,2975
18-02-2021,DO,Dominican Republic,AMRO,642,231737,15,2990
19-02-2021,DO,Dominican Republic,AMRO,1043,232780,17,3007
20-02-2021,DO,Dominican Republic,AMRO,818,233598,17,3024
21-02-2021,DO,Dominican Republic,AMRO,904,234502,4,3028
22-02-2021,DO,Dominican Republic,AMRO,960,235462,10,3038
23-02-2021,DO,Dominican Republic,AMRO,420,235882,10,3048
24-02-2021,DO,Dominican Republic,AMRO,328,236210,9,3057
25-02-2021,DO,Dominican Republic,AMRO,673,236883,9,3066
26-02-2021,DO,Dominican Republic,AMRO,746,237629,9,3075
27-02-2021,DO,Dominican Republic,AMRO,576,238205,7,3082
28-02-2021,DO,Dominican Republic,AMRO,804,239009,11,3093
01-03-2021,DO,Dominican Republic,AMRO,608,239617,7,3100
02-03-2021,DO,Dominican Republic,AMRO,381,239998,6,3106
03-03-2021,DO,Dominican Republic,AMRO,203,240201,12,3118
04-03-2021,DO,Dominican Republic,AMRO,572,240773,12,3130
05-03-2021,DO,Dominican Republic,AMRO,619,241392,9,3139
06-03-2021,DO,Dominican Republic,AMRO,695,242087,11,3150
07-03-2021,DO,Dominican Republic,AMRO,573,242660,12,3162
08-03-2021,DO,Dominican Republic,AMRO,587,243247,10,3172
09-03-2021,DO,Dominican Republic,AMRO,279,243526,7,3179
10-03-2021,DO,Dominican Republic,AMRO,252,243778,12,3191
11-03-2021,DO,Dominican Republic,AMRO,390,244168,7,3198
12-03-2021,DO,Dominican Republic,AMRO,755,244923,6,3204
13-03-2021,DO,Dominican Republic,AMRO,529,245452,9,3213
14-03-2021,DO,Dominican Republic,AMRO,164,245616,0,3213
15-03-2021,DO,Dominican Republic,AMRO,429,246045,9,3222
16-03-2021,DO,Dominican Republic,AMRO,254,246299,4,3226
17-03-2021,DO,Dominican Republic,AMRO,495,246794,11,3237
18-03-2021,DO,Dominican Republic,AMRO,570,247364,11,3248
19-03-2021,DO,Dominican Republic,AMRO,615,247979,9,3257
20-03-2021,DO,Dominican Republic,AMRO,523,248502,5,3262
21-03-2021,DO,Dominican Republic,AMRO,487,248989,7,3269
22-03-2021,DO,Dominican Republic,AMRO,474,249463,3,3272
23-03-2021,DO,Dominican Republic,AMRO,313,249776,3,3275
24-03-2021,DO,Dominican Republic,AMRO,401,250177,8,3283
25-03-2021,DO,Dominican Republic,AMRO,402,250579,6,3289
26-03-2021,DO,Dominican Republic,AMRO,389,250968,6,3295
27-03-2021,DO,Dominican Republic,AMRO,364,251332,3,3298
28-03-2021,DO,Dominican Republic,AMRO,250,251582,4,3302
29-03-2021,DO,Dominican Republic,AMRO,401,251983,2,3304
30-03-2021,DO,Dominican Republic,AMRO,199,252182,3,3307
31-03-2021,DO,Dominican Republic,AMRO,202,252384,10,3317
01-04-2021,DO,Dominican Republic,AMRO,343,252727,8,3325
02-04-2021,DO,Dominican Republic,AMRO,469,253196,5,3330
03-04-2021,DO,Dominican Republic,AMRO,0,253196,0,3330
04-04-2021,DO,Dominican Republic,AMRO,585,253781,4,3334
05-04-2021,DO,Dominican Republic,AMRO,514,254295,12,3346
06-04-2021,DO,Dominican Republic,AMRO,140,254435,5,3351
07-04-2021,DO,Dominican Republic,AMRO,168,254603,4,3355
08-04-2021,DO,Dominican Republic,AMRO,334,254937,14,3369
09-04-2021,DO,Dominican Republic,AMRO,1094,256031,9,3378
10-04-2021,DO,Dominican Republic,AMRO,532,256563,4,3382
11-04-2021,DO,Dominican Republic,AMRO,623,257186,3,3385
12-04-2021,DO,Dominican Republic,AMRO,512,257698,3,3388
13-04-2021,DO,Dominican Republic,AMRO,341,258039,4,3392
14-04-2021,DO,Dominican Republic,AMRO,598,258637,5,3397
15-04-2021,DO,Dominican Republic,AMRO,623,259260,5,3402
16-04-2021,DO,Dominican Republic,AMRO,379,259639,3,3405
17-04-2021,DO,Dominican Republic,AMRO,494,260133,5,3410
18-04-2021,DO,Dominican Republic,AMRO,494,260627,4,3414
19-04-2021,DO,Dominican Republic,AMRO,502,261129,4,3418
20-04-2021,DO,Dominican Republic,AMRO,402,261531,4,3422
21-04-2021,DO,Dominican Republic,AMRO,317,261848,4,3426
22-04-2021,DO,Dominican Republic,AMRO,556,262404,9,3435
23-04-2021,DO,Dominican Republic,AMRO,531,262935,6,3441
24-04-2021,DO,Dominican Republic,AMRO,535,263470,7,3448
25-04-2021,DO,Dominican Republic,AMRO,474,263944,3,3451
26-04-2021,DO,Dominican Republic,AMRO,919,264863,3,3454
27-04-2021,DO,Dominican Republic,AMRO,540,265403,5,3459
28-04-2021,DO,Dominican Republic,AMRO,78,265481,3,3462
29-04-2021,DO,Dominican Republic,AMRO,338,265819,5,3467
30-04-2021,DO,Dominican Republic,AMRO,395,266214,4,3471
01-05-2021,DO,Dominican Republic,AMRO,347,266561,9,3480
02-05-2021,DO,Dominican Republic,AMRO,300,266861,7,3487
03-05-2021,DO,Dominican Republic,AMRO,594,267455,6,3493
04-05-2021,DO,Dominican Republic,AMRO,226,267681,6,3499
05-05-2021,DO,Dominican Republic,AMRO,389,268070,5,3504
06-05-2021,DO,Dominican Republic,AMRO,491,268561,5,3509
07-05-2021,DO,Dominican Republic,AMRO,623,269184,5,3514
08-05-2021,DO,Dominican Republic,AMRO,774,269958,3,3517
09-05-2021,DO,Dominican Republic,AMRO,642,270600,6,3523
10-05-2021,DO,Dominican Republic,AMRO,0,270600,0,3523
11-05-2021,DO,Dominican Republic,AMRO,1508,272108,17,3540
12-05-2021,DO,Dominican Republic,AMRO,701,272809,10,3550
13-05-2021,DO,Dominican Republic,AMRO,688,273497,4,3554
14-05-2021,DO,Dominican Republic,AMRO,822,274319,6,3560
15-05-2021,DO,Dominican Republic,AMRO,1059,275378,5,3565
16-05-2021,DO,Dominican Republic,AMRO,894,276272,4,3569
17-05-2021,DO,Dominican Republic,AMRO,916,277188,13,3582
18-05-2021,DO,Dominican Republic,AMRO,731,277919,7,3589
19-05-2021,DO,Dominican Republic,AMRO,630,278549,8,3597
20-05-2021,DO,Dominican Republic,AMRO,1016,279565,0,3597
21-05-2021,DO,Dominican Republic,AMRO,1429,280994,3,3600
22-05-2021,DO,Dominican Republic,AMRO,636,281630,3,3603
23-05-2021,DO,Dominican Republic,AMRO,1055,282685,3,3606
24-05-2021,DO,Dominican Republic,AMRO,1044,283729,0,3606
25-05-2021,DO,Dominican Republic,AMRO,838,284567,4,3610
26-05-2021,DO,Dominican Republic,AMRO,644,285211,0,3610
27-05-2021,DO,Dominican Republic,AMRO,1058,286269,8,3618
28-05-2021,DO,Dominican Republic,AMRO,1765,288034,2,3620
29-05-2021,DO,Dominican Republic,AMRO,1254,289288,3,3623
30-05-2021,DO,Dominican Republic,AMRO,1238,290526,5,3628
01-01-2021,EC,Ecuador,AMRO,1000,212512,11,14034
02-01-2021,EC,Ecuador,AMRO,866,213378,17,14051
03-01-2021,EC,Ecuador,AMRO,1135,214513,8,14059
04-01-2021,EC,Ecuador,AMRO,101,214614,0,14059
05-01-2021,EC,Ecuador,AMRO,466,215080,10,14069
06-01-2021,EC,Ecuador,AMRO,1003,216083,34,14103
07-01-2021,EC,Ecuador,AMRO,1294,217377,43,14146
08-01-2021,EC,Ecuador,AMRO,1008,218385,12,14158
09-01-2021,EC,Ecuador,AMRO,763,219148,7,14165
10-01-2021,EC,Ecuador,AMRO,1201,220349,12,14177
11-01-2021,EC,Ecuador,AMRO,721,221070,0,14177
12-01-2021,EC,Ecuador,AMRO,436,221506,7,14184
13-01-2021,EC,Ecuador,AMRO,1061,222567,12,14196
14-01-2021,EC,Ecuador,AMRO,1748,224315,33,14229
15-01-2021,EC,Ecuador,AMRO,1687,226002,17,14246
16-01-2021,EC,Ecuador,AMRO,864,226866,27,14273
17-01-2021,EC,Ecuador,AMRO,3942,230808,43,14316
18-01-2021,EC,Ecuador,AMRO,674,231482,3,14319
19-01-2021,EC,Ecuador,AMRO,162,231644,3,14322
20-01-2021,EC,Ecuador,AMRO,924,232568,60,14382
21-01-2021,EC,Ecuador,AMRO,1747,234315,55,14437
22-01-2021,EC,Ecuador,AMRO,1874,236189,89,14526
23-01-2021,EC,Ecuador,AMRO,969,237158,36,14562
24-01-2021,EC,Ecuador,AMRO,1074,238232,34,14596
25-01-2021,EC,Ecuador,AMRO,3060,241292,27,14623
26-01-2021,EC,Ecuador,AMRO,275,241567,16,14639
27-01-2021,EC,Ecuador,AMRO,579,242146,29,14668
28-01-2021,EC,Ecuador,AMRO,1389,243535,36,14704
29-01-2021,EC,Ecuador,AMRO,2465,246000,62,14766
30-01-2021,EC,Ecuador,AMRO,0,246000,0,14766
31-01-2021,EC,Ecuador,AMRO,3779,249779,85,14851
01-02-2021,EC,Ecuador,AMRO,1049,250828,8,14859
02-02-2021,EC,Ecuador,AMRO,158,250986,31,14890
03-02-2021,EC,Ecuador,AMRO,293,251279,25,14915
04-02-2021,EC,Ecuador,AMRO,1111,252390,34,14949
05-02-2021,EC,Ecuador,AMRO,949,253339,19,14968
06-02-2021,EC,Ecuador,AMRO,2073,255412,14,14982
07-02-2021,EC,Ecuador,AMRO,1703,257115,22,15004
08-02-2021,EC,Ecuador,AMRO,1167,258282,8,15012
09-02-2021,EC,Ecuador,AMRO,325,258607,1,15013
10-02-2021,EC,Ecuador,AMRO,1176,259783,73,15086
11-02-2021,EC,Ecuador,AMRO,293,260076,30,15116
12-02-2021,EC,Ecuador,AMRO,2237,262313,58,15174
13-02-2021,EC,Ecuador,AMRO,1204,263517,46,15220
14-02-2021,EC,Ecuador,AMRO,2010,265527,49,15269
15-02-2021,EC,Ecuador,AMRO,1696,267223,52,15321
16-02-2021,EC,Ecuador,AMRO,478,267701,34,15355
17-02-2021,EC,Ecuador,AMRO,372,268073,37,15392
18-02-2021,EC,Ecuador,AMRO,146,268219,2,15394
19-02-2021,EC,Ecuador,AMRO,1641,269860,50,15444
20-02-2021,EC,Ecuador,AMRO,1416,271276,30,15474
21-02-2021,EC,Ecuador,AMRO,1821,273097,39,15513
22-02-2021,EC,Ecuador,AMRO,1576,274673,23,15536
23-02-2021,EC,Ecuador,AMRO,295,274968,11,15547
24-02-2021,EC,Ecuador,AMRO,812,275780,20,15567
25-02-2021,EC,Ecuador,AMRO,2999,278779,67,15634
26-02-2021,EC,Ecuador,AMRO,2390,281169,35,15669
27-02-2021,EC,Ecuador,AMRO,0,281169,0,15669
28-02-2021,EC,Ecuador,AMRO,1430,282599,44,15713
01-03-2021,EC,Ecuador,AMRO,3556,286155,98,15811
02-03-2021,EC,Ecuador,AMRO,212,286367,21,15832
03-03-2021,EC,Ecuador,AMRO,358,286725,18,15850
04-03-2021,EC,Ecuador,AMRO,2747,289472,71,15921
05-03-2021,EC,Ecuador,AMRO,263,289735,38,15959
06-03-2021,EC,Ecuador,AMRO,1335,291070,38,15997
07-03-2021,EC,Ecuador,AMRO,1873,292943,23,16020
08-03-2021,EC,Ecuador,AMRO,1560,294503,19,16039
09-03-2021,EC,Ecuador,AMRO,115,294618,4,16043
10-03-2021,EC,Ecuador,AMRO,496,295114,26,16069
11-03-2021,EC,Ecuador,AMRO,1727,296841,36,16105
12-03-2021,EC,Ecuador,AMRO,1116,297957,23,16128
13-03-2021,EC,Ecuador,AMRO,1259,299216,65,16193
14-03-2021,EC,Ecuador,AMRO,1450,300666,22,16215
15-03-2021,EC,Ecuador,AMRO,1555,302221,21,16236
16-03-2021,EC,Ecuador,AMRO,277,302498,4,16240
17-03-2021,EC,Ecuador,AMRO,356,302854,19,16259
18-03-2021,EC,Ecuador,AMRO,2744,305598,41,16300
19-03-2021,EC,Ecuador,AMRO,1831,307429,33,16333
20-03-2021,EC,Ecuador,AMRO,2214,309643,79,16412
21-03-2021,EC,Ecuador,AMRO,1225,310868,23,16435
22-03-2021,EC,Ecuador,AMRO,1730,312598,16,16451
23-03-2021,EC,Ecuador,AMRO,253,312851,27,16478
24-03-2021,EC,Ecuador,AMRO,719,313570,26,16504
25-03-2021,EC,Ecuador,AMRO,3237,316807,36,16540
26-03-2021,EC,Ecuador,AMRO,1849,318656,42,16582
27-03-2021,EC,Ecuador,AMRO,2795,321451,50,16632
28-03-2021,EC,Ecuador,AMRO,1248,322699,47,16679
29-03-2021,EC,Ecuador,AMRO,1783,324482,59,16738
30-03-2021,EC,Ecuador,AMRO,642,325124,8,16746
31-03-2021,EC,Ecuador,AMRO,2201,327325,34,16780
01-04-2021,EC,Ecuador,AMRO,1430,328755,67,16847
02-04-2021,EC,Ecuador,AMRO,1633,330388,30,16877
03-04-2021,EC,Ecuador,AMRO,1650,332038,33,16910
04-04-2021,EC,Ecuador,AMRO,1137,333175,0,16910
05-04-2021,EC,Ecuador,AMRO,2506,335681,46,16956
06-04-2021,EC,Ecuador,AMRO,1096,336777,31,16987
07-04-2021,EC,Ecuador,AMRO,925,337702,17,17004
08-04-2021,EC,Ecuador,AMRO,1902,339604,53,17057
09-04-2021,EC,Ecuador,AMRO,2015,341619,58,17115
10-04-2021,EC,Ecuador,AMRO,1059,342678,43,17158
11-04-2021,EC,Ecuador,AMRO,2199,344877,117,17275
12-04-2021,EC,Ecuador,AMRO,1940,346817,18,17293
13-04-2021,EC,Ecuador,AMRO,253,347070,5,17298
14-04-2021,EC,Ecuador,AMRO,519,347589,53,17351
15-04-2021,EC,Ecuador,AMRO,2950,350539,49,17400
16-04-2021,EC,Ecuador,AMRO,4892,355431,89,17489
17-04-2021,EC,Ecuador,AMRO,533,355964,39,17528
18-04-2021,EC,Ecuador,AMRO,2193,358157,113,17641
19-04-2021,EC,Ecuador,AMRO,2389,360546,62,17703
20-04-2021,EC,Ecuador,AMRO,17,360563,0,17703
21-04-2021,EC,Ecuador,AMRO,591,361154,41,17744
22-04-2021,EC,Ecuador,AMRO,1689,362843,60,17804
23-04-2021,EC,Ecuador,AMRO,2550,365393,161,17965
24-04-2021,EC,Ecuador,AMRO,5913,371306,97,18062
25-04-2021,EC,Ecuador,AMRO,1448,372754,96,18158
26-04-2021,EC,Ecuador,AMRO,608,373362,19,18177
27-04-2021,EC,Ecuador,AMRO,1413,374775,123,18300
28-04-2021,EC,Ecuador,AMRO,554,375329,89,18389
29-04-2021,EC,Ecuador,AMRO,2333,377662,81,18470
30-04-2021,EC,Ecuador,AMRO,3027,380689,82,18552
01-05-2021,EC,Ecuador,AMRO,1173,381862,79,18631
02-05-2021,EC,Ecuador,AMRO,2727,384589,93,18724
03-05-2021,EC,Ecuador,AMRO,2710,387299,16,18740
04-05-2021,EC,Ecuador,AMRO,747,388046,25,18765
05-05-2021,EC,Ecuador,AMRO,3196,391242,98,18863
06-05-2021,EC,Ecuador,AMRO,1806,393048,44,18907
07-05-2021,EC,Ecuador,AMRO,2279,395327,111,19018
08-05-2021,EC,Ecuador,AMRO,1561,396888,43,19061
09-05-2021,EC,Ecuador,AMRO,2033,398921,76,19137
10-05-2021,EC,Ecuador,AMRO,1375,400296,85,19222
11-05-2021,EC,Ecuador,AMRO,1764,402060,20,19242
12-05-2021,EC,Ecuador,AMRO,535,402595,44,19286
13-05-2021,EC,Ecuador,AMRO,2037,404632,63,19349
14-05-2021,EC,Ecuador,AMRO,1151,405783,93,19442
15-05-2021,EC,Ecuador,AMRO,1219,407002,72,19514
16-05-2021,EC,Ecuador,AMRO,2518,409520,178,19692
17-05-2021,EC,Ecuador,AMRO,609,410129,7,19699
18-05-2021,EC,Ecuador,AMRO,741,410870,87,19786
19-05-2021,EC,Ecuador,AMRO,596,411466,91,19877
20-05-2021,EC,Ecuador,AMRO,1441,412907,102,19979
21-05-2021,EC,Ecuador,AMRO,2348,415255,43,20022
22-05-2021,EC,Ecuador,AMRO,1366,416621,85,20107
23-05-2021,EC,Ecuador,AMRO,1219,417840,73,20180
24-05-2021,EC,Ecuador,AMRO,1011,418851,13,20193
25-05-2021,EC,Ecuador,AMRO,347,419198,17,20210
26-05-2021,EC,Ecuador,AMRO,969,420167,17,20227
27-05-2021,EC,Ecuador,AMRO,1064,421231,85,20312
28-05-2021,EC,Ecuador,AMRO,1098,422329,45,20357
29-05-2021,EC,Ecuador,AMRO,836,423165,51,20408
30-05-2021,EC,Ecuador,AMRO,1576,424741,77,20485
01-01-2021,EG,Egypt,EMRO,1418,138062,55,7631
02-01-2021,EG,Egypt,EMRO,1409,139471,56,7687
03-01-2021,EG,Egypt,EMRO,1407,140878,54,7741
04-01-2021,EG,Egypt,EMRO,1309,142187,64,7805
05-01-2021,EG,Egypt,EMRO,1277,143464,58,7863
06-01-2021,EG,Egypt,EMRO,1119,144583,55,7918
07-01-2021,EG,Egypt,EMRO,1007,145590,57,7975
08-01-2021,EG,Egypt,EMRO,1219,146809,54,8029
09-01-2021,EG,Egypt,EMRO,1001,147810,56,8085
10-01-2021,EG,Egypt,EMRO,989,148799,57,8142
11-01-2021,EG,Egypt,EMRO,993,149792,55,8197
12-01-2021,EG,Egypt,EMRO,961,150753,52,8249
13-01-2021,EG,Egypt,EMRO,970,151723,55,8304
14-01-2021,EG,Egypt,EMRO,996,152719,58,8362
15-01-2021,EG,Egypt,EMRO,1022,153741,59,8421
16-01-2021,EG,Egypt,EMRO,879,154620,52,8473
17-01-2021,EG,Egypt,EMRO,887,155507,54,8527
18-01-2021,EG,Egypt,EMRO,890,156397,56,8583
19-01-2021,EG,Egypt,EMRO,878,157275,55,8638
20-01-2021,EG,Egypt,EMRO,899,158174,58,8696
21-01-2021,EG,Egypt,EMRO,789,158963,51,8747
22-01-2021,EG,Egypt,EMRO,752,159715,54,8801
23-01-2021,EG,Egypt,EMRO,748,160463,52,8853
24-01-2021,EG,Egypt,EMRO,680,161143,49,8902
25-01-2021,EG,Egypt,EMRO,674,161817,57,8959
26-01-2021,EG,Egypt,EMRO,669,162486,53,9012
27-01-2021,EG,Egypt,EMRO,643,163129,55,9067
28-01-2021,EG,Egypt,EMRO,632,163761,48,9115
29-01-2021,EG,Egypt,EMRO,521,164282,54,9169
30-01-2021,EG,Egypt,EMRO,589,164871,48,9217
31-01-2021,EG,Egypt,EMRO,547,165418,46,9263
01-02-2021,EG,Egypt,EMRO,533,165951,53,9316
02-02-2021,EG,Egypt,EMRO,541,166492,44,9360
03-02-2021,EG,Egypt,EMRO,521,167013,47,9407
04-02-2021,EG,Egypt,EMRO,512,167525,53,9460
05-02-2021,EG,Egypt,EMRO,532,168057,52,9512
06-02-2021,EG,Egypt,EMRO,540,168597,48,9560
07-02-2021,EG,Egypt,EMRO,509,169106,44,9604
08-02-2021,EG,Egypt,EMRO,534,169640,47,9651
09-02-2021,EG,Egypt,EMRO,567,170207,48,9699
10-02-2021,EG,Egypt,EMRO,573,170780,52,9751
11-02-2021,EG,Egypt,EMRO,610,171390,53,9804
12-02-2021,EG,Egypt,EMRO,603,171993,53,9857
13-02-2021,EG,Egypt,EMRO,609,172602,42,9899
14-02-2021,EG,Egypt,EMRO,600,173202,36,9935
15-02-2021,EG,Egypt,EMRO,611,173813,59,9994
16-02-2021,EG,Egypt,EMRO,613,174426,56,10050
17-02-2021,EG,Egypt,EMRO,633,175059,51,10101
18-02-2021,EG,Egypt,EMRO,618,175677,49,10150
19-02-2021,EG,Egypt,EMRO,656,176333,51,10201
20-02-2021,EG,Egypt,EMRO,610,176943,49,10250
21-02-2021,EG,Egypt,EMRO,600,177543,48,10298
22-02-2021,EG,Egypt,EMRO,608,178151,55,10353
23-02-2021,EG,Egypt,EMRO,623,178774,51,10404
24-02-2021,EG,Egypt,EMRO,633,179407,39,10443
25-02-2021,EG,Egypt,EMRO,644,180051,52,10495
26-02-2021,EG,Egypt,EMRO,589,180640,46,10541
27-02-2021,EG,Egypt,EMRO,601,181241,49,10590
28-02-2021,EG,Egypt,EMRO,588,181829,49,10639
01-03-2021,EG,Egypt,EMRO,595,182424,49,10688
02-03-2021,EG,Egypt,EMRO,586,183010,48,10736
03-03-2021,EG,Egypt,EMRO,581,183591,42,10778
04-03-2021,EG,Egypt,EMRO,577,184168,44,10822
05-03-2021,EG,Egypt,EMRO,587,184755,49,10871
06-03-2021,EG,Egypt,EMRO,579,185334,45,10916
07-03-2021,EG,Egypt,EMRO,588,185922,38,10954
08-03-2021,EG,Egypt,EMRO,581,186503,41,10995
09-03-2021,EG,Egypt,EMRO,591,187094,43,11038
10-03-2021,EG,Egypt,EMRO,622,187716,44,11082
11-03-2021,EG,Egypt,EMRO,645,188361,46,11128
12-03-2021,EG,Egypt,EMRO,639,189000,41,11169
13-03-2021,EG,Egypt,EMRO,639,189639,45,11214
14-03-2021,EG,Egypt,EMRO,641,190280,42,11256
15-03-2021,EG,Egypt,EMRO,644,190924,44,11300
16-03-2021,EG,Egypt,EMRO,631,191555,40,11340
17-03-2021,EG,Egypt,EMRO,640,192195,44,11384
18-03-2021,EG,Egypt,EMRO,645,192840,47,11431
19-03-2021,EG,Egypt,EMRO,642,193482,41,11472
20-03-2021,EG,Egypt,EMRO,645,194127,40,11512
21-03-2021,EG,Egypt,EMRO,644,194771,45,11557
22-03-2021,EG,Egypt,EMRO,647,195418,41,11598
23-03-2021,EG,Egypt,EMRO,643,196061,39,11637
24-03-2021,EG,Egypt,EMRO,648,196709,43,11680
25-03-2021,EG,Egypt,EMRO,641,197350,40,11720
26-03-2021,EG,Egypt,EMRO,661,198011,48,11768
27-03-2021,EG,Egypt,EMRO,670,198681,36,11804
28-03-2021,EG,Egypt,EMRO,683,199364,41,11845
29-03-2021,EG,Egypt,EMRO,686,200050,37,11882
30-03-2021,EG,Egypt,EMRO,689,200739,32,11914
31-03-2021,EG,Egypt,EMRO,693,201432,42,11956
01-04-2021,EG,Egypt,EMRO,699,202131,39,11995
02-04-2021,EG,Egypt,EMRO,712,202843,46,12041
03-04-2021,EG,Egypt,EMRO,703,203546,43,12084
04-04-2021,EG,Egypt,EMRO,710,204256,39,12123
05-04-2021,EG,Egypt,EMRO,709,204965,40,12163
06-04-2021,EG,Egypt,EMRO,767,205732,47,12210
07-04-2021,EG,Egypt,EMRO,778,206510,43,12253
08-04-2021,EG,Egypt,EMRO,783,207293,37,12290
09-04-2021,EG,Egypt,EMRO,789,208082,33,12323
10-04-2021,EG,Egypt,EMRO,794,208876,39,12362
11-04-2021,EG,Egypt,EMRO,801,209677,43,12405
12-04-2021,EG,Egypt,EMRO,812,210489,40,12445
13-04-2021,EG,Egypt,EMRO,818,211307,42,12487
14-04-2021,EG,Egypt,EMRO,823,212130,39,12526
15-04-2021,EG,Egypt,EMRO,831,212961,44,12570
16-04-2021,EG,Egypt,EMRO,837,213798,41,12611
17-04-2021,EG,Egypt,EMRO,841,214639,42,12653
18-04-2021,EG,Egypt,EMRO,845,215484,41,12694
19-04-2021,EG,Egypt,EMRO,850,216334,44,12738
20-04-2021,EG,Egypt,EMRO,852,217186,40,12778
21-04-2021,EG,Egypt,EMRO,855,218041,42,12820
22-04-2021,EG,Egypt,EMRO,861,218902,46,12866
23-04-2021,EG,Egypt,EMRO,872,219774,48,12914
24-04-2021,EG,Egypt,EMRO,884,220658,45,12959
25-04-2021,EG,Egypt,EMRO,912,221570,39,12998
26-04-2021,EG,Egypt,EMRO,953,222523,51,13049
27-04-2021,EG,Egypt,EMRO,991,223514,58,13107
28-04-2021,EG,Egypt,EMRO,1003,224517,61,13168
29-04-2021,EG,Egypt,EMRO,1011,225528,51,13219
30-04-2021,EG,Egypt,EMRO,1003,226531,59,13278
01-05-2021,EG,Egypt,EMRO,1021,227552,61,13339
02-05-2021,EG,Egypt,EMRO,1032,228584,63,13402
03-05-2021,EG,Egypt,EMRO,1051,229635,67,13469
04-05-2021,EG,Egypt,EMRO,1078,230713,62,13531
05-05-2021,EG,Egypt,EMRO,1090,231803,60,13591
06-05-2021,EG,Egypt,EMRO,1102,232905,64,13655
07-05-2021,EG,Egypt,EMRO,1110,234015,59,13714
08-05-2021,EG,Egypt,EMRO,1125,235140,65,13779
09-05-2021,EG,Egypt,EMRO,1132,236272,66,13845
10-05-2021,EG,Egypt,EMRO,1138,237410,59,13904
11-05-2021,EG,Egypt,EMRO,1150,238560,68,13972
12-05-2021,EG,Egypt,EMRO,1180,239740,61,14033
13-05-2021,EG,Egypt,EMRO,1187,240927,58,14091
14-05-2021,EG,Egypt,EMRO,1193,242120,59,14150
15-05-2021,EG,Egypt,EMRO,1197,243317,56,14206
16-05-2021,EG,Egypt,EMRO,1203,244520,63,14269
17-05-2021,EG,Egypt,EMRO,1201,245721,58,14327
18-05-2021,EG,Egypt,EMRO,1188,246909,61,14388
19-05-2021,EG,Egypt,EMRO,1169,248078,53,14441
20-05-2021,EG,Egypt,EMRO,1160,249238,57,14498
21-05-2021,EG,Egypt,EMRO,1153,250391,61,14559
22-05-2021,EG,Egypt,EMRO,1148,251539,52,14611
23-05-2021,EG,Egypt,EMRO,1151,252690,59,14670
24-05-2021,EG,Egypt,EMRO,1145,253835,51,14721
25-05-2021,EG,Egypt,EMRO,1149,254984,45,14766
26-05-2021,EG,Egypt,EMRO,1140,256124,41,14807
27-05-2021,EG,Egypt,EMRO,1151,257275,43,14850
28-05-2021,EG,Egypt,EMRO,1132,258407,54,14904
29-05-2021,EG,Egypt,EMRO,1133,259540,46,14950
30-05-2021,EG,Egypt,EMRO,1119,260659,51,15001
01-01-2021,SV,El Salvador,AMRO,0,45960,9,1336
02-01-2021,SV,El Salvador,AMRO,0,45960,7,1343
03-01-2021,SV,El Salvador,AMRO,282,46242,8,1351
04-01-2021,SV,El Salvador,AMRO,561,46803,7,1358
05-01-2021,SV,El Salvador,AMRO,284,47087,6,1364
06-01-2021,SV,El Salvador,AMRO,268,47355,9,1373
07-01-2021,SV,El Salvador,AMRO,0,47355,0,1373
08-01-2021,SV,El Salvador,AMRO,593,47948,17,1390
09-01-2021,SV,El Salvador,AMRO,307,48255,8,1398
10-01-2021,SV,El Salvador,AMRO,319,48574,10,1408
11-01-2021,SV,El Salvador,AMRO,331,48905,11,1419
12-01-2021,SV,El Salvador,AMRO,0,48905,9,1428
13-01-2021,SV,El Salvador,AMRO,0,48905,9,1437
14-01-2021,SV,El Salvador,AMRO,634,49539,10,1447
15-01-2021,SV,El Salvador,AMRO,618,50157,12,1459
16-01-2021,SV,El Salvador,AMRO,0,50157,10,1469
17-01-2021,SV,El Salvador,AMRO,0,50157,10,1479
18-01-2021,SV,El Salvador,AMRO,627,50784,8,1487
19-01-2021,SV,El Salvador,AMRO,653,51437,11,1498
20-01-2021,SV,El Salvador,AMRO,0,51437,11,1509
21-01-2021,SV,El Salvador,AMRO,0,51437,12,1521
22-01-2021,SV,El Salvador,AMRO,951,52388,9,1530
23-01-2021,SV,El Salvador,AMRO,284,52672,10,1540
24-01-2021,SV,El Salvador,AMRO,0,52672,11,1551
25-01-2021,SV,El Salvador,AMRO,546,53218,10,1561
26-01-2021,SV,El Salvador,AMRO,261,53479,11,1572
27-01-2021,SV,El Salvador,AMRO,0,53479,11,1583
28-01-2021,SV,El Salvador,AMRO,510,53989,6,1589
29-01-2021,SV,El Salvador,AMRO,0,53989,10,1599
30-01-2021,SV,El Salvador,AMRO,0,53989,5,1604
31-01-2021,SV,El Salvador,AMRO,0,53989,10,1614
01-02-2021,SV,El Salvador,AMRO,977,54966,9,1623
02-02-2021,SV,El Salvador,AMRO,229,55195,9,1632
03-02-2021,SV,El Salvador,AMRO,0,55195,6,1638
04-02-2021,SV,El Salvador,AMRO,428,55623,8,1646
05-02-2021,SV,El Salvador,AMRO,198,55821,7,1653
06-02-2021,SV,El Salvador,AMRO,204,56025,9,1662
07-02-2021,SV,El Salvador,AMRO,212,56237,11,1673
08-02-2021,SV,El Salvador,AMRO,0,56237,8,1681
09-02-2021,SV,El Salvador,AMRO,416,56653,11,1692
10-02-2021,SV,El Salvador,AMRO,0,56653,9,1701
11-02-2021,SV,El Salvador,AMRO,0,56653,8,1709
12-02-2021,SV,El Salvador,AMRO,0,56653,10,1719
13-02-2021,SV,El Salvador,AMRO,0,56653,8,1727
14-02-2021,SV,El Salvador,AMRO,775,57428,7,1734
15-02-2021,SV,El Salvador,AMRO,0,57428,8,1742
16-02-2021,SV,El Salvador,AMRO,595,58023,8,1750
17-02-2021,SV,El Salvador,AMRO,0,58023,8,1758
18-02-2021,SV,El Salvador,AMRO,0,58023,9,1767
19-02-2021,SV,El Salvador,AMRO,0,58023,9,1776
20-02-2021,SV,El Salvador,AMRO,523,58546,9,1785
21-02-2021,SV,El Salvador,AMRO,0,58546,7,1792
22-02-2021,SV,El Salvador,AMRO,0,58546,7,1799
23-02-2021,SV,El Salvador,AMRO,689,59235,8,1807
24-02-2021,SV,El Salvador,AMRO,0,59235,8,1815
25-02-2021,SV,El Salvador,AMRO,0,59235,8,1823
26-02-2021,SV,El Salvador,AMRO,0,59235,9,1832
27-02-2021,SV,El Salvador,AMRO,631,59866,9,1841
28-02-2021,SV,El Salvador,AMRO,0,59866,6,1847
01-03-2021,SV,El Salvador,AMRO,0,59866,7,1854
02-03-2021,SV,El Salvador,AMRO,0,59866,7,1861
03-03-2021,SV,El Salvador,AMRO,0,59866,8,1869
04-03-2021,SV,El Salvador,AMRO,625,60491,9,1878
05-03-2021,SV,El Salvador,AMRO,0,60491,9,1887
06-03-2021,SV,El Salvador,AMRO,309,60800,7,1894
07-03-2021,SV,El Salvador,AMRO,0,60800,0,1894
08-03-2021,SV,El Salvador,AMRO,0,60800,13,1907
09-03-2021,SV,El Salvador,AMRO,0,60800,8,1915
10-03-2021,SV,El Salvador,AMRO,739,61539,8,1923
11-03-2021,SV,El Salvador,AMRO,138,61677,6,1929
12-03-2021,SV,El Salvador,AMRO,137,61814,6,1935
13-03-2021,SV,El Salvador,AMRO,133,61947,5,1940
14-03-2021,SV,El Salvador,AMRO,139,62086,5,1945
15-03-2021,SV,El Salvador,AMRO,0,62086,5,1950
16-03-2021,SV,El Salvador,AMRO,291,62377,4,1954
17-03-2021,SV,El Salvador,AMRO,154,62531,4,1958
18-03-2021,SV,El Salvador,AMRO,0,62531,4,1962
19-03-2021,SV,El Salvador,AMRO,0,62531,5,1967
20-03-2021,SV,El Salvador,AMRO,0,62531,4,1971
21-03-2021,SV,El Salvador,AMRO,0,62531,4,1975
22-03-2021,SV,El Salvador,AMRO,813,63344,4,1979
23-03-2021,SV,El Salvador,AMRO,0,63344,4,1983
24-03-2021,SV,El Salvador,AMRO,0,63344,3,1986
25-03-2021,SV,El Salvador,AMRO,422,63766,4,1990
26-03-2021,SV,El Salvador,AMRO,0,63766,3,1993
27-03-2021,SV,El Salvador,AMRO,0,63766,3,1996
28-03-2021,SV,El Salvador,AMRO,0,63766,2,1998
29-03-2021,SV,El Salvador,AMRO,0,63766,0,1998
30-03-2021,SV,El Salvador,AMRO,665,64431,5,2003
31-03-2021,SV,El Salvador,AMRO,0,64431,3,2006
01-04-2021,SV,El Salvador,AMRO,0,64431,4,2010
02-04-2021,SV,El Salvador,AMRO,0,64431,4,2014
03-04-2021,SV,El Salvador,AMRO,0,64431,3,2017
04-04-2021,SV,El Salvador,AMRO,0,64431,4,2021
05-04-2021,SV,El Salvador,AMRO,0,64431,4,2025
06-04-2021,SV,El Salvador,AMRO,1060,65491,5,2030
07-04-2021,SV,El Salvador,AMRO,0,65491,0,2030
08-04-2021,SV,El Salvador,AMRO,0,65491,7,2037
09-04-2021,SV,El Salvador,AMRO,0,65491,3,2040
10-04-2021,SV,El Salvador,AMRO,0,65491,4,2044
11-04-2021,SV,El Salvador,AMRO,0,65491,4,2048
12-04-2021,SV,El Salvador,AMRO,998,66489,3,2051
13-04-2021,SV,El Salvador,AMRO,0,66489,3,2054
14-04-2021,SV,El Salvador,AMRO,327,66816,3,2057
15-04-2021,SV,El Salvador,AMRO,0,66816,3,2060
16-04-2021,SV,El Salvador,AMRO,283,67099,4,2064
17-04-2021,SV,El Salvador,AMRO,150,67249,4,2068
18-04-2021,SV,El Salvador,AMRO,155,67404,4,2072
19-04-2021,SV,El Salvador,AMRO,153,67557,3,2075
20-04-2021,SV,El Salvador,AMRO,0,67557,3,2078
21-04-2021,SV,El Salvador,AMRO,0,67557,4,2082
22-04-2021,SV,El Salvador,AMRO,450,68007,4,2086
23-04-2021,SV,El Salvador,AMRO,0,68007,3,2089
24-04-2021,SV,El Salvador,AMRO,311,68318,4,2093
25-04-2021,SV,El Salvador,AMRO,0,68318,5,2098
26-04-2021,SV,El Salvador,AMRO,150,68468,5,2103
27-04-2021,SV,El Salvador,AMRO,0,68468,3,2106
28-04-2021,SV,El Salvador,AMRO,454,68922,5,2111
29-04-2021,SV,El Salvador,AMRO,0,68922,6,2117
30-04-2021,SV,El Salvador,AMRO,276,69198,3,2120
01-05-2021,SV,El Salvador,AMRO,0,69198,4,2124
02-05-2021,SV,El Salvador,AMRO,0,69198,4,2128
03-05-2021,SV,El Salvador,AMRO,0,69198,4,2132
04-05-2021,SV,El Salvador,AMRO,267,69465,2,2134
05-05-2021,SV,El Salvador,AMRO,262,69727,3,2137
06-05-2021,SV,El Salvador,AMRO,270,69997,4,2141
07-05-2021,SV,El Salvador,AMRO,0,69997,2,2143
08-05-2021,SV,El Salvador,AMRO,258,70255,3,2146
09-05-2021,SV,El Salvador,AMRO,0,70255,4,2150
10-05-2021,SV,El Salvador,AMRO,125,70380,4,2154
11-05-2021,SV,El Salvador,AMRO,0,70380,4,2158
12-05-2021,SV,El Salvador,AMRO,0,70380,6,2164
13-05-2021,SV,El Salvador,AMRO,0,70380,4,2168
14-05-2021,SV,El Salvador,AMRO,535,70915,5,2173
15-05-2021,SV,El Salvador,AMRO,0,70915,5,2178
16-05-2021,SV,El Salvador,AMRO,0,70915,4,2182
17-05-2021,SV,El Salvador,AMRO,564,71479,5,2187
18-05-2021,SV,El Salvador,AMRO,0,71479,4,2191
19-05-2021,SV,El Salvador,AMRO,0,71479,4,2195
20-05-2021,SV,El Salvador,AMRO,0,71479,4,2199
21-05-2021,SV,El Salvador,AMRO,0,71479,3,2202
22-05-2021,SV,El Salvador,AMRO,741,72220,4,2206
23-05-2021,SV,El Salvador,AMRO,0,72220,5,2211
24-05-2021,SV,El Salvador,AMRO,0,72220,5,2216
25-05-2021,SV,El Salvador,AMRO,0,72220,4,2220
26-05-2021,SV,El Salvador,AMRO,601,72821,4,2224
27-05-2021,SV,El Salvador,AMRO,0,72821,5,2229
28-05-2021,SV,El Salvador,AMRO,0,72821,4,2233
29-05-2021,SV,El Salvador,AMRO,0,72821,4,2237
30-05-2021,SV,El Salvador,AMRO,425,73246,4,2241
01-01-2021,GQ,Equatorial Guinea,AFRO,13,5277,0,86
02-01-2021,GQ,Equatorial Guinea,AFRO,0,5277,0,86
03-01-2021,GQ,Equatorial Guinea,AFRO,0,5277,0,86
04-01-2021,GQ,Equatorial Guinea,AFRO,0,5277,0,86
05-01-2021,GQ,Equatorial Guinea,AFRO,2,5279,0,86
06-01-2021,GQ,Equatorial Guinea,AFRO,0,5279,0,86
07-01-2021,GQ,Equatorial Guinea,AFRO,7,5286,0,86
08-01-2021,GQ,Equatorial Guinea,AFRO,0,5286,0,86
09-01-2021,GQ,Equatorial Guinea,AFRO,3,5289,0,86
10-01-2021,GQ,Equatorial Guinea,AFRO,0,5289,0,86
11-01-2021,GQ,Equatorial Guinea,AFRO,0,5289,0,86
12-01-2021,GQ,Equatorial Guinea,AFRO,7,5296,0,86
13-01-2021,GQ,Equatorial Guinea,AFRO,0,5296,0,86
14-01-2021,GQ,Equatorial Guinea,AFRO,20,5316,0,86
15-01-2021,GQ,Equatorial Guinea,AFRO,0,5316,0,86
16-01-2021,GQ,Equatorial Guinea,AFRO,0,5316,0,86
17-01-2021,GQ,Equatorial Guinea,AFRO,40,5356,0,86
18-01-2021,GQ,Equatorial Guinea,AFRO,0,5356,0,86
19-01-2021,GQ,Equatorial Guinea,AFRO,9,5365,0,86
20-01-2021,GQ,Equatorial Guinea,AFRO,0,5365,0,86
21-01-2021,GQ,Equatorial Guinea,AFRO,0,5365,0,86
22-01-2021,GQ,Equatorial Guinea,AFRO,0,5365,0,86
23-01-2021,GQ,Equatorial Guinea,AFRO,36,5401,0,86
24-01-2021,GQ,Equatorial Guinea,AFRO,0,5401,0,86
25-01-2021,GQ,Equatorial Guinea,AFRO,0,5401,0,86
26-01-2021,GQ,Equatorial Guinea,AFRO,53,5454,0,86
27-01-2021,GQ,Equatorial Guinea,AFRO,0,5454,0,86
28-01-2021,GQ,Equatorial Guinea,AFRO,38,5492,0,86
29-01-2021,GQ,Equatorial Guinea,AFRO,0,5492,0,86
30-01-2021,GQ,Equatorial Guinea,AFRO,24,5516,0,86
31-01-2021,GQ,Equatorial Guinea,AFRO,0,5516,0,86
01-02-2021,GQ,Equatorial Guinea,AFRO,0,5516,0,86
02-02-2021,GQ,Equatorial Guinea,AFRO,18,5534,0,86
03-02-2021,GQ,Equatorial Guinea,AFRO,0,5534,0,86
04-02-2021,GQ,Equatorial Guinea,AFRO,0,5534,0,86
05-02-2021,GQ,Equatorial Guinea,AFRO,0,5534,0,86
06-02-2021,GQ,Equatorial Guinea,AFRO,44,5578,0,86
07-02-2021,GQ,Equatorial Guinea,AFRO,0,5578,0,86
08-02-2021,GQ,Equatorial Guinea,AFRO,0,5578,0,86
09-02-2021,GQ,Equatorial Guinea,AFRO,36,5614,1,87
10-02-2021,GQ,Equatorial Guinea,AFRO,0,5614,0,87
11-02-2021,GQ,Equatorial Guinea,AFRO,0,5614,0,87
12-02-2021,GQ,Equatorial Guinea,AFRO,49,5663,0,87
13-02-2021,GQ,Equatorial Guinea,AFRO,0,5663,0,87
14-02-2021,GQ,Equatorial Guinea,AFRO,31,5694,0,87
15-02-2021,GQ,Equatorial Guinea,AFRO,0,5694,0,87
16-02-2021,GQ,Equatorial Guinea,AFRO,0,5694,0,87
17-02-2021,GQ,Equatorial Guinea,AFRO,0,5694,0,87
18-02-2021,GQ,Equatorial Guinea,AFRO,36,5730,1,88
19-02-2021,GQ,Equatorial Guinea,AFRO,17,5747,0,88
20-02-2021,GQ,Equatorial Guinea,AFRO,0,5747,0,88
21-02-2021,GQ,Equatorial Guinea,AFRO,51,5798,1,89
22-02-2021,GQ,Equatorial Guinea,AFRO,0,5798,0,89
23-02-2021,GQ,Equatorial Guinea,AFRO,0,5798,0,89
24-02-2021,GQ,Equatorial Guinea,AFRO,54,5852,2,91
25-02-2021,GQ,Equatorial Guinea,AFRO,0,5852,0,91
26-02-2021,GQ,Equatorial Guinea,AFRO,105,5957,0,91
27-02-2021,GQ,Equatorial Guinea,AFRO,0,5957,0,91
28-02-2021,GQ,Equatorial Guinea,AFRO,48,6005,0,91
01-03-2021,GQ,Equatorial Guinea,AFRO,0,6005,0,91
02-03-2021,GQ,Equatorial Guinea,AFRO,90,6095,1,92
03-03-2021,GQ,Equatorial Guinea,AFRO,0,6095,0,92
04-03-2021,GQ,Equatorial Guinea,AFRO,115,6210,1,93
05-03-2021,GQ,Equatorial Guinea,AFRO,0,6210,0,93
06-03-2021,GQ,Equatorial Guinea,AFRO,0,6210,0,93
07-03-2021,GQ,Equatorial Guinea,AFRO,119,6329,3,96
08-03-2021,GQ,Equatorial Guinea,AFRO,0,6329,0,96
09-03-2021,GQ,Equatorial Guinea,AFRO,42,6371,0,96
10-03-2021,GQ,Equatorial Guinea,AFRO,0,6371,0,96
11-03-2021,GQ,Equatorial Guinea,AFRO,0,6371,0,96
12-03-2021,GQ,Equatorial Guinea,AFRO,85,6456,2,98
13-03-2021,GQ,Equatorial Guinea,AFRO,0,6456,0,98
14-03-2021,GQ,Equatorial Guinea,AFRO,106,6562,0,98
15-03-2021,GQ,Equatorial Guinea,AFRO,0,6562,0,98
16-03-2021,GQ,Equatorial Guinea,AFRO,0,6562,0,98
17-03-2021,GQ,Equatorial Guinea,AFRO,41,6603,2,100
18-03-2021,GQ,Equatorial Guinea,AFRO,0,6603,0,100
19-03-2021,GQ,Equatorial Guinea,AFRO,63,6666,0,100
20-03-2021,GQ,Equatorial Guinea,AFRO,0,6666,0,100
21-03-2021,GQ,Equatorial Guinea,AFRO,70,6736,0,100
22-03-2021,GQ,Equatorial Guinea,AFRO,44,6780,1,101
23-03-2021,GQ,Equatorial Guinea,AFRO,0,6780,0,101
24-03-2021,GQ,Equatorial Guinea,AFRO,0,6780,0,101
25-03-2021,GQ,Equatorial Guinea,AFRO,71,6851,1,102
26-03-2021,GQ,Equatorial Guinea,AFRO,0,6851,0,102
27-03-2021,GQ,Equatorial Guinea,AFRO,0,6851,0,102
28-03-2021,GQ,Equatorial Guinea,AFRO,51,6902,0,102
29-03-2021,GQ,Equatorial Guinea,AFRO,0,6902,0,102
30-03-2021,GQ,Equatorial Guinea,AFRO,12,6914,0,102
31-03-2021,GQ,Equatorial Guinea,AFRO,0,6914,0,102
01-04-2021,GQ,Equatorial Guinea,AFRO,0,6914,0,102
02-04-2021,GQ,Equatorial Guinea,AFRO,94,7008,1,103
03-04-2021,GQ,Equatorial Guinea,AFRO,0,7008,0,103
04-04-2021,GQ,Equatorial Guinea,AFRO,0,7008,0,103
05-04-2021,GQ,Equatorial Guinea,AFRO,0,7008,0,103
06-04-2021,GQ,Equatorial Guinea,AFRO,51,7059,1,104
07-04-2021,GQ,Equatorial Guinea,AFRO,0,7059,0,104
08-04-2021,GQ,Equatorial Guinea,AFRO,0,7059,0,104
09-04-2021,GQ,Equatorial Guinea,AFRO,0,7059,0,104
10-04-2021,GQ,Equatorial Guinea,AFRO,0,7059,0,104
11-04-2021,GQ,Equatorial Guinea,AFRO,160,7219,2,106
12-04-2021,GQ,Equatorial Guinea,AFRO,0,7219,0,106
13-04-2021,GQ,Equatorial Guinea,AFRO,0,7219,0,106
14-04-2021,GQ,Equatorial Guinea,AFRO,0,7219,0,106
15-04-2021,GQ,Equatorial Guinea,AFRO,40,7259,0,106
16-04-2021,GQ,Equatorial Guinea,AFRO,0,7259,0,106
17-04-2021,GQ,Equatorial Guinea,AFRO,0,7259,0,106
18-04-2021,GQ,Equatorial Guinea,AFRO,0,7259,0,106
19-04-2021,GQ,Equatorial Guinea,AFRO,0,7259,0,106
20-04-2021,GQ,Equatorial Guinea,AFRO,0,7259,0,106
21-04-2021,GQ,Equatorial Guinea,AFRO,246,7505,0,106
22-04-2021,GQ,Equatorial Guinea,AFRO,0,7505,0,106
23-04-2021,GQ,Equatorial Guinea,AFRO,0,7505,0,106
24-04-2021,GQ,Equatorial Guinea,AFRO,54,7559,1,107
25-04-2021,GQ,Equatorial Guinea,AFRO,0,7559,0,107
26-04-2021,GQ,Equatorial Guinea,AFRO,0,7559,0,107
27-04-2021,GQ,Equatorial Guinea,AFRO,0,7559,0,107
28-04-2021,GQ,Equatorial Guinea,AFRO,0,7559,0,107
29-04-2021,GQ,Equatorial Guinea,AFRO,0,7559,0,107
30-04-2021,GQ,Equatorial Guinea,AFRO,135,7694,5,112
01-05-2021,GQ,Equatorial Guinea,AFRO,0,7694,0,112
02-05-2021,GQ,Equatorial Guinea,AFRO,0,7694,0,112
03-05-2021,GQ,Equatorial Guinea,AFRO,0,7694,0,112
04-05-2021,GQ,Equatorial Guinea,AFRO,0,7694,0,112
05-05-2021,GQ,Equatorial Guinea,AFRO,0,7694,0,112
06-05-2021,GQ,Equatorial Guinea,AFRO,0,7694,0,112
07-05-2021,GQ,Equatorial Guinea,AFRO,0,7694,0,112
08-05-2021,GQ,Equatorial Guinea,AFRO,0,7694,0,112
09-05-2021,GQ,Equatorial Guinea,AFRO,0,7694,0,112
10-05-2021,GQ,Equatorial Guinea,AFRO,0,7694,0,112
11-05-2021,GQ,Equatorial Guinea,AFRO,0,7694,0,112
12-05-2021,GQ,Equatorial Guinea,AFRO,0,7694,0,112
13-05-2021,GQ,Equatorial Guinea,AFRO,0,7694,0,112
14-05-2021,GQ,Equatorial Guinea,AFRO,0,7694,0,112
15-05-2021,GQ,Equatorial Guinea,AFRO,0,7694,0,112
16-05-2021,GQ,Equatorial Guinea,AFRO,0,7694,0,112
17-05-2021,GQ,Equatorial Guinea,AFRO,0,7694,0,112
18-05-2021,GQ,Equatorial Guinea,AFRO,0,7694,0,112
19-05-2021,GQ,Equatorial Guinea,AFRO,0,7694,0,112
20-05-2021,GQ,Equatorial Guinea,AFRO,0,7694,0,112
21-05-2021,GQ,Equatorial Guinea,AFRO,742,8436,1,113
22-05-2021,GQ,Equatorial Guinea,AFRO,0,8436,0,113
23-05-2021,GQ,Equatorial Guinea,AFRO,0,8436,0,113
24-05-2021,GQ,Equatorial Guinea,AFRO,0,8436,0,113
25-05-2021,GQ,Equatorial Guinea,AFRO,40,8476,0,113
26-05-2021,GQ,Equatorial Guinea,AFRO,0,8476,0,113
27-05-2021,GQ,Equatorial Guinea,AFRO,0,8476,0,113
28-05-2021,GQ,Equatorial Guinea,AFRO,0,8476,0,113
29-05-2021,GQ,Equatorial Guinea,AFRO,0,8476,0,113
30-05-2021,GQ,Equatorial Guinea,AFRO,53,8529,5,118
01-01-2021,ER,Eritrea,AFRO,68,1320,2,3
02-01-2021,ER,Eritrea,AFRO,0,1320,0,3
03-01-2021,ER,Eritrea,AFRO,0,1320,0,3
04-01-2021,ER,Eritrea,AFRO,0,1320,0,3
05-01-2021,ER,Eritrea,AFRO,43,1363,0,3
06-01-2021,ER,Eritrea,AFRO,82,1445,0,3
07-01-2021,ER,Eritrea,AFRO,0,1445,0,3
08-01-2021,ER,Eritrea,AFRO,0,1445,0,3
09-01-2021,ER,Eritrea,AFRO,111,1556,3,6
10-01-2021,ER,Eritrea,AFRO,0,1556,0,6
11-01-2021,ER,Eritrea,AFRO,0,1556,0,6
12-01-2021,ER,Eritrea,AFRO,0,1556,0,6
13-01-2021,ER,Eritrea,AFRO,40,1596,0,6
14-01-2021,ER,Eritrea,AFRO,0,1596,0,6
15-01-2021,ER,Eritrea,AFRO,209,1805,0,6
16-01-2021,ER,Eritrea,AFRO,0,1805,0,6
17-01-2021,ER,Eritrea,AFRO,72,1877,0,6
18-01-2021,ER,Eritrea,AFRO,0,1877,0,6
19-01-2021,ER,Eritrea,AFRO,0,1877,0,6
20-01-2021,ER,Eritrea,AFRO,0,1877,0,6
21-01-2021,ER,Eritrea,AFRO,33,1910,0,6
22-01-2021,ER,Eritrea,AFRO,3,1913,0,6
23-01-2021,ER,Eritrea,AFRO,27,1940,0,6
24-01-2021,ER,Eritrea,AFRO,0,1940,0,6
25-01-2021,ER,Eritrea,AFRO,0,1940,0,6
26-01-2021,ER,Eritrea,AFRO,0,1940,1,7
27-01-2021,ER,Eritrea,AFRO,30,1970,0,7
28-01-2021,ER,Eritrea,AFRO,115,2085,0,7
29-01-2021,ER,Eritrea,AFRO,0,2085,0,7
30-01-2021,ER,Eritrea,AFRO,50,2135,0,7
31-01-2021,ER,Eritrea,AFRO,0,2135,0,7
01-02-2021,ER,Eritrea,AFRO,0,2135,0,7
02-02-2021,ER,Eritrea,AFRO,0,2135,0,7
03-02-2021,ER,Eritrea,AFRO,132,2267,0,7
04-02-2021,ER,Eritrea,AFRO,42,2309,0,7
05-02-2021,ER,Eritrea,AFRO,0,2309,0,7
06-02-2021,ER,Eritrea,AFRO,17,2326,0,7
07-02-2021,ER,Eritrea,AFRO,0,2326,0,7
08-02-2021,ER,Eritrea,AFRO,0,2326,0,7
09-02-2021,ER,Eritrea,AFRO,0,2326,0,7
10-02-2021,ER,Eritrea,AFRO,75,2401,0,7
11-02-2021,ER,Eritrea,AFRO,17,2418,0,7
12-02-2021,ER,Eritrea,AFRO,11,2429,0,7
13-02-2021,ER,Eritrea,AFRO,0,2429,0,7
14-02-2021,ER,Eritrea,AFRO,0,2429,0,7
15-02-2021,ER,Eritrea,AFRO,0,2429,0,7
16-02-2021,ER,Eritrea,AFRO,137,2566,0,7
17-02-2021,ER,Eritrea,AFRO,0,2566,0,7
18-02-2021,ER,Eritrea,AFRO,0,2566,0,7
19-02-2021,ER,Eritrea,AFRO,109,2675,0,7
20-02-2021,ER,Eritrea,AFRO,10,2685,0,7
21-02-2021,ER,Eritrea,AFRO,0,2685,0,7
22-02-2021,ER,Eritrea,AFRO,0,2685,0,7
23-02-2021,ER,Eritrea,AFRO,18,2703,0,7
24-02-2021,ER,Eritrea,AFRO,70,2773,0,7
25-02-2021,ER,Eritrea,AFRO,16,2789,0,7
26-02-2021,ER,Eritrea,AFRO,37,2826,0,7
27-02-2021,ER,Eritrea,AFRO,21,2847,0,7
28-02-2021,ER,Eritrea,AFRO,0,2847,0,7
01-03-2021,ER,Eritrea,AFRO,0,2847,0,7
02-03-2021,ER,Eritrea,AFRO,19,2866,0,7
03-03-2021,ER,Eritrea,AFRO,18,2884,0,7
04-03-2021,ER,Eritrea,AFRO,8,2892,0,7
05-03-2021,ER,Eritrea,AFRO,21,2913,0,7
06-03-2021,ER,Eritrea,AFRO,9,2922,0,7
07-03-2021,ER,Eritrea,AFRO,22,2944,0,7
08-03-2021,ER,Eritrea,AFRO,0,2944,0,7
09-03-2021,ER,Eritrea,AFRO,0,2944,0,7
10-03-2021,ER,Eritrea,AFRO,0,2944,0,7
11-03-2021,ER,Eritrea,AFRO,44,2988,0,7
12-03-2021,ER,Eritrea,AFRO,21,3009,0,7
13-03-2021,ER,Eritrea,AFRO,29,3038,0,7
14-03-2021,ER,Eritrea,AFRO,0,3038,0,7
15-03-2021,ER,Eritrea,AFRO,0,3038,0,7
16-03-2021,ER,Eritrea,AFRO,17,3055,0,7
17-03-2021,ER,Eritrea,AFRO,7,3062,0,7
18-03-2021,ER,Eritrea,AFRO,16,3078,0,7
19-03-2021,ER,Eritrea,AFRO,17,3095,0,7
20-03-2021,ER,Eritrea,AFRO,0,3095,0,7
21-03-2021,ER,Eritrea,AFRO,23,3118,0,7
22-03-2021,ER,Eritrea,AFRO,0,3118,0,7
23-03-2021,ER,Eritrea,AFRO,0,3118,0,7
24-03-2021,ER,Eritrea,AFRO,45,3163,28,35
25-03-2021,ER,Eritrea,AFRO,20,3183,-27,8
26-03-2021,ER,Eritrea,AFRO,9,3192,1,9
27-03-2021,ER,Eritrea,AFRO,16,3208,0,9
28-03-2021,ER,Eritrea,AFRO,0,3208,0,9
29-03-2021,ER,Eritrea,AFRO,0,3208,0,9
30-03-2021,ER,Eritrea,AFRO,43,3251,0,9
31-03-2021,ER,Eritrea,AFRO,28,3279,0,9
01-04-2021,ER,Eritrea,AFRO,6,3285,1,10
02-04-2021,ER,Eritrea,AFRO,23,3308,0,10
03-04-2021,ER,Eritrea,AFRO,26,3334,0,10
04-04-2021,ER,Eritrea,AFRO,0,3334,0,10
05-04-2021,ER,Eritrea,AFRO,0,3334,0,10
06-04-2021,ER,Eritrea,AFRO,6,3340,0,10
07-04-2021,ER,Eritrea,AFRO,23,3363,0,10
08-04-2021,ER,Eritrea,AFRO,11,3374,0,10
09-04-2021,ER,Eritrea,AFRO,19,3393,0,10
10-04-2021,ER,Eritrea,AFRO,54,3447,0,10
11-04-2021,ER,Eritrea,AFRO,0,3447,0,10
12-04-2021,ER,Eritrea,AFRO,0,3447,0,10
13-04-2021,ER,Eritrea,AFRO,19,3466,0,10
14-04-2021,ER,Eritrea,AFRO,3,3469,0,10
15-04-2021,ER,Eritrea,AFRO,10,3479,0,10
16-04-2021,ER,Eritrea,AFRO,7,3486,0,10
17-04-2021,ER,Eritrea,AFRO,5,3491,0,10
18-04-2021,ER,Eritrea,AFRO,0,3491,0,10
19-04-2021,ER,Eritrea,AFRO,0,3491,0,10
20-04-2021,ER,Eritrea,AFRO,46,3537,0,10
21-04-2021,ER,Eritrea,AFRO,11,3548,0,10
22-04-2021,ER,Eritrea,AFRO,16,3564,0,10
23-04-2021,ER,Eritrea,AFRO,33,3597,0,10
24-04-2021,ER,Eritrea,AFRO,8,3605,0,10
25-04-2021,ER,Eritrea,AFRO,0,3605,0,10
26-04-2021,ER,Eritrea,AFRO,0,3605,0,10
27-04-2021,ER,Eritrea,AFRO,35,3640,0,10
28-04-2021,ER,Eritrea,AFRO,0,3640,0,10
29-04-2021,ER,Eritrea,AFRO,19,3659,0,10
30-04-2021,ER,Eritrea,AFRO,12,3671,0,10
01-05-2021,ER,Eritrea,AFRO,0,3671,0,10
02-05-2021,ER,Eritrea,AFRO,0,3671,0,10
03-05-2021,ER,Eritrea,AFRO,0,3671,0,10
04-05-2021,ER,Eritrea,AFRO,2,3673,2,12
05-05-2021,ER,Eritrea,AFRO,8,3681,0,12
06-05-2021,ER,Eritrea,AFRO,26,3707,0,12
07-05-2021,ER,Eritrea,AFRO,27,3734,0,12
08-05-2021,ER,Eritrea,AFRO,8,3742,0,12
09-05-2021,ER,Eritrea,AFRO,0,3742,0,12
10-05-2021,ER,Eritrea,AFRO,0,3742,0,12
11-05-2021,ER,Eritrea,AFRO,12,3754,0,12
12-05-2021,ER,Eritrea,AFRO,64,3818,0,12
13-05-2021,ER,Eritrea,AFRO,4,3822,0,12
14-05-2021,ER,Eritrea,AFRO,0,3822,0,12
15-05-2021,ER,Eritrea,AFRO,0,3822,0,12
16-05-2021,ER,Eritrea,AFRO,22,3844,0,12
17-05-2021,ER,Eritrea,AFRO,0,3844,0,12
18-05-2021,ER,Eritrea,AFRO,24,3868,2,14
19-05-2021,ER,Eritrea,AFRO,11,3879,0,14
20-05-2021,ER,Eritrea,AFRO,8,3887,0,14
21-05-2021,ER,Eritrea,AFRO,19,3906,0,14
22-05-2021,ER,Eritrea,AFRO,15,3921,0,14
23-05-2021,ER,Eritrea,AFRO,11,3932,0,14
24-05-2021,ER,Eritrea,AFRO,0,3932,0,14
25-05-2021,ER,Eritrea,AFRO,0,3932,0,14
26-05-2021,ER,Eritrea,AFRO,16,3948,0,14
27-05-2021,ER,Eritrea,AFRO,40,3988,0,14
28-05-2021,ER,Eritrea,AFRO,22,4010,0,14
29-05-2021,ER,Eritrea,AFRO,12,4022,0,14
30-05-2021,ER,Eritrea,AFRO,39,4061,0,14
01-01-2021,EE,Estonia,EURO,416,28406,5,234
02-01-2021,EE,Estonia,EURO,383,28789,7,241
03-01-2021,EE,Estonia,EURO,342,29131,3,244
04-01-2021,EE,Estonia,EURO,390,29521,7,251
05-01-2021,EE,Estonia,EURO,429,29950,6,257
06-01-2021,EE,Estonia,EURO,717,30667,4,261
07-01-2021,EE,Estonia,EURO,1084,31751,4,265
08-01-2021,EE,Estonia,EURO,786,32537,5,270
09-01-2021,EE,Estonia,EURO,552,33089,8,278
10-01-2021,EE,Estonia,EURO,427,33516,5,283
11-01-2021,EE,Estonia,EURO,289,33805,4,287
12-01-2021,EE,Estonia,EURO,333,34138,5,292
13-01-2021,EE,Estonia,EURO,853,34991,0,292
14-01-2021,EE,Estonia,EURO,630,35621,9,301
15-01-2021,EE,Estonia,EURO,475,36096,10,311
16-01-2021,EE,Estonia,EURO,595,36691,9,320
17-01-2021,EE,Estonia,EURO,388,37079,5,325
18-01-2021,EE,Estonia,EURO,265,37344,8,333
19-01-2021,EE,Estonia,EURO,597,37941,11,344
20-01-2021,EE,Estonia,EURO,603,38544,5,349
21-01-2021,EE,Estonia,EURO,668,39212,5,354
22-01-2021,EE,Estonia,EURO,489,39701,4,358
23-01-2021,EE,Estonia,EURO,483,40184,10,368
24-01-2021,EE,Estonia,EURO,532,40716,8,376
25-01-2021,EE,Estonia,EURO,259,40975,7,383
26-01-2021,EE,Estonia,EURO,355,41330,9,392
27-01-2021,EE,Estonia,EURO,636,41966,6,398
28-01-2021,EE,Estonia,EURO,690,42656,8,406
29-01-2021,EE,Estonia,EURO,687,43343,3,409
30-01-2021,EE,Estonia,EURO,404,43747,2,411
31-01-2021,EE,Estonia,EURO,461,44208,8,419
01-02-2021,EE,Estonia,EURO,367,44575,3,422
02-02-2021,EE,Estonia,EURO,403,44978,2,424
03-02-2021,EE,Estonia,EURO,685,45663,9,433
04-02-2021,EE,Estonia,EURO,671,46334,10,443
05-02-2021,EE,Estonia,EURO,591,46925,4,447
06-02-2021,EE,Estonia,EURO,587,47512,9,456
07-02-2021,EE,Estonia,EURO,416,47928,5,461
08-02-2021,EE,Estonia,EURO,339,48267,0,461
09-02-2021,EE,Estonia,EURO,542,48809,13,474
10-02-2021,EE,Estonia,EURO,796,49605,3,477
11-02-2021,EE,Estonia,EURO,675,50280,3,480
12-02-2021,EE,Estonia,EURO,713,50993,6,486
13-02-2021,EE,Estonia,EURO,756,51749,5,491
14-02-2021,EE,Estonia,EURO,667,52416,4,495
15-02-2021,EE,Estonia,EURO,411,52827,6,501
16-02-2021,EE,Estonia,EURO,617,53444,7,508
17-02-2021,EE,Estonia,EURO,856,54300,2,510
18-02-2021,EE,Estonia,EURO,995,55295,4,514
19-02-2021,EE,Estonia,EURO,951,56246,4,518
20-02-2021,EE,Estonia,EURO,787,57033,10,528
21-02-2021,EE,Estonia,EURO,583,57616,7,535
22-02-2021,EE,Estonia,EURO,829,58445,5,540
23-02-2021,EE,Estonia,EURO,962,59407,13,553
24-02-2021,EE,Estonia,EURO,1068,60475,4,557
25-02-2021,EE,Estonia,EURO,1152,61627,10,567
26-02-2021,EE,Estonia,EURO,1203,62830,8,575
27-02-2021,EE,Estonia,EURO,1569,64399,0,575
28-02-2021,EE,Estonia,EURO,1201,65600,14,589
01-03-2021,EE,Estonia,EURO,1028,66628,9,598
02-03-2021,EE,Estonia,EURO,1111,67739,7,605
03-03-2021,EE,Estonia,EURO,1454,69193,10,615
04-03-2021,EE,Estonia,EURO,1417,70610,8,623
05-03-2021,EE,Estonia,EURO,1534,72144,14,637
06-03-2021,EE,Estonia,EURO,1540,73684,7,644
07-03-2021,EE,Estonia,EURO,1319,75003,9,653
08-03-2021,EE,Estonia,EURO,1180,76183,14,667
09-03-2021,EE,Estonia,EURO,1308,77491,2,669
10-03-2021,EE,Estonia,EURO,1482,78973,8,677
11-03-2021,EE,Estonia,EURO,1956,80929,9,686
12-03-2021,EE,Estonia,EURO,1357,82286,9,695
13-03-2021,EE,Estonia,EURO,1586,83872,15,710
14-03-2021,EE,Estonia,EURO,935,84807,9,719
15-03-2021,EE,Estonia,EURO,1279,86086,9,728
16-03-2021,EE,Estonia,EURO,1462,87548,11,739
17-03-2021,EE,Estonia,EURO,1783,89331,6,745
18-03-2021,EE,Estonia,EURO,1700,91031,13,758
19-03-2021,EE,Estonia,EURO,1749,92780,11,769
20-03-2021,EE,Estonia,EURO,1248,94028,11,780
21-03-2021,EE,Estonia,EURO,1373,95401,7,787
22-03-2021,EE,Estonia,EURO,993,96394,10,797
23-03-2021,EE,Estonia,EURO,1062,97456,12,809
24-03-2021,EE,Estonia,EURO,1552,99008,14,823
25-03-2021,EE,Estonia,EURO,1429,100437,13,836
26-03-2021,EE,Estonia,EURO,1150,101587,11,847
27-03-2021,EE,Estonia,EURO,1151,102738,0,847
28-03-2021,EE,Estonia,EURO,892,103630,0,847
29-03-2021,EE,Estonia,EURO,584,104214,32,879
30-03-2021,EE,Estonia,EURO,1202,105416,17,896
31-03-2021,EE,Estonia,EURO,1008,106424,6,902
01-04-2021,EE,Estonia,EURO,829,107253,6,908
02-04-2021,EE,Estonia,EURO,1165,108418,14,922
03-04-2021,EE,Estonia,EURO,519,108937,9,931
04-04-2021,EE,Estonia,EURO,462,109399,10,941
05-04-2021,EE,Estonia,EURO,382,109781,9,950
06-04-2021,EE,Estonia,EURO,899,110680,14,964
07-04-2021,EE,Estonia,EURO,984,111664,12,976
08-04-2021,EE,Estonia,EURO,757,112421,14,990
09-04-2021,EE,Estonia,EURO,677,113098,16,1006
10-04-2021,EE,Estonia,EURO,638,113736,14,1020
11-04-2021,EE,Estonia,EURO,438,114174,0,1020
12-04-2021,EE,Estonia,EURO,269,114443,17,1037
13-04-2021,EE,Estonia,EURO,637,115080,12,1049
14-04-2021,EE,Estonia,EURO,549,115629,8,1057
15-04-2021,EE,Estonia,EURO,571,116200,7,1064
16-04-2021,EE,Estonia,EURO,478,116678,6,1070
17-04-2021,EE,Estonia,EURO,333,117011,12,1082
18-04-2021,EE,Estonia,EURO,543,117554,10,1092
19-04-2021,EE,Estonia,EURO,228,117782,8,1100
20-04-2021,EE,Estonia,EURO,535,118317,4,1104
21-04-2021,EE,Estonia,EURO,472,118789,5,1109
22-04-2021,EE,Estonia,EURO,429,119218,11,1120
23-04-2021,EE,Estonia,EURO,392,119610,6,1126
24-04-2021,EE,Estonia,EURO,390,120000,11,1137
25-04-2021,EE,Estonia,EURO,215,120215,6,1143
26-04-2021,EE,Estonia,EURO,163,120378,0,1143
27-04-2021,EE,Estonia,EURO,458,120836,5,1148
28-04-2021,EE,Estonia,EURO,396,121232,0,1148
29-04-2021,EE,Estonia,EURO,425,121657,0,1148
30-04-2021,EE,Estonia,EURO,362,122019,10,1158
01-05-2021,EE,Estonia,EURO,431,122450,8,1166
02-05-2021,EE,Estonia,EURO,235,122685,2,1168
03-05-2021,EE,Estonia,EURO,258,122943,4,1172
04-05-2021,EE,Estonia,EURO,401,123344,5,1177
05-05-2021,EE,Estonia,EURO,437,123781,6,1183
06-05-2021,EE,Estonia,EURO,366,124147,4,1187
07-05-2021,EE,Estonia,EURO,382,124529,6,1193
08-05-2021,EE,Estonia,EURO,372,124901,2,1195
09-05-2021,EE,Estonia,EURO,225,125126,6,1201
10-05-2021,EE,Estonia,EURO,211,125337,3,1204
11-05-2021,EE,Estonia,EURO,359,125696,2,1206
12-05-2021,EE,Estonia,EURO,368,126064,4,1210
13-05-2021,EE,Estonia,EURO,300,126364,2,1212
14-05-2021,EE,Estonia,EURO,278,126642,5,1217
15-05-2021,EE,Estonia,EURO,280,126922,3,1220
16-05-2021,EE,Estonia,EURO,131,127053,2,1222
17-05-2021,EE,Estonia,EURO,153,127206,1,1223
18-05-2021,EE,Estonia,EURO,294,127500,6,1229
19-05-2021,EE,Estonia,EURO,257,127757,3,1232
20-05-2021,EE,Estonia,EURO,327,128084,3,1235
21-05-2021,EE,Estonia,EURO,225,128309,4,1239
22-05-2021,EE,Estonia,EURO,180,128489,1,1240
23-05-2021,EE,Estonia,EURO,103,128592,0,1240
24-05-2021,EE,Estonia,EURO,77,128669,1,1241
25-05-2021,EE,Estonia,EURO,160,128829,0,1241
26-05-2021,EE,Estonia,EURO,185,129014,1,1242
27-05-2021,EE,Estonia,EURO,144,129158,2,1244
28-05-2021,EE,Estonia,EURO,139,129297,3,1247
29-05-2021,EE,Estonia,EURO,127,129424,3,1250
30-05-2021,EE,Estonia,EURO,62,129486,1,1251
01-01-2021,SZ,Eswatini,AFRO,212,9358,21,206
02-01-2021,SZ,Eswatini,AFRO,0,9358,0,206
03-01-2021,SZ,Eswatini,AFRO,353,9711,21,227
04-01-2021,SZ,Eswatini,AFRO,232,9943,4,231
05-01-2021,SZ,Eswatini,AFRO,195,10138,13,244
06-01-2021,SZ,Eswatini,AFRO,200,10338,8,252
07-01-2021,SZ,Eswatini,AFRO,201,10539,9,261
08-01-2021,SZ,Eswatini,AFRO,234,10773,0,261
09-01-2021,SZ,Eswatini,AFRO,200,10973,18,279
10-01-2021,SZ,Eswatini,AFRO,207,11180,12,291
11-01-2021,SZ,Eswatini,AFRO,255,11435,4,295
12-01-2021,SZ,Eswatini,AFRO,276,11711,3,298
13-01-2021,SZ,Eswatini,AFRO,208,11919,21,319
14-01-2021,SZ,Eswatini,AFRO,205,12124,13,332
15-01-2021,SZ,Eswatini,AFRO,203,12327,3,335
16-01-2021,SZ,Eswatini,AFRO,0,12327,0,335
17-01-2021,SZ,Eswatini,AFRO,409,12736,25,360
18-01-2021,SZ,Eswatini,AFRO,208,12944,16,376
19-01-2021,SZ,Eswatini,AFRO,243,13187,8,384
20-01-2021,SZ,Eswatini,AFRO,256,13443,19,403
21-01-2021,SZ,Eswatini,AFRO,346,13789,24,427
22-01-2021,SZ,Eswatini,AFRO,228,14017,14,441
23-01-2021,SZ,Eswatini,AFRO,202,14219,17,458
24-01-2021,SZ,Eswatini,AFRO,111,14330,0,458
25-01-2021,SZ,Eswatini,AFRO,154,14484,21,479
26-01-2021,SZ,Eswatini,AFRO,0,14484,14,493
27-01-2021,SZ,Eswatini,AFRO,347,14831,24,517
28-01-2021,SZ,Eswatini,AFRO,220,15051,5,522
29-01-2021,SZ,Eswatini,AFRO,232,15283,16,538
30-01-2021,SZ,Eswatini,AFRO,188,15471,13,551
31-01-2021,SZ,Eswatini,AFRO,195,15666,11,562
01-02-2021,SZ,Eswatini,AFRO,45,15711,3,565
02-02-2021,SZ,Eswatini,AFRO,93,15804,9,574
03-02-2021,SZ,Eswatini,AFRO,74,15878,9,583
04-02-2021,SZ,Eswatini,AFRO,96,15974,2,585
05-02-2021,SZ,Eswatini,AFRO,71,16045,6,591
06-02-2021,SZ,Eswatini,AFRO,92,16137,9,600
07-02-2021,SZ,Eswatini,AFRO,44,16181,4,604
08-02-2021,SZ,Eswatini,AFRO,23,16204,0,604
09-02-2021,SZ,Eswatini,AFRO,30,16234,3,607
10-02-2021,SZ,Eswatini,AFRO,54,16288,3,610
11-02-2021,SZ,Eswatini,AFRO,53,16341,6,616
12-02-2021,SZ,Eswatini,AFRO,55,16396,3,619
13-02-2021,SZ,Eswatini,AFRO,59,16455,11,630
14-02-2021,SZ,Eswatini,AFRO,33,16488,0,630
15-02-2021,SZ,Eswatini,AFRO,47,16535,0,630
16-02-2021,SZ,Eswatini,AFRO,41,16576,4,634
17-02-2021,SZ,Eswatini,AFRO,30,16606,0,634
18-02-2021,SZ,Eswatini,AFRO,67,16673,3,637
19-02-2021,SZ,Eswatini,AFRO,36,16709,3,640
20-02-2021,SZ,Eswatini,AFRO,33,16742,3,643
21-02-2021,SZ,Eswatini,AFRO,22,16764,2,645
22-02-2021,SZ,Eswatini,AFRO,25,16789,0,645
23-02-2021,SZ,Eswatini,AFRO,18,16807,0,645
24-02-2021,SZ,Eswatini,AFRO,32,16839,2,647
25-02-2021,SZ,Eswatini,AFRO,58,16897,2,649
26-02-2021,SZ,Eswatini,AFRO,49,16946,1,650
27-02-2021,SZ,Eswatini,AFRO,26,16972,0,650
28-02-2021,SZ,Eswatini,AFRO,30,17002,0,650
01-03-2021,SZ,Eswatini,AFRO,12,17014,2,652
02-03-2021,SZ,Eswatini,AFRO,11,17025,0,652
03-03-2021,SZ,Eswatini,AFRO,61,17086,0,652
04-03-2021,SZ,Eswatini,AFRO,17,17103,0,652
05-03-2021,SZ,Eswatini,AFRO,26,17129,2,654
06-03-2021,SZ,Eswatini,AFRO,26,17155,0,654
07-03-2021,SZ,Eswatini,AFRO,18,17173,4,658
08-03-2021,SZ,Eswatini,AFRO,11,17184,0,658
09-03-2021,SZ,Eswatini,AFRO,4,17188,0,658
10-03-2021,SZ,Eswatini,AFRO,3,17191,0,658
11-03-2021,SZ,Eswatini,AFRO,12,17203,0,658
12-03-2021,SZ,Eswatini,AFRO,12,17215,1,659
13-03-2021,SZ,Eswatini,AFRO,10,17225,0,659
14-03-2021,SZ,Eswatini,AFRO,9,17234,2,661
15-03-2021,SZ,Eswatini,AFRO,3,17237,0,661
16-03-2021,SZ,Eswatini,AFRO,2,17239,2,663
17-03-2021,SZ,Eswatini,AFRO,4,17243,0,663
18-03-2021,SZ,Eswatini,AFRO,14,17257,0,663
19-03-2021,SZ,Eswatini,AFRO,10,17267,1,664
20-03-2021,SZ,Eswatini,AFRO,0,17267,0,664
21-03-2021,SZ,Eswatini,AFRO,16,17283,1,665
22-03-2021,SZ,Eswatini,AFRO,3,17286,3,668
23-03-2021,SZ,Eswatini,AFRO,4,17290,0,668
24-03-2021,SZ,Eswatini,AFRO,6,17296,0,668
25-03-2021,SZ,Eswatini,AFRO,5,17301,-2,666
26-03-2021,SZ,Eswatini,AFRO,5,17306,0,666
27-03-2021,SZ,Eswatini,AFRO,6,17312,0,666
28-03-2021,SZ,Eswatini,AFRO,6,17318,0,666
29-03-2021,SZ,Eswatini,AFRO,3,17321,1,667
30-03-2021,SZ,Eswatini,AFRO,5,17326,0,667
31-03-2021,SZ,Eswatini,AFRO,7,17333,0,667
01-04-2021,SZ,Eswatini,AFRO,4,17337,0,667
02-04-2021,SZ,Eswatini,AFRO,7,17344,1,668
03-04-2021,SZ,Eswatini,AFRO,3,17347,0,668
04-04-2021,SZ,Eswatini,AFRO,0,17347,0,668
05-04-2021,SZ,Eswatini,AFRO,5,17352,0,668
06-04-2021,SZ,Eswatini,AFRO,2,17354,1,669
07-04-2021,SZ,Eswatini,AFRO,4,17358,0,669
08-04-2021,SZ,Eswatini,AFRO,7,17365,0,669
09-04-2021,SZ,Eswatini,AFRO,2,17367,0,669
10-04-2021,SZ,Eswatini,AFRO,3,17370,0,669
11-04-2021,SZ,Eswatini,AFRO,3,17373,0,669
12-04-2021,SZ,Eswatini,AFRO,3,17376,0,669
13-04-2021,SZ,Eswatini,AFRO,1018,18394,0,669
14-04-2021,SZ,Eswatini,AFRO,8,18402,0,669
15-04-2021,SZ,Eswatini,AFRO,5,18407,1,670
16-04-2021,SZ,Eswatini,AFRO,5,18412,0,670
17-04-2021,SZ,Eswatini,AFRO,2,18414,0,670
18-04-2021,SZ,Eswatini,AFRO,1,18415,1,671
19-04-2021,SZ,Eswatini,AFRO,2,18417,0,671
20-04-2021,SZ,Eswatini,AFRO,0,18417,0,671
21-04-2021,SZ,Eswatini,AFRO,0,18417,0,671
22-04-2021,SZ,Eswatini,AFRO,6,18423,0,671
23-04-2021,SZ,Eswatini,AFRO,3,18426,0,671
24-04-2021,SZ,Eswatini,AFRO,8,18434,0,671
25-04-2021,SZ,Eswatini,AFRO,6,18440,0,671
26-04-2021,SZ,Eswatini,AFRO,2,18442,0,671
27-04-2021,SZ,Eswatini,AFRO,1,18443,0,671
28-04-2021,SZ,Eswatini,AFRO,5,18448,0,671
29-04-2021,SZ,Eswatini,AFRO,4,18452,0,671
30-04-2021,SZ,Eswatini,AFRO,6,18458,0,671
01-05-2021,SZ,Eswatini,AFRO,0,18458,0,671
02-05-2021,SZ,Eswatini,AFRO,0,18458,0,671
03-05-2021,SZ,Eswatini,AFRO,0,18458,0,671
04-05-2021,SZ,Eswatini,AFRO,2,18460,0,671
05-05-2021,SZ,Eswatini,AFRO,1,18461,0,671
06-05-2021,SZ,Eswatini,AFRO,6,18467,0,671
07-05-2021,SZ,Eswatini,AFRO,6,18473,0,671
08-05-2021,SZ,Eswatini,AFRO,1,18474,0,671
09-05-2021,SZ,Eswatini,AFRO,3,18477,0,671
10-05-2021,SZ,Eswatini,AFRO,3,18480,0,671
11-05-2021,SZ,Eswatini,AFRO,2,18482,0,671
12-05-2021,SZ,Eswatini,AFRO,5,18487,0,671
13-05-2021,SZ,Eswatini,AFRO,5,18492,0,671
14-05-2021,SZ,Eswatini,AFRO,5,18497,0,671
15-05-2021,SZ,Eswatini,AFRO,14,18511,0,671
16-05-2021,SZ,Eswatini,AFRO,8,18519,1,672
17-05-2021,SZ,Eswatini,AFRO,1,18520,0,672
18-05-2021,SZ,Eswatini,AFRO,3,18523,0,672
19-05-2021,SZ,Eswatini,AFRO,2,18525,0,672
20-05-2021,SZ,Eswatini,AFRO,5,18530,0,672
21-05-2021,SZ,Eswatini,AFRO,9,18539,0,672
22-05-2021,SZ,Eswatini,AFRO,7,18546,0,672
23-05-2021,SZ,Eswatini,AFRO,4,18550,0,672
24-05-2021,SZ,Eswatini,AFRO,1,18551,0,672
25-05-2021,SZ,Eswatini,AFRO,6,18557,0,672
26-05-2021,SZ,Eswatini,AFRO,13,18570,0,672
27-05-2021,SZ,Eswatini,AFRO,2,18572,0,672
28-05-2021,SZ,Eswatini,AFRO,10,18582,0,672
29-05-2021,SZ,Eswatini,AFRO,5,18587,0,672
30-05-2021,SZ,Eswatini,AFRO,2,18589,0,672
01-01-2021,ET,Ethiopia,AFRO,408,124264,5,1923
02-01-2021,ET,Ethiopia,AFRO,0,124264,0,1923
03-01-2021,ET,Ethiopia,AFRO,785,125049,21,1944
04-01-2021,ET,Ethiopia,AFRO,573,125622,4,1948
05-01-2021,ET,Ethiopia,AFRO,297,125919,2,1950
06-01-2021,ET,Ethiopia,AFRO,322,126241,13,1963
07-01-2021,ET,Ethiopia,AFRO,545,126786,2,1965
08-01-2021,ET,Ethiopia,AFRO,441,127227,1,1966
09-01-2021,ET,Ethiopia,AFRO,345,127572,8,1974
10-01-2021,ET,Ethiopia,AFRO,220,127792,11,1985
11-01-2021,ET,Ethiopia,AFRO,524,128316,9,1994
12-01-2021,ET,Ethiopia,AFRO,300,128616,9,2003
13-01-2021,ET,Ethiopia,AFRO,376,128992,1,2004
14-01-2021,ET,Ethiopia,AFRO,453,129445,2,2006
15-01-2021,ET,Ethiopia,AFRO,477,129922,2,2008
16-01-2021,ET,Ethiopia,AFRO,404,130326,15,2023
17-01-2021,ET,Ethiopia,AFRO,446,130772,6,2029
18-01-2021,ET,Ethiopia,AFRO,423,131195,1,2030
19-01-2021,ET,Ethiopia,AFRO,351,131546,3,2033
20-01-2021,ET,Ethiopia,AFRO,181,131727,4,2037
21-01-2021,ET,Ethiopia,AFRO,307,132034,7,2044
22-01-2021,ET,Ethiopia,AFRO,292,132326,13,2057
23-01-2021,ET,Ethiopia,AFRO,555,132881,3,2060
24-01-2021,ET,Ethiopia,AFRO,417,133298,3,2063
25-01-2021,ET,Ethiopia,AFRO,469,133767,3,2066
26-01-2021,ET,Ethiopia,AFRO,365,134132,5,2071
27-01-2021,ET,Ethiopia,AFRO,437,134569,4,2075
28-01-2021,ET,Ethiopia,AFRO,476,135045,8,2083
29-01-2021,ET,Ethiopia,AFRO,549,135594,2,2085
30-01-2021,ET,Ethiopia,AFRO,771,136365,2,2087
31-01-2021,ET,Ethiopia,AFRO,656,137021,4,2091
01-02-2021,ET,Ethiopia,AFRO,629,137650,2,2093
02-02-2021,ET,Ethiopia,AFRO,734,138384,10,2103
03-02-2021,ET,Ethiopia,AFRO,477,138861,13,2116
04-02-2021,ET,Ethiopia,AFRO,547,139408,6,2122
05-02-2021,ET,Ethiopia,AFRO,749,140157,4,2126
06-02-2021,ET,Ethiopia,AFRO,726,140883,10,2136
07-02-2021,ET,Ethiopia,AFRO,570,141453,9,2145
08-02-2021,ET,Ethiopia,AFRO,885,142338,3,2148
09-02-2021,ET,Ethiopia,AFRO,656,142994,8,2156
10-02-2021,ET,Ethiopia,AFRO,572,143566,2,2158
11-02-2021,ET,Ethiopia,AFRO,683,144249,9,2167
12-02-2021,ET,Ethiopia,AFRO,613,144862,4,2171
13-02-2021,ET,Ethiopia,AFRO,686,145548,6,2177
14-02-2021,ET,Ethiopia,AFRO,156,145704,4,2181
15-02-2021,ET,Ethiopia,AFRO,788,146492,13,2194
16-02-2021,ET,Ethiopia,AFRO,1333,147825,15,2209
17-02-2021,ET,Ethiopia,AFRO,665,148490,14,2223
18-02-2021,ET,Ethiopia,AFRO,368,148858,14,2237
19-02-2021,ET,Ethiopia,AFRO,1321,150179,12,2249
20-02-2021,ET,Ethiopia,AFRO,837,151016,10,2259
21-02-2021,ET,Ethiopia,AFRO,841,151857,12,2271
22-02-2021,ET,Ethiopia,AFRO,949,152806,8,2279
23-02-2021,ET,Ethiopia,AFRO,735,153541,14,2293
24-02-2021,ET,Ethiopia,AFRO,716,154257,12,2305
25-02-2021,ET,Ethiopia,AFRO,977,155234,12,2317
26-02-2021,ET,Ethiopia,AFRO,878,156112,4,2321
27-02-2021,ET,Ethiopia,AFRO,0,156112,0,2321
28-02-2021,ET,Ethiopia,AFRO,1941,158053,33,2354
01-03-2021,ET,Ethiopia,AFRO,1019,159072,11,2365
02-03-2021,ET,Ethiopia,AFRO,900,159972,8,2373
03-03-2021,ET,Ethiopia,AFRO,841,160813,13,2386
04-03-2021,ET,Ethiopia,AFRO,1161,161974,5,2391
05-03-2021,ET,Ethiopia,AFRO,980,162954,3,2394
06-03-2021,ET,Ethiopia,AFRO,1118,164072,10,2404
07-03-2021,ET,Ethiopia,AFRO,957,165029,16,2420
08-03-2021,ET,Ethiopia,AFRO,1109,166138,9,2429
09-03-2021,ET,Ethiopia,AFRO,995,167133,13,2442
10-03-2021,ET,Ethiopia,AFRO,1202,168335,9,2451
11-03-2021,ET,Ethiopia,AFRO,1543,169878,15,2466
12-03-2021,ET,Ethiopia,AFRO,1332,171210,17,2483
13-03-2021,ET,Ethiopia,AFRO,0,171210,0,2483
14-03-2021,ET,Ethiopia,AFRO,2844,174054,57,2540
15-03-2021,ET,Ethiopia,AFRO,1413,175467,10,2550
16-03-2021,ET,Ethiopia,AFRO,1151,176618,5,2555
17-03-2021,ET,Ethiopia,AFRO,1490,178108,18,2573
18-03-2021,ET,Ethiopia,AFRO,1704,179812,19,2592
19-03-2021,ET,Ethiopia,AFRO,2057,181869,10,2602
20-03-2021,ET,Ethiopia,AFRO,1994,183863,16,2618
21-03-2021,ET,Ethiopia,AFRO,1778,185641,29,2647
22-03-2021,ET,Ethiopia,AFRO,1724,187365,12,2659
23-03-2021,ET,Ethiopia,AFRO,1537,188902,15,2674
24-03-2021,ET,Ethiopia,AFRO,1692,190594,19,2693
25-03-2021,ET,Ethiopia,AFRO,1981,192575,25,2718
26-03-2021,ET,Ethiopia,AFRO,1949,194524,23,2741
27-03-2021,ET,Ethiopia,AFRO,2097,196621,28,2769
28-03-2021,ET,Ethiopia,AFRO,2173,198794,15,2784
29-03-2021,ET,Ethiopia,AFRO,1769,200563,17,2801
30-03-2021,ET,Ethiopia,AFRO,1982,202545,24,2825
31-03-2021,ET,Ethiopia,AFRO,1976,204521,16,2841
01-04-2021,ET,Ethiopia,AFRO,2068,206589,24,2865
02-04-2021,ET,Ethiopia,AFRO,2372,208961,22,2887
03-04-2021,ET,Ethiopia,AFRO,2353,211314,25,2912
04-04-2021,ET,Ethiopia,AFRO,1997,213311,24,2936
05-04-2021,ET,Ethiopia,AFRO,1878,215189,27,2963
06-04-2021,ET,Ethiopia,AFRO,2138,217327,37,3000
07-04-2021,ET,Ethiopia,AFRO,2054,219381,25,3025
08-04-2021,ET,Ethiopia,AFRO,2163,221544,33,3058
09-04-2021,ET,Ethiopia,AFRO,2121,223665,20,3078
10-04-2021,ET,Ethiopia,AFRO,1851,225516,33,3111
11-04-2021,ET,Ethiopia,AFRO,1739,227255,35,3146
12-04-2021,ET,Ethiopia,AFRO,1741,228996,28,3174
13-04-2021,ET,Ethiopia,AFRO,1948,230944,34,3208
14-04-2021,ET,Ethiopia,AFRO,1568,232512,22,3230
15-04-2021,ET,Ethiopia,AFRO,1893,234405,24,3254
16-04-2021,ET,Ethiopia,AFRO,2149,236554,33,3287
17-04-2021,ET,Ethiopia,AFRO,0,236554,0,3287
18-04-2021,ET,Ethiopia,AFRO,3682,240236,41,3328
19-04-2021,ET,Ethiopia,AFRO,1792,242028,42,3370
20-04-2021,ET,Ethiopia,AFRO,1603,243631,22,3392
21-04-2021,ET,Ethiopia,AFRO,1524,245155,47,3439
22-04-2021,ET,Ethiopia,AFRO,1329,246484,35,3474
23-04-2021,ET,Ethiopia,AFRO,1505,247989,22,3496
24-04-2021,ET,Ethiopia,AFRO,1303,249292,15,3511
25-04-2021,ET,Ethiopia,AFRO,1663,250955,20,3531
26-04-2021,ET,Ethiopia,AFRO,1324,252279,20,3551
27-04-2021,ET,Ethiopia,AFRO,841,253120,19,3570
28-04-2021,ET,Ethiopia,AFRO,924,254044,35,3605
29-04-2021,ET,Ethiopia,AFRO,1244,255288,34,3639
30-04-2021,ET,Ethiopia,AFRO,1130,256418,19,3658
01-05-2021,ET,Ethiopia,AFRO,1024,257442,30,3688
02-05-2021,ET,Ethiopia,AFRO,620,258062,21,3709
03-05-2021,ET,Ethiopia,AFRO,322,258384,17,3726
04-05-2021,ET,Ethiopia,AFRO,429,258813,31,3757
05-05-2021,ET,Ethiopia,AFRO,541,259354,15,3772
06-05-2021,ET,Ethiopia,AFRO,785,260139,23,3795
07-05-2021,ET,Ethiopia,AFRO,663,260802,27,3822
08-05-2021,ET,Ethiopia,AFRO,778,261580,18,3840
09-05-2021,ET,Ethiopia,AFRO,637,262217,31,3871
10-05-2021,ET,Ethiopia,AFRO,485,262702,17,3888
11-05-2021,ET,Ethiopia,AFRO,418,263120,9,3897
12-05-2021,ET,Ethiopia,AFRO,552,263672,14,3911
13-05-2021,ET,Ethiopia,AFRO,695,264367,27,3938
14-05-2021,ET,Ethiopia,AFRO,593,264960,13,3951
15-05-2021,ET,Ethiopia,AFRO,453,265413,13,3964
16-05-2021,ET,Ethiopia,AFRO,419,265832,12,3976
17-05-2021,ET,Ethiopia,AFRO,432,266264,20,3996
18-05-2021,ET,Ethiopia,AFRO,382,266646,12,4008
19-05-2021,ET,Ethiopia,AFRO,454,267100,13,4021
20-05-2021,ET,Ethiopia,AFRO,497,267597,17,4038
21-05-2021,ET,Ethiopia,AFRO,438,268035,10,4048
22-05-2021,ET,Ethiopia,AFRO,485,268520,12,4060
23-05-2021,ET,Ethiopia,AFRO,381,268901,8,4068
24-05-2021,ET,Ethiopia,AFRO,293,269194,8,4076
25-05-2021,ET,Ethiopia,AFRO,306,269500,8,4084
26-05-2021,ET,Ethiopia,AFRO,282,269782,9,4093
27-05-2021,ET,Ethiopia,AFRO,398,270180,15,4108
28-05-2021,ET,Ethiopia,AFRO,347,270527,19,4127
29-05-2021,ET,Ethiopia,AFRO,417,270944,12,4139
30-05-2021,ET,Ethiopia,AFRO,256,271200,4,4143
01-01-2021,FK,Falkland Islands (Malvinas),AMRO,0,29,0,0
02-01-2021,FK,Falkland Islands (Malvinas),AMRO,0,29,0,0
03-01-2021,FK,Falkland Islands (Malvinas),AMRO,0,29,0,0
04-01-2021,FK,Falkland Islands (Malvinas),AMRO,0,29,0,0
05-01-2021,FK,Falkland Islands (Malvinas),AMRO,0,29,0,0
06-01-2021,FK,Falkland Islands (Malvinas),AMRO,0,29,0,0
07-01-2021,FK,Falkland Islands (Malvinas),AMRO,0,29,0,0
08-01-2021,FK,Falkland Islands (Malvinas),AMRO,0,29,0,0
09-01-2021,FK,Falkland Islands (Malvinas),AMRO,0,29,0,0
10-01-2021,FK,Falkland Islands (Malvinas),AMRO,0,29,0,0
11-01-2021,FK,Falkland Islands (Malvinas),AMRO,0,29,0,0
12-01-2021,FK,Falkland Islands (Malvinas),AMRO,0,29,0,0
13-01-2021,FK,Falkland Islands (Malvinas),AMRO,3,32,0,0
14-01-2021,FK,Falkland Islands (Malvinas),AMRO,0,32,0,0
15-01-2021,FK,Falkland Islands (Malvinas),AMRO,0,32,0,0
16-01-2021,FK,Falkland Islands (Malvinas),AMRO,0,32,0,0
17-01-2021,FK,Falkland Islands (Malvinas),AMRO,0,32,0,0
18-01-2021,FK,Falkland Islands (Malvinas),AMRO,0,32,0,0
19-01-2021,FK,Falkland Islands (Malvinas),AMRO,0,32,0,0
20-01-2021,FK,Falkland Islands (Malvinas),AMRO,0,32,0,0
21-01-2021,FK,Falkland Islands (Malvinas),AMRO,0,32,0,0
22-01-2021,FK,Falkland Islands (Malvinas),AMRO,0,32,0,0
23-01-2021,FK,Falkland Islands (Malvinas),AMRO,2,34,0,0
24-01-2021,FK,Falkland Islands (Malvinas),AMRO,3,37,0,0
25-01-2021,FK,Falkland Islands (Malvinas),AMRO,0,37,0,0
26-01-2021,FK,Falkland Islands (Malvinas),AMRO,0,37,0,0
27-01-2021,FK,Falkland Islands (Malvinas),AMRO,0,37,0,0
28-01-2021,FK,Falkland Islands (Malvinas),AMRO,1,38,0,0
29-01-2021,FK,Falkland Islands (Malvinas),AMRO,0,38,0,0
30-01-2021,FK,Falkland Islands (Malvinas),AMRO,0,38,0,0
31-01-2021,FK,Falkland Islands (Malvinas),AMRO,2,40,0,0
01-02-2021,FK,Falkland Islands (Malvinas),AMRO,0,40,0,0
02-02-2021,FK,Falkland Islands (Malvinas),AMRO,0,40,0,0
03-02-2021,FK,Falkland Islands (Malvinas),AMRO,1,41,0,0
04-02-2021,FK,Falkland Islands (Malvinas),AMRO,0,41,0,0
05-02-2021,FK,Falkland Islands (Malvinas),AMRO,0,41,0,0
06-02-2021,FK,Falkland Islands (Malvinas),AMRO,3,44,0,0
07-02-2021,FK,Falkland Islands (Malvinas),AMRO,0,44,0,0
08-02-2021,FK,Falkland Islands (Malvinas),AMRO,4,48,0,0
09-02-2021,FK,Falkland Islands (Malvinas),AMRO,0,48,0,0
10-02-2021,FK,Falkland Islands (Malvinas),AMRO,1,49,0,0
11-02-2021,FK,Falkland Islands (Malvinas),AMRO,0,49,0,0
12-02-2021,FK,Falkland Islands (Malvinas),AMRO,0,49,0,0
13-02-2021,FK,Falkland Islands (Malvinas),AMRO,0,49,0,0
14-02-2021,FK,Falkland Islands (Malvinas),AMRO,0,49,0,0
15-02-2021,FK,Falkland Islands (Malvinas),AMRO,0,49,0,0
16-02-2021,FK,Falkland Islands (Malvinas),AMRO,0,49,0,0
17-02-2021,FK,Falkland Islands (Malvinas),AMRO,0,49,0,0
18-02-2021,FK,Falkland Islands (Malvinas),AMRO,0,49,0,0
19-02-2021,FK,Falkland Islands (Malvinas),AMRO,0,49,0,0
20-02-2021,FK,Falkland Islands (Malvinas),AMRO,0,49,0,0
21-02-2021,FK,Falkland Islands (Malvinas),AMRO,0,49,0,0
22-02-2021,FK,Falkland Islands (Malvinas),AMRO,0,49,0,0
23-02-2021,FK,Falkland Islands (Malvinas),AMRO,0,49,0,0
24-02-2021,FK,Falkland Islands (Malvinas),AMRO,0,49,0,0
25-02-2021,FK,Falkland Islands (Malvinas),AMRO,2,51,0,0
26-02-2021,FK,Falkland Islands (Malvinas),AMRO,0,51,0,0
27-02-2021,FK,Falkland Islands (Malvinas),AMRO,0,51,0,0
28-02-2021,FK,Falkland Islands (Malvinas),AMRO,0,51,0,0
01-03-2021,FK,Falkland Islands (Malvinas),AMRO,0,51,0,0
02-03-2021,FK,Falkland Islands (Malvinas),AMRO,0,51,0,0
03-03-2021,FK,Falkland Islands (Malvinas),AMRO,0,51,0,0
04-03-2021,FK,Falkland Islands (Malvinas),AMRO,0,51,0,0
05-03-2021,FK,Falkland Islands (Malvinas),AMRO,0,51,0,0
06-03-2021,FK,Falkland Islands (Malvinas),AMRO,0,51,0,0
07-03-2021,FK,Falkland Islands (Malvinas),AMRO,0,51,0,0
08-03-2021,FK,Falkland Islands (Malvinas),AMRO,0,51,0,0
09-03-2021,FK,Falkland Islands (Malvinas),AMRO,0,51,0,0
10-03-2021,FK,Falkland Islands (Malvinas),AMRO,0,51,0,0
11-03-2021,FK,Falkland Islands (Malvinas),AMRO,0,51,0,0
12-03-2021,FK,Falkland Islands (Malvinas),AMRO,0,51,0,0
13-03-2021,FK,Falkland Islands (Malvinas),AMRO,0,51,0,0
14-03-2021,FK,Falkland Islands (Malvinas),AMRO,0,51,0,0
15-03-2021,FK,Falkland Islands (Malvinas),AMRO,0,51,0,0
16-03-2021,FK,Falkland Islands (Malvinas),AMRO,0,51,0,0
17-03-2021,FK,Falkland Islands (Malvinas),AMRO,0,51,0,0
18-03-2021,FK,Falkland Islands (Malvinas),AMRO,0,51,0,0
19-03-2021,FK,Falkland Islands (Malvinas),AMRO,0,51,0,0
20-03-2021,FK,Falkland Islands (Malvinas),AMRO,0,51,0,0
21-03-2021,FK,Falkland Islands (Malvinas),AMRO,0,51,0,0
22-03-2021,FK,Falkland Islands (Malvinas),AMRO,0,51,0,0
23-03-2021,FK,Falkland Islands (Malvinas),AMRO,0,51,0,0
24-03-2021,FK,Falkland Islands (Malvinas),AMRO,0,51,0,0
25-03-2021,FK,Falkland Islands (Malvinas),AMRO,0,51,0,0
26-03-2021,FK,Falkland Islands (Malvinas),AMRO,0,51,0,0
27-03-2021,FK,Falkland Islands (Malvinas),AMRO,0,51,0,0
28-03-2021,FK,Falkland Islands (Malvinas),AMRO,0,51,0,0
29-03-2021,FK,Falkland Islands (Malvinas),AMRO,0,51,0,0
30-03-2021,FK,Falkland Islands (Malvinas),AMRO,0,51,0,0
31-03-2021,FK,Falkland Islands (Malvinas),AMRO,0,51,0,0
01-04-2021,FK,Falkland Islands (Malvinas),AMRO,0,51,0,0
02-04-2021,FK,Falkland Islands (Malvinas),AMRO,0,51,0,0
03-04-2021,FK,Falkland Islands (Malvinas),AMRO,1,52,0,0
04-04-2021,FK,Falkland Islands (Malvinas),AMRO,0,52,0,0
05-04-2021,FK,Falkland Islands (Malvinas),AMRO,0,52,0,0
06-04-2021,FK,Falkland Islands (Malvinas),AMRO,0,52,0,0
07-04-2021,FK,Falkland Islands (Malvinas),AMRO,0,52,0,0
08-04-2021,FK,Falkland Islands (Malvinas),AMRO,0,52,0,0
09-04-2021,FK,Falkland Islands (Malvinas),AMRO,0,52,0,0
10-04-2021,FK,Falkland Islands (Malvinas),AMRO,8,60,0,0
11-04-2021,FK,Falkland Islands (Malvinas),AMRO,0,60,0,0
12-04-2021,FK,Falkland Islands (Malvinas),AMRO,0,60,0,0
13-04-2021,FK,Falkland Islands (Malvinas),AMRO,0,60,0,0
14-04-2021,FK,Falkland Islands (Malvinas),AMRO,0,60,0,0
15-04-2021,FK,Falkland Islands (Malvinas),AMRO,2,62,0,0
16-04-2021,FK,Falkland Islands (Malvinas),AMRO,0,62,0,0
17-04-2021,FK,Falkland Islands (Malvinas),AMRO,0,62,0,0
18-04-2021,FK,Falkland Islands (Malvinas),AMRO,0,62,0,0
19-04-2021,FK,Falkland Islands (Malvinas),AMRO,0,62,0,0
20-04-2021,FK,Falkland Islands (Malvinas),AMRO,0,62,0,0
21-04-2021,FK,Falkland Islands (Malvinas),AMRO,0,62,0,0
22-04-2021,FK,Falkland Islands (Malvinas),AMRO,0,62,0,0
23-04-2021,FK,Falkland Islands (Malvinas),AMRO,1,63,0,0
24-04-2021,FK,Falkland Islands (Malvinas),AMRO,0,63,0,0
25-04-2021,FK,Falkland Islands (Malvinas),AMRO,0,63,0,0
26-04-2021,FK,Falkland Islands (Malvinas),AMRO,0,63,0,0
27-04-2021,FK,Falkland Islands (Malvinas),AMRO,0,63,0,0
28-04-2021,FK,Falkland Islands (Malvinas),AMRO,0,63,0,0
29-04-2021,FK,Falkland Islands (Malvinas),AMRO,0,63,0,0
30-04-2021,FK,Falkland Islands (Malvinas),AMRO,0,63,0,0
01-05-2021,FK,Falkland Islands (Malvinas),AMRO,0,63,0,0
02-05-2021,FK,Falkland Islands (Malvinas),AMRO,0,63,0,0
03-05-2021,FK,Falkland Islands (Malvinas),AMRO,0,63,0,0
04-05-2021,FK,Falkland Islands (Malvinas),AMRO,0,63,0,0
05-05-2021,FK,Falkland Islands (Malvinas),AMRO,0,63,0,0
06-05-2021,FK,Falkland Islands (Malvinas),AMRO,0,63,0,0
07-05-2021,FK,Falkland Islands (Malvinas),AMRO,0,63,0,0
08-05-2021,FK,Falkland Islands (Malvinas),AMRO,0,63,0,0
09-05-2021,FK,Falkland Islands (Malvinas),AMRO,0,63,0,0
10-05-2021,FK,Falkland Islands (Malvinas),AMRO,0,63,0,0
11-05-2021,FK,Falkland Islands (Malvinas),AMRO,0,63,0,0
12-05-2021,FK,Falkland Islands (Malvinas),AMRO,0,63,0,0
13-05-2021,FK,Falkland Islands (Malvinas),AMRO,0,63,0,0
14-05-2021,FK,Falkland Islands (Malvinas),AMRO,0,63,0,0
15-05-2021,FK,Falkland Islands (Malvinas),AMRO,0,63,0,0
16-05-2021,FK,Falkland Islands (Malvinas),AMRO,0,63,0,0
17-05-2021,FK,Falkland Islands (Malvinas),AMRO,0,63,0,0
18-05-2021,FK,Falkland Islands (Malvinas),AMRO,0,63,0,0
19-05-2021,FK,Falkland Islands (Malvinas),AMRO,0,63,0,0
20-05-2021,FK,Falkland Islands (Malvinas),AMRO,0,63,0,0
21-05-2021,FK,Falkland Islands (Malvinas),AMRO,0,63,0,0
22-05-2021,FK,Falkland Islands (Malvinas),AMRO,0,63,0,0
23-05-2021,FK,Falkland Islands (Malvinas),AMRO,0,63,0,0
24-05-2021,FK,Falkland Islands (Malvinas),AMRO,0,63,0,0
25-05-2021,FK,Falkland Islands (Malvinas),AMRO,0,63,0,0
26-05-2021,FK,Falkland Islands (Malvinas),AMRO,0,63,0,0
27-05-2021,FK,Falkland Islands (Malvinas),AMRO,0,63,0,0
28-05-2021,FK,Falkland Islands (Malvinas),AMRO,0,63,0,0
29-05-2021,FK,Falkland Islands (Malvinas),AMRO,0,63,0,0
30-05-2021,FK,Falkland Islands (Malvinas),AMRO,0,63,0,0
01-01-2021,FO,Faroe Islands,EURO,5,610,0,0
02-01-2021,FO,Faroe Islands,EURO,0,610,0,0
03-01-2021,FO,Faroe Islands,EURO,4,614,0,0
04-01-2021,FO,Faroe Islands,EURO,6,620,0,0
05-01-2021,FO,Faroe Islands,EURO,2,622,0,0
06-01-2021,FO,Faroe Islands,EURO,4,626,0,0
07-01-2021,FO,Faroe Islands,EURO,14,640,1,1
08-01-2021,FO,Faroe Islands,EURO,3,643,0,1
09-01-2021,FO,Faroe Islands,EURO,1,644,0,1
10-01-2021,FO,Faroe Islands,EURO,2,646,0,1
11-01-2021,FO,Faroe Islands,EURO,0,646,0,1
12-01-2021,FO,Faroe Islands,EURO,0,646,0,1
13-01-2021,FO,Faroe Islands,EURO,0,646,0,1
14-01-2021,FO,Faroe Islands,EURO,1,647,0,1
15-01-2021,FO,Faroe Islands,EURO,0,647,0,1
16-01-2021,FO,Faroe Islands,EURO,1,648,0,1
17-01-2021,FO,Faroe Islands,EURO,1,649,0,1
18-01-2021,FO,Faroe Islands,EURO,0,649,0,1
19-01-2021,FO,Faroe Islands,EURO,0,649,0,1
20-01-2021,FO,Faroe Islands,EURO,1,650,0,1
21-01-2021,FO,Faroe Islands,EURO,2,652,0,1
22-01-2021,FO,Faroe Islands,EURO,0,652,0,1
23-01-2021,FO,Faroe Islands,EURO,0,652,0,1
24-01-2021,FO,Faroe Islands,EURO,0,652,0,1
25-01-2021,FO,Faroe Islands,EURO,0,652,0,1
26-01-2021,FO,Faroe Islands,EURO,0,652,0,1
27-01-2021,FO,Faroe Islands,EURO,2,654,0,1
28-01-2021,FO,Faroe Islands,EURO,0,654,0,1
29-01-2021,FO,Faroe Islands,EURO,0,654,0,1
30-01-2021,FO,Faroe Islands,EURO,0,654,0,1
31-01-2021,FO,Faroe Islands,EURO,0,654,0,1
01-02-2021,FO,Faroe Islands,EURO,0,654,0,1
02-02-2021,FO,Faroe Islands,EURO,0,654,0,1
03-02-2021,FO,Faroe Islands,EURO,0,654,0,1
04-02-2021,FO,Faroe Islands,EURO,0,654,0,1
05-02-2021,FO,Faroe Islands,EURO,1,655,0,1
06-02-2021,FO,Faroe Islands,EURO,0,655,0,1
07-02-2021,FO,Faroe Islands,EURO,0,655,0,1
08-02-2021,FO,Faroe Islands,EURO,1,656,0,1
09-02-2021,FO,Faroe Islands,EURO,0,656,0,1
10-02-2021,FO,Faroe Islands,EURO,1,657,0,1
11-02-2021,FO,Faroe Islands,EURO,0,657,0,1
12-02-2021,FO,Faroe Islands,EURO,0,657,0,1
13-02-2021,FO,Faroe Islands,EURO,0,657,0,1
14-02-2021,FO,Faroe Islands,EURO,0,657,0,1
15-02-2021,FO,Faroe Islands,EURO,0,657,0,1
16-02-2021,FO,Faroe Islands,EURO,0,657,0,1
17-02-2021,FO,Faroe Islands,EURO,1,658,0,1
18-02-2021,FO,Faroe Islands,EURO,0,658,0,1
19-02-2021,FO,Faroe Islands,EURO,0,658,0,1
20-02-2021,FO,Faroe Islands,EURO,0,658,0,1
21-02-2021,FO,Faroe Islands,EURO,0,658,0,1
22-02-2021,FO,Faroe Islands,EURO,0,658,0,1
23-02-2021,FO,Faroe Islands,EURO,0,658,0,1
24-02-2021,FO,Faroe Islands,EURO,0,658,0,1
25-02-2021,FO,Faroe Islands,EURO,0,658,0,1
26-02-2021,FO,Faroe Islands,EURO,0,658,0,1
27-02-2021,FO,Faroe Islands,EURO,0,658,0,1
28-02-2021,FO,Faroe Islands,EURO,0,658,0,1
01-03-2021,FO,Faroe Islands,EURO,0,658,0,1
02-03-2021,FO,Faroe Islands,EURO,0,658,0,1
03-03-2021,FO,Faroe Islands,EURO,0,658,0,1
04-03-2021,FO,Faroe Islands,EURO,0,658,0,1
05-03-2021,FO,Faroe Islands,EURO,0,658,0,1
06-03-2021,FO,Faroe Islands,EURO,0,658,0,1
07-03-2021,FO,Faroe Islands,EURO,0,658,0,1
08-03-2021,FO,Faroe Islands,EURO,2,660,0,1
09-03-2021,FO,Faroe Islands,EURO,0,660,0,1
10-03-2021,FO,Faroe Islands,EURO,0,660,0,1
11-03-2021,FO,Faroe Islands,EURO,0,660,0,1
12-03-2021,FO,Faroe Islands,EURO,0,660,0,1
13-03-2021,FO,Faroe Islands,EURO,0,660,0,1
14-03-2021,FO,Faroe Islands,EURO,1,661,0,1
15-03-2021,FO,Faroe Islands,EURO,0,661,0,1
16-03-2021,FO,Faroe Islands,EURO,0,661,0,1
17-03-2021,FO,Faroe Islands,EURO,0,661,0,1
18-03-2021,FO,Faroe Islands,EURO,0,661,0,1
19-03-2021,FO,Faroe Islands,EURO,0,661,0,1
20-03-2021,FO,Faroe Islands,EURO,0,661,0,1
21-03-2021,FO,Faroe Islands,EURO,0,661,0,1
22-03-2021,FO,Faroe Islands,EURO,0,661,0,1
23-03-2021,FO,Faroe Islands,EURO,0,661,0,1
24-03-2021,FO,Faroe Islands,EURO,0,661,0,1
25-03-2021,FO,Faroe Islands,EURO,0,661,0,1
26-03-2021,FO,Faroe Islands,EURO,0,661,0,1
27-03-2021,FO,Faroe Islands,EURO,0,661,0,1
28-03-2021,FO,Faroe Islands,EURO,0,661,0,1
29-03-2021,FO,Faroe Islands,EURO,0,661,0,1
30-03-2021,FO,Faroe Islands,EURO,0,661,0,1
31-03-2021,FO,Faroe Islands,EURO,0,661,0,1
01-04-2021,FO,Faroe Islands,EURO,0,661,0,1
02-04-2021,FO,Faroe Islands,EURO,0,661,0,1
03-04-2021,FO,Faroe Islands,EURO,0,661,0,1
04-04-2021,FO,Faroe Islands,EURO,0,661,0,1
05-04-2021,FO,Faroe Islands,EURO,0,661,0,1
06-04-2021,FO,Faroe Islands,EURO,0,661,0,1
07-04-2021,FO,Faroe Islands,EURO,0,661,0,1
08-04-2021,FO,Faroe Islands,EURO,0,661,0,1
09-04-2021,FO,Faroe Islands,EURO,0,661,0,1
10-04-2021,FO,Faroe Islands,EURO,0,661,0,1
11-04-2021,FO,Faroe Islands,EURO,0,661,0,1
12-04-2021,FO,Faroe Islands,EURO,0,661,0,1
13-04-2021,FO,Faroe Islands,EURO,0,661,0,1
14-04-2021,FO,Faroe Islands,EURO,0,661,0,1
15-04-2021,FO,Faroe Islands,EURO,1,662,0,1
16-04-2021,FO,Faroe Islands,EURO,0,662,0,1
17-04-2021,FO,Faroe Islands,EURO,0,662,0,1
18-04-2021,FO,Faroe Islands,EURO,0,662,0,1
19-04-2021,FO,Faroe Islands,EURO,0,662,0,1
20-04-2021,FO,Faroe Islands,EURO,1,663,0,1
21-04-2021,FO,Faroe Islands,EURO,0,663,0,1
22-04-2021,FO,Faroe Islands,EURO,0,663,0,1
23-04-2021,FO,Faroe Islands,EURO,0,663,0,1
24-04-2021,FO,Faroe Islands,EURO,0,663,0,1
25-04-2021,FO,Faroe Islands,EURO,0,663,0,1
26-04-2021,FO,Faroe Islands,EURO,0,663,0,1
27-04-2021,FO,Faroe Islands,EURO,0,663,0,1
28-04-2021,FO,Faroe Islands,EURO,0,663,0,1
29-04-2021,FO,Faroe Islands,EURO,0,663,0,1
30-04-2021,FO,Faroe Islands,EURO,0,663,0,1
01-05-2021,FO,Faroe Islands,EURO,1,664,0,1
02-05-2021,FO,Faroe Islands,EURO,0,664,0,1
03-05-2021,FO,Faroe Islands,EURO,0,664,0,1
04-05-2021,FO,Faroe Islands,EURO,0,664,0,1
05-05-2021,FO,Faroe Islands,EURO,4,668,0,1
06-05-2021,FO,Faroe Islands,EURO,0,668,0,1
07-05-2021,FO,Faroe Islands,EURO,0,668,0,1
08-05-2021,FO,Faroe Islands,EURO,0,668,0,1
09-05-2021,FO,Faroe Islands,EURO,0,668,0,1
10-05-2021,FO,Faroe Islands,EURO,0,668,0,1
11-05-2021,FO,Faroe Islands,EURO,0,668,0,1
12-05-2021,FO,Faroe Islands,EURO,1,669,0,1
13-05-2021,FO,Faroe Islands,EURO,0,669,0,1
14-05-2021,FO,Faroe Islands,EURO,0,669,0,1
15-05-2021,FO,Faroe Islands,EURO,0,669,0,1
16-05-2021,FO,Faroe Islands,EURO,1,670,0,1
17-05-2021,FO,Faroe Islands,EURO,0,670,0,1
18-05-2021,FO,Faroe Islands,EURO,0,670,0,1
19-05-2021,FO,Faroe Islands,EURO,0,670,0,1
20-05-2021,FO,Faroe Islands,EURO,0,670,0,1
21-05-2021,FO,Faroe Islands,EURO,1,671,0,1
22-05-2021,FO,Faroe Islands,EURO,0,671,0,1
23-05-2021,FO,Faroe Islands,EURO,5,676,0,1
24-05-2021,FO,Faroe Islands,EURO,16,692,0,1
25-05-2021,FO,Faroe Islands,EURO,2,694,0,1
26-05-2021,FO,Faroe Islands,EURO,0,694,0,1
27-05-2021,FO,Faroe Islands,EURO,3,697,0,1
28-05-2021,FO,Faroe Islands,EURO,10,707,0,1
29-05-2021,FO,Faroe Islands,EURO,0,707,0,1
30-05-2021,FO,Faroe Islands,EURO,5,712,0,1
01-01-2021,FJ,Fiji,WPRO,0,49,0,2
02-01-2021,FJ,Fiji,WPRO,0,49,0,2
03-01-2021,FJ,Fiji,WPRO,0,49,0,2
04-01-2021,FJ,Fiji,WPRO,0,49,0,2
05-01-2021,FJ,Fiji,WPRO,0,49,0,2
06-01-2021,FJ,Fiji,WPRO,0,49,0,2
07-01-2021,FJ,Fiji,WPRO,4,53,0,2
08-01-2021,FJ,Fiji,WPRO,0,53,0,2
09-01-2021,FJ,Fiji,WPRO,0,53,0,2
10-01-2021,FJ,Fiji,WPRO,0,53,0,2
11-01-2021,FJ,Fiji,WPRO,0,53,0,2
12-01-2021,FJ,Fiji,WPRO,0,53,0,2
13-01-2021,FJ,Fiji,WPRO,0,53,0,2
14-01-2021,FJ,Fiji,WPRO,0,53,0,2
15-01-2021,FJ,Fiji,WPRO,0,53,0,2
16-01-2021,FJ,Fiji,WPRO,0,53,0,2
17-01-2021,FJ,Fiji,WPRO,2,55,0,2
18-01-2021,FJ,Fiji,WPRO,0,55,0,2
19-01-2021,FJ,Fiji,WPRO,0,55,0,2
20-01-2021,FJ,Fiji,WPRO,0,55,0,2
21-01-2021,FJ,Fiji,WPRO,0,55,0,2
22-01-2021,FJ,Fiji,WPRO,0,55,0,2
23-01-2021,FJ,Fiji,WPRO,0,55,0,2
24-01-2021,FJ,Fiji,WPRO,0,55,0,2
25-01-2021,FJ,Fiji,WPRO,0,55,0,2
26-01-2021,FJ,Fiji,WPRO,0,55,0,2
27-01-2021,FJ,Fiji,WPRO,0,55,0,2
28-01-2021,FJ,Fiji,WPRO,0,55,0,2
29-01-2021,FJ,Fiji,WPRO,0,55,0,2
30-01-2021,FJ,Fiji,WPRO,0,55,0,2
31-01-2021,FJ,Fiji,WPRO,0,55,0,2
01-02-2021,FJ,Fiji,WPRO,0,55,0,2
02-02-2021,FJ,Fiji,WPRO,0,55,0,2
03-02-2021,FJ,Fiji,WPRO,0,55,0,2
04-02-2021,FJ,Fiji,WPRO,1,56,0,2
05-02-2021,FJ,Fiji,WPRO,0,56,0,2
06-02-2021,FJ,Fiji,WPRO,0,56,0,2
07-02-2021,FJ,Fiji,WPRO,0,56,0,2
08-02-2021,FJ,Fiji,WPRO,0,56,0,2
09-02-2021,FJ,Fiji,WPRO,0,56,0,2
10-02-2021,FJ,Fiji,WPRO,0,56,0,2
11-02-2021,FJ,Fiji,WPRO,0,56,0,2
12-02-2021,FJ,Fiji,WPRO,0,56,0,2
13-02-2021,FJ,Fiji,WPRO,0,56,0,2
14-02-2021,FJ,Fiji,WPRO,0,56,0,2
15-02-2021,FJ,Fiji,WPRO,0,56,0,2
16-02-2021,FJ,Fiji,WPRO,0,56,0,2
17-02-2021,FJ,Fiji,WPRO,0,56,0,2
18-02-2021,FJ,Fiji,WPRO,0,56,0,2
19-02-2021,FJ,Fiji,WPRO,0,56,0,2
20-02-2021,FJ,Fiji,WPRO,0,56,0,2
21-02-2021,FJ,Fiji,WPRO,0,56,0,2
22-02-2021,FJ,Fiji,WPRO,0,56,0,2
23-02-2021,FJ,Fiji,WPRO,0,56,0,2
24-02-2021,FJ,Fiji,WPRO,0,56,0,2
25-02-2021,FJ,Fiji,WPRO,1,57,0,2
26-02-2021,FJ,Fiji,WPRO,0,57,0,2
27-02-2021,FJ,Fiji,WPRO,2,59,0,2
28-02-2021,FJ,Fiji,WPRO,0,59,0,2
01-03-2021,FJ,Fiji,WPRO,0,59,0,2
02-03-2021,FJ,Fiji,WPRO,0,59,0,2
03-03-2021,FJ,Fiji,WPRO,0,59,0,2
04-03-2021,FJ,Fiji,WPRO,4,63,0,2
05-03-2021,FJ,Fiji,WPRO,0,63,0,2
06-03-2021,FJ,Fiji,WPRO,0,63,0,2
07-03-2021,FJ,Fiji,WPRO,0,63,0,2
08-03-2021,FJ,Fiji,WPRO,0,63,0,2
09-03-2021,FJ,Fiji,WPRO,3,66,0,2
10-03-2021,FJ,Fiji,WPRO,0,66,0,2
11-03-2021,FJ,Fiji,WPRO,0,66,0,2
12-03-2021,FJ,Fiji,WPRO,0,66,0,2
13-03-2021,FJ,Fiji,WPRO,0,66,0,2
14-03-2021,FJ,Fiji,WPRO,0,66,0,2
15-03-2021,FJ,Fiji,WPRO,0,66,0,2
16-03-2021,FJ,Fiji,WPRO,0,66,0,2
17-03-2021,FJ,Fiji,WPRO,0,66,0,2
18-03-2021,FJ,Fiji,WPRO,0,66,0,2
19-03-2021,FJ,Fiji,WPRO,0,66,0,2
20-03-2021,FJ,Fiji,WPRO,1,67,0,2
21-03-2021,FJ,Fiji,WPRO,0,67,0,2
22-03-2021,FJ,Fiji,WPRO,0,67,0,2
23-03-2021,FJ,Fiji,WPRO,0,67,0,2
24-03-2021,FJ,Fiji,WPRO,0,67,0,2
25-03-2021,FJ,Fiji,WPRO,0,67,0,2
26-03-2021,FJ,Fiji,WPRO,0,67,0,2
27-03-2021,FJ,Fiji,WPRO,0,67,0,2
28-03-2021,FJ,Fiji,WPRO,0,67,0,2
29-03-2021,FJ,Fiji,WPRO,0,67,0,2
30-03-2021,FJ,Fiji,WPRO,0,67,0,2
31-03-2021,FJ,Fiji,WPRO,0,67,0,2
01-04-2021,FJ,Fiji,WPRO,0,67,0,2
02-04-2021,FJ,Fiji,WPRO,0,67,0,2
03-04-2021,FJ,Fiji,WPRO,0,67,0,2
04-04-2021,FJ,Fiji,WPRO,0,67,0,2
05-04-2021,FJ,Fiji,WPRO,0,67,0,2
06-04-2021,FJ,Fiji,WPRO,0,67,0,2
07-04-2021,FJ,Fiji,WPRO,0,67,0,2
08-04-2021,FJ,Fiji,WPRO,0,67,0,2
09-04-2021,FJ,Fiji,WPRO,0,67,0,2
10-04-2021,FJ,Fiji,WPRO,1,68,0,2
11-04-2021,FJ,Fiji,WPRO,0,68,0,2
12-04-2021,FJ,Fiji,WPRO,0,68,0,2
13-04-2021,FJ,Fiji,WPRO,0,68,0,2
14-04-2021,FJ,Fiji,WPRO,0,68,0,2
15-04-2021,FJ,Fiji,WPRO,0,68,0,2
16-04-2021,FJ,Fiji,WPRO,0,68,0,2
17-04-2021,FJ,Fiji,WPRO,0,68,0,2
18-04-2021,FJ,Fiji,WPRO,4,72,0,2
19-04-2021,FJ,Fiji,WPRO,2,74,0,2
20-04-2021,FJ,Fiji,WPRO,0,74,0,2
21-04-2021,FJ,Fiji,WPRO,3,77,0,2
22-04-2021,FJ,Fiji,WPRO,1,78,0,2
23-04-2021,FJ,Fiji,WPRO,8,86,0,2
24-04-2021,FJ,Fiji,WPRO,0,86,0,2
25-04-2021,FJ,Fiji,WPRO,1,87,0,2
26-04-2021,FJ,Fiji,WPRO,4,91,0,2
27-04-2021,FJ,Fiji,WPRO,12,103,0,2
28-04-2021,FJ,Fiji,WPRO,6,109,0,2
29-04-2021,FJ,Fiji,WPRO,2,111,0,2
30-04-2021,FJ,Fiji,WPRO,5,116,0,2
01-05-2021,FJ,Fiji,WPRO,1,117,0,2
02-05-2021,FJ,Fiji,WPRO,2,119,0,2
03-05-2021,FJ,Fiji,WPRO,0,119,0,2
04-05-2021,FJ,Fiji,WPRO,2,121,0,2
05-05-2021,FJ,Fiji,WPRO,0,121,0,2
06-05-2021,FJ,Fiji,WPRO,4,125,0,2
07-05-2021,FJ,Fiji,WPRO,4,129,1,3
08-05-2021,FJ,Fiji,WPRO,7,136,0,3
09-05-2021,FJ,Fiji,WPRO,0,136,0,3
10-05-2021,FJ,Fiji,WPRO,3,139,0,3
11-05-2021,FJ,Fiji,WPRO,1,140,0,3
12-05-2021,FJ,Fiji,WPRO,12,152,0,3
13-05-2021,FJ,Fiji,WPRO,9,161,0,3
14-05-2021,FJ,Fiji,WPRO,4,165,1,4
15-05-2021,FJ,Fiji,WPRO,1,166,0,4
16-05-2021,FJ,Fiji,WPRO,2,168,0,4
17-05-2021,FJ,Fiji,WPRO,4,172,0,4
18-05-2021,FJ,Fiji,WPRO,2,174,0,4
19-05-2021,FJ,Fiji,WPRO,4,178,0,4
20-05-2021,FJ,Fiji,WPRO,11,189,0,4
21-05-2021,FJ,Fiji,WPRO,1,190,0,4
22-05-2021,FJ,Fiji,WPRO,5,195,0,4
23-05-2021,FJ,Fiji,WPRO,11,206,0,4
24-05-2021,FJ,Fiji,WPRO,24,230,0,4
25-05-2021,FJ,Fiji,WPRO,8,238,0,4
26-05-2021,FJ,Fiji,WPRO,21,259,0,4
27-05-2021,FJ,Fiji,WPRO,27,286,0,4
28-05-2021,FJ,Fiji,WPRO,28,314,0,4
29-05-2021,FJ,Fiji,WPRO,46,360,0,4
30-05-2021,FJ,Fiji,WPRO,0,360,0,4
01-01-2021,FI,Finland,EURO,249,36107,5,561
02-01-2021,FI,Finland,EURO,296,36403,0,561
03-01-2021,FI,Finland,EURO,201,36604,0,561
04-01-2021,FI,Finland,EURO,168,36772,0,561
05-01-2021,FI,Finland,EURO,147,36919,4,565
06-01-2021,FI,Finland,EURO,299,37218,11,576
07-01-2021,FI,Finland,EURO,331,37549,0,576
08-01-2021,FI,Finland,EURO,223,37772,8,584
09-01-2021,FI,Finland,EURO,296,38068,2,586
10-01-2021,FI,Finland,EURO,324,38392,0,586
11-01-2021,FI,Finland,EURO,198,38590,0,586
12-01-2021,FI,Finland,EURO,200,38790,11,597
13-01-2021,FI,Finland,EURO,221,39011,5,602
14-01-2021,FI,Finland,EURO,324,39335,8,610
15-01-2021,FI,Finland,EURO,258,39593,6,616
16-01-2021,FI,Finland,EURO,318,39911,2,618
17-01-2021,FI,Finland,EURO,190,40101,0,618
18-01-2021,FI,Finland,EURO,236,40337,0,618
19-01-2021,FI,Finland,EURO,168,40505,3,621
20-01-2021,FI,Finland,EURO,217,40722,12,633
21-01-2021,FI,Finland,EURO,444,41166,0,633
22-01-2021,FI,Finland,EURO,399,41565,5,638
23-01-2021,FI,Finland,EURO,350,41915,6,644
24-01-2021,FI,Finland,EURO,419,42334,4,648
25-01-2021,FI,Finland,EURO,246,42580,4,652
26-01-2021,FI,Finland,EURO,192,42772,3,655
27-01-2021,FI,Finland,EURO,348,43120,0,655
28-01-2021,FI,Finland,EURO,496,43616,5,660
29-01-2021,FI,Finland,EURO,423,44039,4,664
30-01-2021,FI,Finland,EURO,363,44402,7,671
31-01-2021,FI,Finland,EURO,469,44871,0,671
01-02-2021,FI,Finland,EURO,367,45238,0,671
02-02-2021,FI,Finland,EURO,244,45482,6,677
03-02-2021,FI,Finland,EURO,302,45784,7,684
04-02-2021,FI,Finland,EURO,265,46049,1,685
05-02-2021,FI,Finland,EURO,444,46493,3,688
06-02-2021,FI,Finland,EURO,401,46894,4,692
07-02-2021,FI,Finland,EURO,368,47262,3,695
08-02-2021,FI,Finland,EURO,354,47616,3,698
09-02-2021,FI,Finland,EURO,353,47969,3,701
10-02-2021,FI,Finland,EURO,438,48407,2,703
11-02-2021,FI,Finland,EURO,400,48807,3,706
12-02-2021,FI,Finland,EURO,358,49165,2,708
13-02-2021,FI,Finland,EURO,407,49572,2,710
14-02-2021,FI,Finland,EURO,435,50007,0,710
15-02-2021,FI,Finland,EURO,312,50319,0,710
16-02-2021,FI,Finland,EURO,343,50662,6,716
17-02-2021,FI,Finland,EURO,385,51047,4,720
18-02-2021,FI,Finland,EURO,548,51595,3,723
19-02-2021,FI,Finland,EURO,614,52209,2,725
20-02-2021,FI,Finland,EURO,444,52653,1,726
21-02-2021,FI,Finland,EURO,632,53285,0,726
22-02-2021,FI,Finland,EURO,457,53742,0,726
23-02-2021,FI,Finland,EURO,390,54132,7,733
24-02-2021,FI,Finland,EURO,400,54532,1,734
25-02-2021,FI,Finland,EURO,590,55122,3,737
26-02-2021,FI,Finland,EURO,565,55687,3,740
27-02-2021,FI,Finland,EURO,720,56407,2,742
28-02-2021,FI,Finland,EURO,0,56407,0,742
01-03-2021,FI,Finland,EURO,1657,58064,0,742
02-03-2021,FI,Finland,EURO,581,58645,13,755
03-03-2021,FI,Finland,EURO,797,59442,4,759
04-03-2021,FI,Finland,EURO,758,60200,5,764
05-03-2021,FI,Finland,EURO,704,60904,3,767
06-03-2021,FI,Finland,EURO,648,61552,0,767
07-03-2021,FI,Finland,EURO,511,62063,0,767
08-03-2021,FI,Finland,EURO,459,62522,7,774
09-03-2021,FI,Finland,EURO,588,63110,2,776
10-03-2021,FI,Finland,EURO,779,63889,3,779
11-03-2021,FI,Finland,EURO,0,63889,0,779
12-03-2021,FI,Finland,EURO,720,64609,4,783
13-03-2021,FI,Finland,EURO,706,65315,3,786
14-03-2021,FI,Finland,EURO,691,66006,0,786
15-03-2021,FI,Finland,EURO,863,66869,0,786
16-03-2021,FI,Finland,EURO,465,67334,14,800
17-03-2021,FI,Finland,EURO,517,67851,1,801
18-03-2021,FI,Finland,EURO,842,68693,3,804
19-03-2021,FI,Finland,EURO,804,69497,1,805
20-03-2021,FI,Finland,EURO,770,70267,0,805
21-03-2021,FI,Finland,EURO,856,71123,0,805
22-03-2021,FI,Finland,EURO,520,71643,0,805
23-03-2021,FI,Finland,EURO,430,72073,3,808
24-03-2021,FI,Finland,EURO,640,72713,1,809
25-03-2021,FI,Finland,EURO,803,73516,2,811
26-03-2021,FI,Finland,EURO,726,74242,4,815
27-03-2021,FI,Finland,EURO,512,74754,2,817
28-03-2021,FI,Finland,EURO,791,75545,0,817
29-03-2021,FI,Finland,EURO,458,76003,0,817
30-03-2021,FI,Finland,EURO,422,76425,5,822
31-03-2021,FI,Finland,EURO,420,76845,4,826
01-04-2021,FI,Finland,EURO,607,77452,18,844
02-04-2021,FI,Finland,EURO,654,78106,2,846
03-04-2021,FI,Finland,EURO,566,78672,0,846
04-04-2021,FI,Finland,EURO,422,79094,0,846
05-04-2021,FI,Finland,EURO,302,79396,0,846
06-04-2021,FI,Finland,EURO,341,79737,0,846
07-04-2021,FI,Finland,EURO,331,80068,14,860
08-04-2021,FI,Finland,EURO,348,80416,2,862
09-04-2021,FI,Finland,EURO,426,80842,4,866
10-04-2021,FI,Finland,EURO,419,81261,2,868
11-04-2021,FI,Finland,EURO,446,81707,0,868
12-04-2021,FI,Finland,EURO,346,82053,0,868
13-04-2021,FI,Finland,EURO,225,82278,6,874
14-04-2021,FI,Finland,EURO,286,82564,3,877
15-04-2021,FI,Finland,EURO,400,82964,4,881
16-04-2021,FI,Finland,EURO,289,83253,4,885
17-04-2021,FI,Finland,EURO,380,83633,2,887
18-04-2021,FI,Finland,EURO,0,83633,0,887
19-04-2021,FI,Finland,EURO,498,84131,0,887
20-04-2021,FI,Finland,EURO,156,84287,4,891
21-04-2021,FI,Finland,EURO,214,84501,2,893
22-04-2021,FI,Finland,EURO,296,84797,6,899
23-04-2021,FI,Finland,EURO,280,85077,3,902
24-04-2021,FI,Finland,EURO,263,85340,1,903
25-04-2021,FI,Finland,EURO,4,85344,0,903
26-04-2021,FI,Finland,EURO,460,85804,0,903
27-04-2021,FI,Finland,EURO,133,85937,3,906
28-04-2021,FI,Finland,EURO,224,86161,2,908
29-04-2021,FI,Finland,EURO,244,86405,3,911
30-04-2021,FI,Finland,EURO,208,86613,2,913
01-05-2021,FI,Finland,EURO,195,86808,1,914
02-05-2021,FI,Finland,EURO,288,87096,0,914
03-05-2021,FI,Finland,EURO,132,87228,0,914
04-05-2021,FI,Finland,EURO,117,87345,1,915
05-05-2021,FI,Finland,EURO,184,87529,1,916
06-05-2021,FI,Finland,EURO,269,87798,2,918
07-05-2021,FI,Finland,EURO,280,88078,1,919
08-05-2021,FI,Finland,EURO,254,88332,3,922
09-05-2021,FI,Finland,EURO,229,88561,0,922
10-05-2021,FI,Finland,EURO,162,88723,0,922
11-05-2021,FI,Finland,EURO,143,88866,2,924
12-05-2021,FI,Finland,EURO,124,88990,3,927
13-05-2021,FI,Finland,EURO,280,89270,2,929
14-05-2021,FI,Finland,EURO,262,89532,0,929
15-05-2021,FI,Finland,EURO,154,89686,0,929
16-05-2021,FI,Finland,EURO,192,89878,0,929
17-05-2021,FI,Finland,EURO,227,90105,0,929
18-05-2021,FI,Finland,EURO,0,90105,0,929
19-05-2021,FI,Finland,EURO,293,90398,0,929
20-05-2021,FI,Finland,EURO,289,90687,0,929
21-05-2021,FI,Finland,EURO,259,90946,0,929
22-05-2021,FI,Finland,EURO,211,91157,3,932
23-05-2021,FI,Finland,EURO,248,91405,0,932
24-05-2021,FI,Finland,EURO,121,91526,0,932
25-05-2021,FI,Finland,EURO,93,91619,7,939
26-05-2021,FI,Finland,EURO,125,91744,3,942
27-05-2021,FI,Finland,EURO,220,91964,4,946
28-05-2021,FI,Finland,EURO,98,92062,0,946
29-05-2021,FI,Finland,EURO,182,92244,2,948
30-05-2021,FI,Finland,EURO,0,92244,0,948
01-01-2021,FR,France,EURO,13186,2578158,250,64254
02-01-2021,FR,France,EURO,2711,2580869,133,64387
03-01-2021,FR,France,EURO,27817,2608686,156,64543
04-01-2021,FR,France,EURO,22099,2630785,116,64659
05-01-2021,FR,France,EURO,19026,2649811,376,65035
06-01-2021,FR,France,EURO,18634,2668445,867,65902
07-01-2021,FR,France,EURO,19211,2687656,282,66184
08-01-2021,FR,France,EURO,10728,2698384,276,66460
09-01-2021,FR,France,EURO,2167,2700551,589,67049
10-01-2021,FR,France,EURO,25931,2726482,168,67217
11-01-2021,FR,France,EURO,20189,2746671,151,67368
12-01-2021,FR,France,EURO,19408,2766079,689,68057
13-01-2021,FR,France,EURO,19807,2785886,362,68419
14-01-2021,FR,France,EURO,20698,2806584,229,68648
15-01-2021,FR,France,EURO,11335,2817919,280,68928
16-01-2021,FR,France,EURO,2682,2820601,633,69561
17-01-2021,FR,France,EURO,28922,2849523,192,69753
18-01-2021,FR,France,EURO,22710,2872233,141,69894
19-01-2021,FR,France,EURO,20813,2893046,401,70295
20-01-2021,FR,France,EURO,21609,2914655,656,70951
21-01-2021,FR,France,EURO,22604,2937259,310,71261
22-01-2021,FR,France,EURO,12515,2949774,346,71607
23-01-2021,FR,France,EURO,2072,2951846,648,72255
24-01-2021,FR,France,EURO,29448,2981294,229,72484
25-01-2021,FR,France,EURO,22205,3003499,172,72656
26-01-2021,FR,France,EURO,20900,3024399,445,73101
27-01-2021,FR,France,EURO,22313,3046712,612,73713
28-01-2021,FR,France,EURO,22627,3069339,349,74062
29-01-2021,FR,France,EURO,12464,3081803,343,74405
30-01-2021,FR,France,EURO,2957,3084760,819,75224
31-01-2021,FR,France,EURO,29782,3114542,242,75466
01-02-2021,FR,France,EURO,22756,3137298,195,75661
02-02-2021,FR,France,EURO,20040,3157338,453,76114
03-02-2021,FR,France,EURO,20247,3177585,726,76840
04-02-2021,FR,France,EURO,21010,3198595,353,77193
05-02-2021,FR,France,EURO,11800,3210395,355,77548
06-02-2021,FR,France,EURO,1213,3211608,650,78198
07-02-2021,FR,France,EURO,25685,3237293,191,78389
08-02-2021,FR,France,EURO,19805,3257098,171,78560
09-02-2021,FR,France,EURO,17513,3274611,456,79016
10-02-2021,FR,France,EURO,17191,3291802,721,79737
11-02-2021,FR,France,EURO,17781,3309583,295,80032
12-02-2021,FR,France,EURO,10098,3319681,357,80389
13-02-2021,FR,France,EURO,2168,3321849,644,81033
14-02-2021,FR,France,EURO,23782,3345631,192,81225
15-02-2021,FR,France,EURO,19739,3365370,167,81392
16-02-2021,FR,France,EURO,19549,3384919,409,81801
17-02-2021,FR,France,EURO,20133,3405052,582,82383
18-02-2021,FR,France,EURO,21167,3426219,309,82692
19-02-2021,FR,France,EURO,12519,3438738,267,82959
20-02-2021,FR,France,EURO,2085,3440823,565,83524
21-02-2021,FR,France,EURO,28726,3469549,183,83707
22-02-2021,FR,France,EURO,22181,3491730,159,83866
23-02-2021,FR,France,EURO,20162,3511892,327,84193
24-02-2021,FR,France,EURO,20736,3532628,428,84621
25-02-2021,FR,France,EURO,20752,3553380,273,84894
26-02-2021,FR,France,EURO,12393,3565773,257,85151
27-02-2021,FR,France,EURO,2277,3568050,536,85687
28-02-2021,FR,France,EURO,27422,3595472,185,85872
01-03-2021,FR,France,EURO,20412,3615884,114,85986
02-03-2021,FR,France,EURO,20453,3636337,375,86361
03-03-2021,FR,France,EURO,19786,3656123,410,86771
04-03-2021,FR,France,EURO,21912,3678035,322,87093
05-03-2021,FR,France,EURO,13157,3691192,278,87371
06-03-2021,FR,France,EURO,2364,3693556,405,87776
07-03-2021,FR,France,EURO,29327,3722883,196,87972
08-03-2021,FR,France,EURO,23466,3746349,127,88099
09-03-2021,FR,France,EURO,23706,3770055,358,88457
10-03-2021,FR,France,EURO,23945,3794000,356,88813
11-03-2021,FR,France,EURO,26255,3820255,264,89077
12-03-2021,FR,France,EURO,17026,3837281,265,89342
13-03-2021,FR,France,EURO,4135,3841416,290,89632
14-03-2021,FR,France,EURO,38276,3879692,168,89800
15-03-2021,FR,France,EURO,30555,3910247,132,89932
16-03-2021,FR,France,EURO,30439,3940686,333,90265
17-03-2021,FR,France,EURO,30375,3971061,392,90657
18-03-2021,FR,France,EURO,33123,4004184,236,90893
19-03-2021,FR,France,EURO,20670,4024854,269,91162
20-03-2021,FR,France,EURO,4986,4029840,267,91429
21-03-2021,FR,France,EURO,46270,4076110,184,91613
22-03-2021,FR,France,EURO,38088,4114198,138,91751
23-03-2021,FR,France,EURO,37136,4151334,343,92094
24-03-2021,FR,France,EURO,37079,4188413,269,92363
25-03-2021,FR,France,EURO,39932,4228345,245,92608
26-03-2021,FR,France,EURO,24890,4253235,223,92831
27-03-2021,FR,France,EURO,5122,4258357,897,93728
28-03-2021,FR,France,EURO,52323,4310680,156,93884
29-03-2021,FR,France,EURO,43554,4354234,158,94042
30-03-2021,FR,France,EURO,39629,4393863,360,94402
31-03-2021,FR,France,EURO,38379,4432242,361,94763
01-04-2021,FR,France,EURO,38483,4470725,299,95062
02-04-2021,FR,France,EURO,24320,4495045,304,95366
03-04-2021,FR,France,EURO,3775,4498820,318,95684
04-04-2021,FR,France,EURO,8602,4507422,185,95869
05-04-2021,FR,France,EURO,53843,4561265,157,96026
06-04-2021,FR,France,EURO,39110,4600375,228,96254
07-04-2021,FR,France,EURO,35899,4636274,412,96666
08-04-2021,FR,France,EURO,37967,4674241,433,97099
09-04-2021,FR,France,EURO,23785,4698026,331,97430
10-04-2021,FR,France,EURO,3728,4701754,319,97749
11-04-2021,FR,France,EURO,46288,4748042,207,97956
12-04-2021,FR,France,EURO,34343,4782385,176,98132
13-04-2021,FR,France,EURO,30754,4813139,373,98505
14-04-2021,FR,France,EURO,31275,4844414,345,98850
15-04-2021,FR,France,EURO,32128,4876542,295,99145
16-04-2021,FR,France,EURO,20291,4896833,297,99442
17-04-2021,FR,France,EURO,4515,4901348,302,99744
18-04-2021,FR,France,EURO,39723,4941071,177,99921
19-04-2021,FR,France,EURO,30755,4971826,169,100090
20-04-2021,FR,France,EURO,29142,5000968,446,100536
21-04-2021,FR,France,EURO,26869,5027837,381,100917
22-04-2021,FR,France,EURO,28363,5056200,313,101230
23-04-2021,FR,France,EURO,17221,5073421,283,101513
24-04-2021,FR,France,EURO,3476,5076897,331,101844
25-04-2021,FR,France,EURO,32465,5109362,166,102010
26-04-2021,FR,France,EURO,24812,5134174,174,102184
27-04-2021,FR,France,EURO,21077,5155251,391,102575
28-04-2021,FR,France,EURO,20966,5176217,315,102890
29-04-2021,FR,France,EURO,22575,5198792,344,103234
30-04-2021,FR,France,EURO,3828,5202620,306,103540
01-05-2021,FR,France,EURO,3376,5205996,290,103830
02-05-2021,FR,France,EURO,27245,5233241,164,103994
03-05-2021,FR,France,EURO,20203,5253444,113,104107
04-05-2021,FR,France,EURO,17478,5270922,279,104386
05-05-2021,FR,France,EURO,15889,5286811,255,104641
06-05-2021,FR,France,EURO,17918,5304729,273,104914
07-05-2021,FR,France,EURO,3888,5308617,219,105133
08-05-2021,FR,France,EURO,1562,5310179,206,105339
09-05-2021,FR,France,EURO,23884,5334063,205,105544
10-05-2021,FR,France,EURO,16618,5350681,86,105630
11-05-2021,FR,France,EURO,15762,5366443,319,105949
12-05-2021,FR,France,EURO,1571,5368014,202,106151
13-05-2021,FR,France,EURO,17164,5385178,182,106333
14-05-2021,FR,France,EURO,8576,5393754,160,106493
15-05-2021,FR,France,EURO,2262,5396016,173,106666
16-05-2021,FR,France,EURO,18820,5414836,100,106766
17-05-2021,FR,France,EURO,15432,5430268,81,106847
18-05-2021,FR,France,EURO,13220,5443488,195,107042
19-05-2021,FR,France,EURO,11514,5455002,192,107234
20-05-2021,FR,France,EURO,11986,5466988,169,107403
21-05-2021,FR,France,EURO,4817,5471805,133,107536
22-05-2021,FR,France,EURO,13447,5485252,121,107657
23-05-2021,FR,France,EURO,11821,5497073,75,107732
24-05-2021,FR,France,EURO,9704,5506777,70,107802
25-05-2021,FR,France,EURO,1908,5508685,61,107863
26-05-2021,FR,France,EURO,1749,5510434,178,108041
27-05-2021,FR,France,EURO,12438,5522872,172,108213
28-05-2021,FR,France,EURO,13704,5536576,141,108354
29-05-2021,FR,France,EURO,11090,5547666,94,108448
30-05-2021,FR,France,EURO,10007,5557673,95,108543
01-01-2021,GF,French Guiana,AMRO,121,13166,0,71
02-01-2021,GF,French Guiana,AMRO,107,13273,0,71
03-01-2021,GF,French Guiana,AMRO,0,13273,0,71
04-01-2021,GF,French Guiana,AMRO,0,13273,0,71
05-01-2021,GF,French Guiana,AMRO,101,13374,1,72
06-01-2021,GF,French Guiana,AMRO,123,13497,0,72
07-01-2021,GF,French Guiana,AMRO,135,13632,1,73
08-01-2021,GF,French Guiana,AMRO,193,13825,0,73
09-01-2021,GF,French Guiana,AMRO,145,13970,1,74
10-01-2021,GF,French Guiana,AMRO,143,14113,0,74
11-01-2021,GF,French Guiana,AMRO,0,14113,0,74
12-01-2021,GF,French Guiana,AMRO,108,14221,0,74
13-01-2021,GF,French Guiana,AMRO,149,14370,0,74
14-01-2021,GF,French Guiana,AMRO,156,14526,0,74
15-01-2021,GF,French Guiana,AMRO,128,14654,0,74
16-01-2021,GF,French Guiana,AMRO,122,14776,0,74
17-01-2021,GF,French Guiana,AMRO,199,14975,1,75
18-01-2021,GF,French Guiana,AMRO,0,14975,0,75
19-01-2021,GF,French Guiana,AMRO,80,15055,1,76
20-01-2021,GF,French Guiana,AMRO,132,15187,0,76
21-01-2021,GF,French Guiana,AMRO,124,15311,0,76
22-01-2021,GF,French Guiana,AMRO,120,15431,0,76
23-01-2021,GF,French Guiana,AMRO,129,15560,0,76
24-01-2021,GF,French Guiana,AMRO,104,15664,0,76
25-01-2021,GF,French Guiana,AMRO,0,15664,0,76
26-01-2021,GF,French Guiana,AMRO,38,15702,0,76
27-01-2021,GF,French Guiana,AMRO,77,15779,0,76
28-01-2021,GF,French Guiana,AMRO,78,15857,0,76
29-01-2021,GF,French Guiana,AMRO,75,15932,0,76
30-01-2021,GF,French Guiana,AMRO,96,16028,0,76
31-01-2021,GF,French Guiana,AMRO,55,16083,0,76
01-02-2021,GF,French Guiana,AMRO,0,16083,0,76
02-02-2021,GF,French Guiana,AMRO,51,16134,0,76
03-02-2021,GF,French Guiana,AMRO,51,16185,0,76
04-02-2021,GF,French Guiana,AMRO,33,16218,2,78
05-02-2021,GF,French Guiana,AMRO,46,16264,1,79
06-02-2021,GF,French Guiana,AMRO,32,16296,0,79
07-02-2021,GF,French Guiana,AMRO,0,16296,0,79
08-02-2021,GF,French Guiana,AMRO,0,16296,0,79
09-02-2021,GF,French Guiana,AMRO,0,16296,0,79
10-02-2021,GF,French Guiana,AMRO,0,16296,0,79
11-02-2021,GF,French Guiana,AMRO,0,16296,0,79
12-02-2021,GF,French Guiana,AMRO,0,16296,0,79
13-02-2021,GF,French Guiana,AMRO,160,16456,1,80
14-02-2021,GF,French Guiana,AMRO,0,16456,0,80
15-02-2021,GF,French Guiana,AMRO,0,16456,0,80
16-02-2021,GF,French Guiana,AMRO,0,16456,0,80
17-02-2021,GF,French Guiana,AMRO,0,16456,0,80
18-02-2021,GF,French Guiana,AMRO,0,16456,0,80
19-02-2021,GF,French Guiana,AMRO,0,16456,0,80
20-02-2021,GF,French Guiana,AMRO,73,16529,3,83
21-02-2021,GF,French Guiana,AMRO,0,16529,0,83
22-02-2021,GF,French Guiana,AMRO,0,16529,0,83
23-02-2021,GF,French Guiana,AMRO,0,16529,0,83
24-02-2021,GF,French Guiana,AMRO,0,16529,0,83
25-02-2021,GF,French Guiana,AMRO,0,16529,0,83
26-02-2021,GF,French Guiana,AMRO,0,16529,0,83
27-02-2021,GF,French Guiana,AMRO,98,16627,2,85
28-02-2021,GF,French Guiana,AMRO,0,16627,0,85
01-03-2021,GF,French Guiana,AMRO,0,16627,0,85
02-03-2021,GF,French Guiana,AMRO,0,16627,0,85
03-03-2021,GF,French Guiana,AMRO,0,16627,0,85
04-03-2021,GF,French Guiana,AMRO,0,16627,0,85
05-03-2021,GF,French Guiana,AMRO,0,16627,0,85
06-03-2021,GF,French Guiana,AMRO,66,16693,2,87
07-03-2021,GF,French Guiana,AMRO,0,16693,0,87
08-03-2021,GF,French Guiana,AMRO,0,16693,0,87
09-03-2021,GF,French Guiana,AMRO,0,16693,0,87
10-03-2021,GF,French Guiana,AMRO,0,16693,0,87
11-03-2021,GF,French Guiana,AMRO,0,16693,0,87
12-03-2021,GF,French Guiana,AMRO,0,16693,0,87
13-03-2021,GF,French Guiana,AMRO,71,16764,0,87
14-03-2021,GF,French Guiana,AMRO,0,16764,0,87
15-03-2021,GF,French Guiana,AMRO,0,16764,0,87
16-03-2021,GF,French Guiana,AMRO,0,16764,0,87
17-03-2021,GF,French Guiana,AMRO,0,16764,0,87
18-03-2021,GF,French Guiana,AMRO,0,16764,0,87
19-03-2021,GF,French Guiana,AMRO,0,16764,0,87
20-03-2021,GF,French Guiana,AMRO,0,16764,0,87
21-03-2021,GF,French Guiana,AMRO,0,16764,0,87
22-03-2021,GF,French Guiana,AMRO,0,16764,0,87
23-03-2021,GF,French Guiana,AMRO,0,16764,0,87
24-03-2021,GF,French Guiana,AMRO,0,16764,0,87
25-03-2021,GF,French Guiana,AMRO,0,16764,0,87
26-03-2021,GF,French Guiana,AMRO,158,16922,2,89
27-03-2021,GF,French Guiana,AMRO,0,16922,0,89
28-03-2021,GF,French Guiana,AMRO,0,16922,0,89
29-03-2021,GF,French Guiana,AMRO,0,16922,0,89
30-03-2021,GF,French Guiana,AMRO,0,16922,0,89
31-03-2021,GF,French Guiana,AMRO,0,16922,0,89
01-04-2021,GF,French Guiana,AMRO,210,17132,4,93
02-04-2021,GF,French Guiana,AMRO,0,17132,0,93
03-04-2021,GF,French Guiana,AMRO,0,17132,3,96
04-04-2021,GF,French Guiana,AMRO,0,17132,0,96
05-04-2021,GF,French Guiana,AMRO,0,17132,0,96
06-04-2021,GF,French Guiana,AMRO,0,17132,-3,93
07-04-2021,GF,French Guiana,AMRO,186,17318,1,94
08-04-2021,GF,French Guiana,AMRO,0,17318,0,94
09-04-2021,GF,French Guiana,AMRO,123,17441,0,94
10-04-2021,GF,French Guiana,AMRO,108,17549,0,94
11-04-2021,GF,French Guiana,AMRO,0,17549,0,94
12-04-2021,GF,French Guiana,AMRO,0,17549,0,94
13-04-2021,GF,French Guiana,AMRO,0,17549,0,94
14-04-2021,GF,French Guiana,AMRO,157,17706,0,94
15-04-2021,GF,French Guiana,AMRO,100,17806,1,95
16-04-2021,GF,French Guiana,AMRO,77,17883,0,95
17-04-2021,GF,French Guiana,AMRO,82,17965,0,95
18-04-2021,GF,French Guiana,AMRO,116,18081,0,95
19-04-2021,GF,French Guiana,AMRO,0,18081,0,95
20-04-2021,GF,French Guiana,AMRO,0,18081,0,95
21-04-2021,GF,French Guiana,AMRO,180,18261,1,96
22-04-2021,GF,French Guiana,AMRO,0,18261,0,96
23-04-2021,GF,French Guiana,AMRO,284,18545,0,96
24-04-2021,GF,French Guiana,AMRO,148,18693,1,97
25-04-2021,GF,French Guiana,AMRO,133,18826,1,98
26-04-2021,GF,French Guiana,AMRO,0,18826,0,98
27-04-2021,GF,French Guiana,AMRO,0,18826,0,98
28-04-2021,GF,French Guiana,AMRO,178,19004,2,100
29-04-2021,GF,French Guiana,AMRO,95,19099,0,100
30-04-2021,GF,French Guiana,AMRO,165,19264,0,100
01-05-2021,GF,French Guiana,AMRO,140,19404,0,100
02-05-2021,GF,French Guiana,AMRO,139,19543,1,101
03-05-2021,GF,French Guiana,AMRO,0,19543,0,101
04-05-2021,GF,French Guiana,AMRO,154,19697,3,104
05-05-2021,GF,French Guiana,AMRO,185,19882,0,104
06-05-2021,GF,French Guiana,AMRO,196,20078,0,104
07-05-2021,GF,French Guiana,AMRO,148,20226,0,104
08-05-2021,GF,French Guiana,AMRO,140,20366,0,104
09-05-2021,GF,French Guiana,AMRO,0,20366,0,104
10-05-2021,GF,French Guiana,AMRO,0,20366,0,104
11-05-2021,GF,French Guiana,AMRO,278,20644,2,106
12-05-2021,GF,French Guiana,AMRO,233,20877,0,106
13-05-2021,GF,French Guiana,AMRO,229,21106,2,108
14-05-2021,GF,French Guiana,AMRO,327,21433,0,108
15-05-2021,GF,French Guiana,AMRO,32,21465,0,108
16-05-2021,GF,French Guiana,AMRO,0,21465,0,108
17-05-2021,GF,French Guiana,AMRO,0,21465,0,108
18-05-2021,GF,French Guiana,AMRO,380,21845,1,109
19-05-2021,GF,French Guiana,AMRO,0,21845,0,109
20-05-2021,GF,French Guiana,AMRO,270,22115,1,110
21-05-2021,GF,French Guiana,AMRO,267,22382,0,110
22-05-2021,GF,French Guiana,AMRO,228,22610,2,112
23-05-2021,GF,French Guiana,AMRO,170,22780,0,112
24-05-2021,GF,French Guiana,AMRO,0,22780,0,112
25-05-2021,GF,French Guiana,AMRO,321,23101,1,113
26-05-2021,GF,French Guiana,AMRO,71,23172,1,114
27-05-2021,GF,French Guiana,AMRO,208,23380,1,115
28-05-2021,GF,French Guiana,AMRO,229,23609,1,116
29-05-2021,GF,French Guiana,AMRO,154,23763,0,116
30-05-2021,GF,French Guiana,AMRO,0,23763,0,116
01-01-2021,PF,French Polynesia,WPRO,75,16926,0,114
02-01-2021,PF,French Polynesia,WPRO,0,16926,0,114
03-01-2021,PF,French Polynesia,WPRO,0,16926,0,114
04-01-2021,PF,French Polynesia,WPRO,0,16926,0,114
05-01-2021,PF,French Polynesia,WPRO,62,16988,7,121
06-01-2021,PF,French Polynesia,WPRO,100,17088,0,121
07-01-2021,PF,French Polynesia,WPRO,43,17131,0,121
08-01-2021,PF,French Polynesia,WPRO,64,17195,0,121
09-01-2021,PF,French Polynesia,WPRO,46,17241,1,122
10-01-2021,PF,French Polynesia,WPRO,0,17241,0,122
11-01-2021,PF,French Polynesia,WPRO,0,17241,0,122
12-01-2021,PF,French Polynesia,WPRO,99,17340,2,124
13-01-2021,PF,French Polynesia,WPRO,63,17403,0,124
14-01-2021,PF,French Polynesia,WPRO,80,17483,0,124
15-01-2021,PF,French Polynesia,WPRO,107,17590,2,126
16-01-2021,PF,French Polynesia,WPRO,45,17635,0,126
17-01-2021,PF,French Polynesia,WPRO,0,17635,0,126
18-01-2021,PF,French Polynesia,WPRO,0,17635,0,126
19-01-2021,PF,French Polynesia,WPRO,62,17697,1,127
20-01-2021,PF,French Polynesia,WPRO,0,17697,0,127
21-01-2021,PF,French Polynesia,WPRO,111,17808,1,128
22-01-2021,PF,French Polynesia,WPRO,12,17820,0,128
23-01-2021,PF,French Polynesia,WPRO,32,17852,0,128
24-01-2021,PF,French Polynesia,WPRO,0,17852,0,128
25-01-2021,PF,French Polynesia,WPRO,0,17852,0,128
26-01-2021,PF,French Polynesia,WPRO,60,17912,1,129
27-01-2021,PF,French Polynesia,WPRO,49,17961,2,131
28-01-2021,PF,French Polynesia,WPRO,35,17996,0,131
29-01-2021,PF,French Polynesia,WPRO,37,18033,0,131
30-01-2021,PF,French Polynesia,WPRO,27,18060,0,131
31-01-2021,PF,French Polynesia,WPRO,0,18060,0,131
01-02-2021,PF,French Polynesia,WPRO,0,18060,0,131
02-02-2021,PF,French Polynesia,WPRO,41,18101,1,132
03-02-2021,PF,French Polynesia,WPRO,20,18121,1,133
04-02-2021,PF,French Polynesia,WPRO,24,18145,0,133
05-02-2021,PF,French Polynesia,WPRO,20,18165,0,133
06-02-2021,PF,French Polynesia,WPRO,20,18185,0,133
07-02-2021,PF,French Polynesia,WPRO,0,18185,0,133
08-02-2021,PF,French Polynesia,WPRO,0,18185,0,133
09-02-2021,PF,French Polynesia,WPRO,21,18206,2,135
10-02-2021,PF,French Polynesia,WPRO,16,18222,0,135
11-02-2021,PF,French Polynesia,WPRO,22,18244,0,135
12-02-2021,PF,French Polynesia,WPRO,13,18257,0,135
13-02-2021,PF,French Polynesia,WPRO,6,18263,0,135
14-02-2021,PF,French Polynesia,WPRO,0,18263,0,135
15-02-2021,PF,French Polynesia,WPRO,0,18263,0,135
16-02-2021,PF,French Polynesia,WPRO,30,18293,0,135
17-02-2021,PF,French Polynesia,WPRO,6,18299,1,136
18-02-2021,PF,French Polynesia,WPRO,22,18321,0,136
19-02-2021,PF,French Polynesia,WPRO,14,18335,0,136
20-02-2021,PF,French Polynesia,WPRO,11,18346,1,137
21-02-2021,PF,French Polynesia,WPRO,0,18346,0,137
22-02-2021,PF,French Polynesia,WPRO,0,18346,0,137
23-02-2021,PF,French Polynesia,WPRO,8,18354,1,138
24-02-2021,PF,French Polynesia,WPRO,8,18362,0,138
25-02-2021,PF,French Polynesia,WPRO,8,18370,1,139
26-02-2021,PF,French Polynesia,WPRO,9,18379,0,139
27-02-2021,PF,French Polynesia,WPRO,8,18387,0,139
28-02-2021,PF,French Polynesia,WPRO,0,18387,0,139
01-03-2021,PF,French Polynesia,WPRO,0,18387,0,139
02-03-2021,PF,French Polynesia,WPRO,27,18414,0,139
03-03-2021,PF,French Polynesia,WPRO,15,18429,1,140
04-03-2021,PF,French Polynesia,WPRO,23,18452,0,140
05-03-2021,PF,French Polynesia,WPRO,7,18459,0,140
06-03-2021,PF,French Polynesia,WPRO,0,18459,0,140
07-03-2021,PF,French Polynesia,WPRO,0,18459,0,140
08-03-2021,PF,French Polynesia,WPRO,0,18459,0,140
09-03-2021,PF,French Polynesia,WPRO,23,18482,1,141
10-03-2021,PF,French Polynesia,WPRO,13,18495,0,141
11-03-2021,PF,French Polynesia,WPRO,14,18509,0,141
12-03-2021,PF,French Polynesia,WPRO,8,18517,0,141
13-03-2021,PF,French Polynesia,WPRO,10,18527,0,141
14-03-2021,PF,French Polynesia,WPRO,0,18527,0,141
15-03-2021,PF,French Polynesia,WPRO,0,18527,0,141
16-03-2021,PF,French Polynesia,WPRO,19,18546,0,141
17-03-2021,PF,French Polynesia,WPRO,15,18561,0,141
18-03-2021,PF,French Polynesia,WPRO,5,18566,0,141
19-03-2021,PF,French Polynesia,WPRO,4,18570,0,141
20-03-2021,PF,French Polynesia,WPRO,6,18576,0,141
21-03-2021,PF,French Polynesia,WPRO,0,18576,0,141
22-03-2021,PF,French Polynesia,WPRO,0,18576,0,141
23-03-2021,PF,French Polynesia,WPRO,11,18587,0,141
24-03-2021,PF,French Polynesia,WPRO,8,18595,0,141
25-03-2021,PF,French Polynesia,WPRO,3,18598,0,141
26-03-2021,PF,French Polynesia,WPRO,7,18605,0,141
27-03-2021,PF,French Polynesia,WPRO,2,18607,0,141
28-03-2021,PF,French Polynesia,WPRO,0,18607,0,141
29-03-2021,PF,French Polynesia,WPRO,0,18607,0,141
30-03-2021,PF,French Polynesia,WPRO,5,18612,0,141
31-03-2021,PF,French Polynesia,WPRO,10,18622,0,141
01-04-2021,PF,French Polynesia,WPRO,5,18627,0,141
02-04-2021,PF,French Polynesia,WPRO,6,18633,0,141
03-04-2021,PF,French Polynesia,WPRO,0,18633,0,141
04-04-2021,PF,French Polynesia,WPRO,0,18633,0,141
05-04-2021,PF,French Polynesia,WPRO,0,18633,0,141
06-04-2021,PF,French Polynesia,WPRO,0,18633,0,141
07-04-2021,PF,French Polynesia,WPRO,7,18640,0,141
08-04-2021,PF,French Polynesia,WPRO,3,18643,0,141
09-04-2021,PF,French Polynesia,WPRO,4,18647,0,141
10-04-2021,PF,French Polynesia,WPRO,5,18652,0,141
11-04-2021,PF,French Polynesia,WPRO,0,18652,0,141
12-04-2021,PF,French Polynesia,WPRO,0,18652,0,141
13-04-2021,PF,French Polynesia,WPRO,14,18666,0,141
14-04-2021,PF,French Polynesia,WPRO,12,18678,0,141
15-04-2021,PF,French Polynesia,WPRO,2,18680,0,141
16-04-2021,PF,French Polynesia,WPRO,8,18688,0,141
17-04-2021,PF,French Polynesia,WPRO,8,18696,0,141
18-04-2021,PF,French Polynesia,WPRO,0,18696,0,141
19-04-2021,PF,French Polynesia,WPRO,0,18696,0,141
20-04-2021,PF,French Polynesia,WPRO,12,18708,0,141
21-04-2021,PF,French Polynesia,WPRO,12,18720,0,141
22-04-2021,PF,French Polynesia,WPRO,2,18722,0,141
23-04-2021,PF,French Polynesia,WPRO,3,18725,0,141
24-04-2021,PF,French Polynesia,WPRO,9,18734,0,141
25-04-2021,PF,French Polynesia,WPRO,0,18734,0,141
26-04-2021,PF,French Polynesia,WPRO,0,18734,0,141
27-04-2021,PF,French Polynesia,WPRO,5,18739,0,141
28-04-2021,PF,French Polynesia,WPRO,5,18744,0,141
29-04-2021,PF,French Polynesia,WPRO,2,18746,0,141
30-04-2021,PF,French Polynesia,WPRO,9,18755,0,141
01-05-2021,PF,French Polynesia,WPRO,3,18758,0,141
02-05-2021,PF,French Polynesia,WPRO,0,18758,0,141
03-05-2021,PF,French Polynesia,WPRO,0,18758,0,141
04-05-2021,PF,French Polynesia,WPRO,7,18765,0,141
05-05-2021,PF,French Polynesia,WPRO,6,18771,0,141
06-05-2021,PF,French Polynesia,WPRO,4,18775,0,141
07-05-2021,PF,French Polynesia,WPRO,1,18776,0,141
08-05-2021,PF,French Polynesia,WPRO,14,18790,0,141
09-05-2021,PF,French Polynesia,WPRO,0,18790,0,141
10-05-2021,PF,French Polynesia,WPRO,0,18790,0,141
11-05-2021,PF,French Polynesia,WPRO,7,18797,0,141
12-05-2021,PF,French Polynesia,WPRO,0,18797,0,141
13-05-2021,PF,French Polynesia,WPRO,0,18797,0,141
14-05-2021,PF,French Polynesia,WPRO,0,18797,0,141
15-05-2021,PF,French Polynesia,WPRO,18,18815,0,141
16-05-2021,PF,French Polynesia,WPRO,0,18815,0,141
17-05-2021,PF,French Polynesia,WPRO,0,18815,0,141
18-05-2021,PF,French Polynesia,WPRO,1,18816,0,141
19-05-2021,PF,French Polynesia,WPRO,12,18828,0,141
20-05-2021,PF,French Polynesia,WPRO,7,18835,0,141
21-05-2021,PF,French Polynesia,WPRO,6,18841,0,141
22-05-2021,PF,French Polynesia,WPRO,3,18844,0,141
23-05-2021,PF,French Polynesia,WPRO,0,18844,0,141
24-05-2021,PF,French Polynesia,WPRO,0,18844,0,141
25-05-2021,PF,French Polynesia,WPRO,0,18844,0,141
26-05-2021,PF,French Polynesia,WPRO,9,18853,1,142
27-05-2021,PF,French Polynesia,WPRO,2,18855,0,142
28-05-2021,PF,French Polynesia,WPRO,4,18859,0,142
29-05-2021,PF,French Polynesia,WPRO,1,18860,0,142
30-05-2021,PF,French Polynesia,WPRO,0,18860,0,142
01-01-2021,GA,Gabon,AFRO,0,9571,0,64
02-01-2021,GA,Gabon,AFRO,0,9571,0,64
03-01-2021,GA,Gabon,AFRO,0,9571,0,64
04-01-2021,GA,Gabon,AFRO,0,9571,0,64
05-01-2021,GA,Gabon,AFRO,34,9605,2,66
06-01-2021,GA,Gabon,AFRO,0,9605,0,66
07-01-2021,GA,Gabon,AFRO,36,9641,0,66
08-01-2021,GA,Gabon,AFRO,0,9641,0,66
09-01-2021,GA,Gabon,AFRO,53,9694,0,66
10-01-2021,GA,Gabon,AFRO,0,9694,0,66
11-01-2021,GA,Gabon,AFRO,0,9694,0,66
12-01-2021,GA,Gabon,AFRO,46,9740,0,66
13-01-2021,GA,Gabon,AFRO,0,9740,0,66
14-01-2021,GA,Gabon,AFRO,79,9819,0,66
15-01-2021,GA,Gabon,AFRO,0,9819,0,66
16-01-2021,GA,Gabon,AFRO,0,9819,0,66
17-01-2021,GA,Gabon,AFRO,80,9899,0,66
18-01-2021,GA,Gabon,AFRO,0,9899,0,66
19-01-2021,GA,Gabon,AFRO,120,10019,0,66
20-01-2021,GA,Gabon,AFRO,0,10019,0,66
21-01-2021,GA,Gabon,AFRO,101,10120,0,66
22-01-2021,GA,Gabon,AFRO,0,10120,0,66
23-01-2021,GA,Gabon,AFRO,158,10278,1,67
24-01-2021,GA,Gabon,AFRO,0,10278,0,67
25-01-2021,GA,Gabon,AFRO,0,10278,0,67
26-01-2021,GA,Gabon,AFRO,133,10411,0,67
27-01-2021,GA,Gabon,AFRO,0,10411,0,67
28-01-2021,GA,Gabon,AFRO,125,10536,1,68
29-01-2021,GA,Gabon,AFRO,0,10536,0,68
30-01-2021,GA,Gabon,AFRO,212,10748,0,68
31-01-2021,GA,Gabon,AFRO,0,10748,0,68
01-02-2021,GA,Gabon,AFRO,0,10748,0,68
02-02-2021,GA,Gabon,AFRO,204,10952,0,68
03-02-2021,GA,Gabon,AFRO,0,10952,0,68
04-02-2021,GA,Gabon,AFRO,177,11129,2,70
05-02-2021,GA,Gabon,AFRO,0,11129,0,70
06-02-2021,GA,Gabon,AFRO,328,11457,1,71
07-02-2021,GA,Gabon,AFRO,0,11457,0,71
08-02-2021,GA,Gabon,AFRO,0,11457,0,71
09-02-2021,GA,Gabon,AFRO,379,11836,0,71
10-02-2021,GA,Gabon,AFRO,0,11836,0,71
11-02-2021,GA,Gabon,AFRO,335,12171,0,71
12-02-2021,GA,Gabon,AFRO,0,12171,0,71
13-02-2021,GA,Gabon,AFRO,0,12171,0,71
14-02-2021,GA,Gabon,AFRO,406,12577,2,73
15-02-2021,GA,Gabon,AFRO,0,12577,0,73
16-02-2021,GA,Gabon,AFRO,288,12865,2,75
17-02-2021,GA,Gabon,AFRO,0,12865,0,75
18-02-2021,GA,Gabon,AFRO,242,13107,0,75
19-02-2021,GA,Gabon,AFRO,0,13107,0,75
20-02-2021,GA,Gabon,AFRO,446,13553,0,75
21-02-2021,GA,Gabon,AFRO,0,13553,0,75
22-02-2021,GA,Gabon,AFRO,0,13553,0,75
23-02-2021,GA,Gabon,AFRO,331,13884,1,76
24-02-2021,GA,Gabon,AFRO,0,13884,0,76
25-02-2021,GA,Gabon,AFRO,350,14234,4,80
26-02-2021,GA,Gabon,AFRO,0,14234,0,80
27-02-2021,GA,Gabon,AFRO,330,14564,3,83
28-02-2021,GA,Gabon,AFRO,0,14564,0,83
01-03-2021,GA,Gabon,AFRO,1,14565,0,83
02-03-2021,GA,Gabon,AFRO,284,14849,4,87
03-03-2021,GA,Gabon,AFRO,0,14849,0,87
04-03-2021,GA,Gabon,AFRO,405,15254,1,88
05-03-2021,GA,Gabon,AFRO,0,15254,0,88
06-03-2021,GA,Gabon,AFRO,0,15254,0,88
07-03-2021,GA,Gabon,AFRO,263,15517,2,90
08-03-2021,GA,Gabon,AFRO,108,15625,0,90
09-03-2021,GA,Gabon,AFRO,390,16015,1,91
10-03-2021,GA,Gabon,AFRO,0,16015,0,91
11-03-2021,GA,Gabon,AFRO,298,16313,2,93
12-03-2021,GA,Gabon,AFRO,0,16313,0,93
13-03-2021,GA,Gabon,AFRO,347,16660,3,96
14-03-2021,GA,Gabon,AFRO,0,16660,0,96
15-03-2021,GA,Gabon,AFRO,0,16660,0,96
16-03-2021,GA,Gabon,AFRO,285,16945,5,101
17-03-2021,GA,Gabon,AFRO,0,16945,0,101
18-03-2021,GA,Gabon,AFRO,352,17297,4,105
19-03-2021,GA,Gabon,AFRO,0,17297,0,105
20-03-2021,GA,Gabon,AFRO,0,17297,0,105
21-03-2021,GA,Gabon,AFRO,0,17297,0,105
22-03-2021,GA,Gabon,AFRO,414,17711,1,106
23-03-2021,GA,Gabon,AFRO,367,18078,2,108
24-03-2021,GA,Gabon,AFRO,0,18078,0,108
25-03-2021,GA,Gabon,AFRO,0,18078,0,108
26-03-2021,GA,Gabon,AFRO,348,18426,1,109
27-03-2021,GA,Gabon,AFRO,0,18426,0,109
28-03-2021,GA,Gabon,AFRO,0,18426,0,109
29-03-2021,GA,Gabon,AFRO,351,18777,2,111
30-03-2021,GA,Gabon,AFRO,363,19140,3,114
31-03-2021,GA,Gabon,AFRO,0,19140,0,114
01-04-2021,GA,Gabon,AFRO,0,19140,4,118
02-04-2021,GA,Gabon,AFRO,410,19550,0,118
03-04-2021,GA,Gabon,AFRO,313,19863,1,119
04-04-2021,GA,Gabon,AFRO,0,19863,0,119
05-04-2021,GA,Gabon,AFRO,0,19863,0,119
06-04-2021,GA,Gabon,AFRO,0,19863,0,119
07-04-2021,GA,Gabon,AFRO,0,19863,0,119
08-04-2021,GA,Gabon,AFRO,402,20265,5,124
09-04-2021,GA,Gabon,AFRO,0,20265,0,124
10-04-2021,GA,Gabon,AFRO,371,20636,3,127
11-04-2021,GA,Gabon,AFRO,0,20636,0,127
12-04-2021,GA,Gabon,AFRO,0,20636,0,127
13-04-2021,GA,Gabon,AFRO,0,20636,0,127
14-04-2021,GA,Gabon,AFRO,335,20971,2,129
15-04-2021,GA,Gabon,AFRO,0,20971,0,129
16-04-2021,GA,Gabon,AFRO,595,21566,3,132
17-04-2021,GA,Gabon,AFRO,0,21566,0,132
18-04-2021,GA,Gabon,AFRO,292,21858,1,133
19-04-2021,GA,Gabon,AFRO,0,21858,0,133
20-04-2021,GA,Gabon,AFRO,174,22032,3,136
21-04-2021,GA,Gabon,AFRO,0,22032,0,136
22-04-2021,GA,Gabon,AFRO,0,22032,0,136
23-04-2021,GA,Gabon,AFRO,0,22032,0,136
24-04-2021,GA,Gabon,AFRO,401,22433,2,138
25-04-2021,GA,Gabon,AFRO,0,22433,0,138
26-04-2021,GA,Gabon,AFRO,0,22433,0,138
27-04-2021,GA,Gabon,AFRO,135,22568,0,138
28-04-2021,GA,Gabon,AFRO,0,22568,0,138
29-04-2021,GA,Gabon,AFRO,0,22568,0,138
30-04-2021,GA,Gabon,AFRO,0,22568,0,138
01-05-2021,GA,Gabon,AFRO,507,23075,1,139
02-05-2021,GA,Gabon,AFRO,0,23075,0,139
03-05-2021,GA,Gabon,AFRO,0,23075,0,139
04-05-2021,GA,Gabon,AFRO,126,23201,1,140
05-05-2021,GA,Gabon,AFRO,0,23201,0,140
06-05-2021,GA,Gabon,AFRO,0,23201,0,140
07-05-2021,GA,Gabon,AFRO,0,23201,0,140
08-05-2021,GA,Gabon,AFRO,231,23432,3,143
09-05-2021,GA,Gabon,AFRO,0,23432,0,143
10-05-2021,GA,Gabon,AFRO,0,23432,0,143
11-05-2021,GA,Gabon,AFRO,133,23565,0,143
12-05-2021,GA,Gabon,AFRO,0,23565,0,143
13-05-2021,GA,Gabon,AFRO,169,23734,0,143
14-05-2021,GA,Gabon,AFRO,0,23734,0,143
15-05-2021,GA,Gabon,AFRO,65,23799,0,143
16-05-2021,GA,Gabon,AFRO,0,23799,0,143
17-05-2021,GA,Gabon,AFRO,0,23799,0,143
18-05-2021,GA,Gabon,AFRO,110,23909,2,145
19-05-2021,GA,Gabon,AFRO,0,23909,0,145
20-05-2021,GA,Gabon,AFRO,130,24039,2,147
21-05-2021,GA,Gabon,AFRO,0,24039,0,147
22-05-2021,GA,Gabon,AFRO,68,24107,0,147
23-05-2021,GA,Gabon,AFRO,0,24107,0,147
24-05-2021,GA,Gabon,AFRO,0,24107,0,147
25-05-2021,GA,Gabon,AFRO,0,24107,0,147
26-05-2021,GA,Gabon,AFRO,84,24191,2,149
27-05-2021,GA,Gabon,AFRO,61,24252,1,150
28-05-2021,GA,Gabon,AFRO,0,24252,0,150
29-05-2021,GA,Gabon,AFRO,113,24365,0,150
30-05-2021,GA,Gabon,AFRO,0,24365,0,150
01-01-2021,GM,Gambia,AFRO,3,3800,0,124
02-01-2021,GM,Gambia,AFRO,0,3800,0,124
03-01-2021,GM,Gambia,AFRO,2,3802,0,124
04-01-2021,GM,Gambia,AFRO,0,3802,0,124
05-01-2021,GM,Gambia,AFRO,4,3806,1,125
06-01-2021,GM,Gambia,AFRO,6,3812,0,125
07-01-2021,GM,Gambia,AFRO,21,3833,0,125
08-01-2021,GM,Gambia,AFRO,5,3838,0,125
09-01-2021,GM,Gambia,AFRO,3,3841,0,125
10-01-2021,GM,Gambia,AFRO,16,3857,0,125
11-01-2021,GM,Gambia,AFRO,0,3857,0,125
12-01-2021,GM,Gambia,AFRO,19,3876,0,125
13-01-2021,GM,Gambia,AFRO,9,3885,0,125
14-01-2021,GM,Gambia,AFRO,5,3890,1,126
15-01-2021,GM,Gambia,AFRO,3,3893,1,127
16-01-2021,GM,Gambia,AFRO,4,3897,0,127
17-01-2021,GM,Gambia,AFRO,0,3897,0,127
18-01-2021,GM,Gambia,AFRO,13,3910,0,127
19-01-2021,GM,Gambia,AFRO,23,3933,1,128
20-01-2021,GM,Gambia,AFRO,5,3938,0,128
21-01-2021,GM,Gambia,AFRO,12,3950,0,128
22-01-2021,GM,Gambia,AFRO,0,3950,0,128
23-01-2021,GM,Gambia,AFRO,0,3950,0,128
24-01-2021,GM,Gambia,AFRO,8,3958,0,128
25-01-2021,GM,Gambia,AFRO,0,3958,0,128
26-01-2021,GM,Gambia,AFRO,50,4008,0,128
27-01-2021,GM,Gambia,AFRO,4,4012,0,128
28-01-2021,GM,Gambia,AFRO,7,4019,0,128
29-01-2021,GM,Gambia,AFRO,0,4019,0,128
30-01-2021,GM,Gambia,AFRO,71,4090,0,128
31-01-2021,GM,Gambia,AFRO,0,4090,0,128
01-02-2021,GM,Gambia,AFRO,0,4090,0,128
02-02-2021,GM,Gambia,AFRO,49,4139,3,131
03-02-2021,GM,Gambia,AFRO,0,4139,0,131
04-02-2021,GM,Gambia,AFRO,45,4184,1,132
05-02-2021,GM,Gambia,AFRO,0,4184,0,132
06-02-2021,GM,Gambia,AFRO,0,4184,0,132
07-02-2021,GM,Gambia,AFRO,53,4237,2,134
08-02-2021,GM,Gambia,AFRO,0,4237,0,134
09-02-2021,GM,Gambia,AFRO,65,4302,1,135
10-02-2021,GM,Gambia,AFRO,0,4302,0,135
11-02-2021,GM,Gambia,AFRO,0,4302,0,135
12-02-2021,GM,Gambia,AFRO,0,4302,0,135
13-02-2021,GM,Gambia,AFRO,0,4302,0,135
14-02-2021,GM,Gambia,AFRO,0,4302,0,135
15-02-2021,GM,Gambia,AFRO,112,4414,3,138
16-02-2021,GM,Gambia,AFRO,0,4414,0,138
17-02-2021,GM,Gambia,AFRO,55,4469,0,138
18-02-2021,GM,Gambia,AFRO,0,4469,0,138
19-02-2021,GM,Gambia,AFRO,41,4510,1,139
20-02-2021,GM,Gambia,AFRO,0,4510,0,139
21-02-2021,GM,Gambia,AFRO,33,4543,4,143
22-02-2021,GM,Gambia,AFRO,11,4554,1,144
23-02-2021,GM,Gambia,AFRO,0,4554,0,144
24-02-2021,GM,Gambia,AFRO,58,4612,2,146
25-02-2021,GM,Gambia,AFRO,28,4640,1,147
26-02-2021,GM,Gambia,AFRO,31,4671,0,147
27-02-2021,GM,Gambia,AFRO,0,4671,0,147
28-02-2021,GM,Gambia,AFRO,20,4691,1,148
01-03-2021,GM,Gambia,AFRO,21,4712,2,150
02-03-2021,GM,Gambia,AFRO,0,4712,0,150
03-03-2021,GM,Gambia,AFRO,0,4712,0,150
04-03-2021,GM,Gambia,AFRO,23,4735,1,151
05-03-2021,GM,Gambia,AFRO,0,4735,0,151
06-03-2021,GM,Gambia,AFRO,24,4759,1,152
07-03-2021,GM,Gambia,AFRO,0,4759,0,152
08-03-2021,GM,Gambia,AFRO,0,4759,0,152
09-03-2021,GM,Gambia,AFRO,0,4759,0,152
10-03-2021,GM,Gambia,AFRO,0,4759,0,152
11-03-2021,GM,Gambia,AFRO,92,4851,1,153
12-03-2021,GM,Gambia,AFRO,0,4851,0,153
13-03-2021,GM,Gambia,AFRO,88,4939,0,153
14-03-2021,GM,Gambia,AFRO,0,4939,0,153
15-03-2021,GM,Gambia,AFRO,80,5019,0,153
16-03-2021,GM,Gambia,AFRO,0,5019,0,153
17-03-2021,GM,Gambia,AFRO,0,5019,0,153
18-03-2021,GM,Gambia,AFRO,103,5122,7,160
19-03-2021,GM,Gambia,AFRO,31,5153,0,160
20-03-2021,GM,Gambia,AFRO,63,5216,0,160
21-03-2021,GM,Gambia,AFRO,39,5255,1,161
22-03-2021,GM,Gambia,AFRO,0,5255,0,161
23-03-2021,GM,Gambia,AFRO,0,5255,0,161
24-03-2021,GM,Gambia,AFRO,48,5303,0,161
25-03-2021,GM,Gambia,AFRO,0,5303,0,161
26-03-2021,GM,Gambia,AFRO,0,5303,0,161
27-03-2021,GM,Gambia,AFRO,62,5365,2,163
28-03-2021,GM,Gambia,AFRO,36,5401,0,163
29-03-2021,GM,Gambia,AFRO,19,5420,1,164
30-03-2021,GM,Gambia,AFRO,0,5420,0,164
31-03-2021,GM,Gambia,AFRO,0,5420,0,164
01-04-2021,GM,Gambia,AFRO,39,5459,0,164
02-04-2021,GM,Gambia,AFRO,0,5459,1,165
03-04-2021,GM,Gambia,AFRO,0,5459,0,165
04-04-2021,GM,Gambia,AFRO,0,5459,0,165
05-04-2021,GM,Gambia,AFRO,46,5505,1,166
06-04-2021,GM,Gambia,AFRO,0,5505,0,166
07-04-2021,GM,Gambia,AFRO,59,5564,0,166
08-04-2021,GM,Gambia,AFRO,0,5564,0,166
09-04-2021,GM,Gambia,AFRO,0,5564,0,166
10-04-2021,GM,Gambia,AFRO,0,5564,0,166
11-04-2021,GM,Gambia,AFRO,38,5602,2,168
12-04-2021,GM,Gambia,AFRO,0,5602,0,168
13-04-2021,GM,Gambia,AFRO,0,5602,0,168
14-04-2021,GM,Gambia,AFRO,0,5602,0,168
15-04-2021,GM,Gambia,AFRO,80,5682,2,170
16-04-2021,GM,Gambia,AFRO,12,5694,0,170
17-04-2021,GM,Gambia,AFRO,26,5720,0,170
18-04-2021,GM,Gambia,AFRO,13,5733,0,170
19-04-2021,GM,Gambia,AFRO,0,5733,0,170
20-04-2021,GM,Gambia,AFRO,0,5733,0,170
21-04-2021,GM,Gambia,AFRO,51,5784,0,170
22-04-2021,GM,Gambia,AFRO,4,5788,1,171
23-04-2021,GM,Gambia,AFRO,0,5788,0,171
24-04-2021,GM,Gambia,AFRO,32,5820,2,173
25-04-2021,GM,Gambia,AFRO,0,5820,0,173
26-04-2021,GM,Gambia,AFRO,37,5857,0,173
27-04-2021,GM,Gambia,AFRO,0,5857,0,173
28-04-2021,GM,Gambia,AFRO,25,5882,1,174
29-04-2021,GM,Gambia,AFRO,3,5885,0,174
30-04-2021,GM,Gambia,AFRO,2,5887,0,174
01-05-2021,GM,Gambia,AFRO,11,5898,0,174
02-05-2021,GM,Gambia,AFRO,0,5898,0,174
03-05-2021,GM,Gambia,AFRO,3,5901,1,175
04-05-2021,GM,Gambia,AFRO,0,5901,0,175
05-05-2021,GM,Gambia,AFRO,13,5914,0,175
06-05-2021,GM,Gambia,AFRO,8,5922,0,175
07-05-2021,GM,Gambia,AFRO,3,5925,0,175
08-05-2021,GM,Gambia,AFRO,0,5925,0,175
09-05-2021,GM,Gambia,AFRO,4,5929,0,175
10-05-2021,GM,Gambia,AFRO,0,5929,0,175
11-05-2021,GM,Gambia,AFRO,0,5929,0,175
12-05-2021,GM,Gambia,AFRO,5,5934,0,175
13-05-2021,GM,Gambia,AFRO,0,5934,0,175
14-05-2021,GM,Gambia,AFRO,6,5940,0,175
15-05-2021,GM,Gambia,AFRO,0,5940,0,175
16-05-2021,GM,Gambia,AFRO,6,5946,0,175
17-05-2021,GM,Gambia,AFRO,0,5946,0,175
18-05-2021,GM,Gambia,AFRO,11,5957,0,175
19-05-2021,GM,Gambia,AFRO,9,5966,0,175
20-05-2021,GM,Gambia,AFRO,2,5968,0,175
21-05-2021,GM,Gambia,AFRO,0,5968,0,175
22-05-2021,GM,Gambia,AFRO,3,5971,2,177
23-05-2021,GM,Gambia,AFRO,7,5978,1,178
24-05-2021,GM,Gambia,AFRO,0,5978,0,178
25-05-2021,GM,Gambia,AFRO,0,5978,0,178
26-05-2021,GM,Gambia,AFRO,0,5978,0,178
27-05-2021,GM,Gambia,AFRO,12,5990,0,178
28-05-2021,GM,Gambia,AFRO,1,5991,0,178
29-05-2021,GM,Gambia,AFRO,0,5991,0,178
30-05-2021,GM,Gambia,AFRO,2,5993,1,179
01-01-2021,GE,Georgia,EURO,990,228410,23,2528
02-01-2021,GE,Georgia,EURO,342,228752,44,2572
03-01-2021,GE,Georgia,EURO,417,229169,31,2603
04-01-2021,GE,Georgia,EURO,594,229763,25,2628
05-01-2021,GE,Georgia,EURO,2316,232079,18,2646
06-01-2021,GE,Georgia,EURO,1800,233879,20,2666
07-01-2021,GE,Georgia,EURO,1612,235491,28,2694
08-01-2021,GE,Georgia,EURO,537,236028,34,2728
09-01-2021,GE,Georgia,EURO,2058,238086,22,2750
10-01-2021,GE,Georgia,EURO,1143,239229,23,2773
11-01-2021,GE,Georgia,EURO,551,239780,23,2796
12-01-2021,GE,Georgia,EURO,1857,241637,24,2820
13-01-2021,GE,Georgia,EURO,1618,243255,26,2846
14-01-2021,GE,Georgia,EURO,1357,244612,21,2867
15-01-2021,GE,Georgia,EURO,1177,245789,26,2893
16-01-2021,GE,Georgia,EURO,1236,247025,23,2916
17-01-2021,GE,Georgia,EURO,780,247805,17,2933
18-01-2021,GE,Georgia,EURO,110,247915,25,2958
19-01-2021,GE,Georgia,EURO,1550,249465,15,2973
20-01-2021,GE,Georgia,EURO,469,249934,14,2987
21-01-2021,GE,Georgia,EURO,1137,251071,11,2998
22-01-2021,GE,Georgia,EURO,903,251974,24,3022
23-01-2021,GE,Georgia,EURO,998,252972,16,3038
24-01-2021,GE,Georgia,EURO,546,253518,17,3055
25-01-2021,GE,Georgia,EURO,298,253816,16,3071
26-01-2021,GE,Georgia,EURO,1006,254822,25,3096
27-01-2021,GE,Georgia,EURO,742,255564,12,3108
28-01-2021,GE,Georgia,EURO,723,256287,19,3127
29-01-2021,GE,Georgia,EURO,669,256956,21,3148
30-01-2021,GE,Georgia,EURO,676,257632,11,3159
31-01-2021,GE,Georgia,EURO,479,258111,19,3178
01-02-2021,GE,Georgia,EURO,240,258351,16,3194
02-02-2021,GE,Georgia,EURO,858,259209,14,3208
03-02-2021,GE,Georgia,EURO,688,259897,13,3221
04-02-2021,GE,Georgia,EURO,583,260480,19,3240
05-02-2021,GE,Georgia,EURO,538,261018,18,3258
06-02-2021,GE,Georgia,EURO,602,261620,11,3269
07-02-2021,GE,Georgia,EURO,404,262024,14,3283
08-02-2021,GE,Georgia,EURO,204,262228,15,3298
09-02-2021,GE,Georgia,EURO,829,263057,8,3306
10-02-2021,GE,Georgia,EURO,544,263601,5,3311
11-02-2021,GE,Georgia,EURO,557,264158,10,3321
12-02-2021,GE,Georgia,EURO,507,264665,15,3336
13-02-2021,GE,Georgia,EURO,535,265200,7,3343
14-02-2021,GE,Georgia,EURO,357,265557,9,3352
15-02-2021,GE,Georgia,EURO,165,265722,11,3363
16-02-2021,GE,Georgia,EURO,740,266462,14,3377
17-02-2021,GE,Georgia,EURO,486,266948,13,3390
18-02-2021,GE,Georgia,EURO,365,267313,9,3399
19-02-2021,GE,Georgia,EURO,388,267701,7,3406
20-02-2021,GE,Georgia,EURO,396,268097,19,3425
21-02-2021,GE,Georgia,EURO,258,268355,10,3435
22-02-2021,GE,Georgia,EURO,147,268502,12,3447
23-02-2021,GE,Georgia,EURO,493,268995,10,3457
24-02-2021,GE,Georgia,EURO,443,269438,6,3463
25-02-2021,GE,Georgia,EURO,362,269800,12,3475
26-02-2021,GE,Georgia,EURO,337,270137,10,3485
27-02-2021,GE,Georgia,EURO,373,270510,14,3499
28-02-2021,GE,Georgia,EURO,248,270758,11,3510
01-03-2021,GE,Georgia,EURO,160,270918,10,3520
02-03-2021,GE,Georgia,EURO,461,271379,12,3532
03-03-2021,GE,Georgia,EURO,360,271739,9,3541
04-03-2021,GE,Georgia,EURO,133,271872,12,3553
05-03-2021,GE,Georgia,EURO,390,272262,10,3563
06-03-2021,GE,Georgia,EURO,355,272617,4,3567
07-03-2021,GE,Georgia,EURO,234,272851,9,3576
08-03-2021,GE,Georgia,EURO,147,272998,15,3591
09-03-2021,GE,Georgia,EURO,139,273137,10,3601
10-03-2021,GE,Georgia,EURO,513,273650,12,3613
11-03-2021,GE,Georgia,EURO,395,274045,9,3622
12-03-2021,GE,Georgia,EURO,332,274377,12,3634
13-03-2021,GE,Georgia,EURO,344,274721,9,3643
14-03-2021,GE,Georgia,EURO,268,274989,5,3648
15-03-2021,GE,Georgia,EURO,159,275148,2,3650
16-03-2021,GE,Georgia,EURO,537,275685,8,3658
17-03-2021,GE,Georgia,EURO,382,276067,7,3665
18-03-2021,GE,Georgia,EURO,369,276436,9,3674
19-03-2021,GE,Georgia,EURO,360,276796,9,3683
20-03-2021,GE,Georgia,EURO,422,277218,8,3691
21-03-2021,GE,Georgia,EURO,262,277480,9,3700
22-03-2021,GE,Georgia,EURO,170,277650,10,3710
23-03-2021,GE,Georgia,EURO,528,278178,4,3714
24-03-2021,GE,Georgia,EURO,450,278628,8,3722
25-03-2021,GE,Georgia,EURO,399,279027,10,3732
26-03-2021,GE,Georgia,EURO,419,279446,6,3738
27-03-2021,GE,Georgia,EURO,490,279936,8,3746
28-03-2021,GE,Georgia,EURO,365,280301,5,3751
29-03-2021,GE,Georgia,EURO,171,280472,14,3765
30-03-2021,GE,Georgia,EURO,673,281145,8,3773
31-03-2021,GE,Georgia,EURO,616,281761,5,3778
01-04-2021,GE,Georgia,EURO,499,282260,7,3785
02-04-2021,GE,Georgia,EURO,529,282789,13,3798
03-04-2021,GE,Georgia,EURO,580,283369,6,3804
04-04-2021,GE,Georgia,EURO,464,283833,7,3811
05-04-2021,GE,Georgia,EURO,228,284061,11,3822
06-04-2021,GE,Georgia,EURO,897,284958,10,3832
07-04-2021,GE,Georgia,EURO,687,285645,8,3840
08-04-2021,GE,Georgia,EURO,761,286406,9,3849
09-04-2021,GE,Georgia,EURO,777,287183,9,3858
10-04-2021,GE,Georgia,EURO,506,287689,11,3869
11-04-2021,GE,Georgia,EURO,707,288396,8,3877
12-04-2021,GE,Georgia,EURO,359,288755,6,3883
13-04-2021,GE,Georgia,EURO,1374,290129,11,3894
14-04-2021,GE,Georgia,EURO,1085,291214,7,3901
15-04-2021,GE,Georgia,EURO,1030,292244,7,3908
16-04-2021,GE,Georgia,EURO,1077,293321,8,3916
17-04-2021,GE,Georgia,EURO,1219,294540,9,3925
18-04-2021,GE,Georgia,EURO,818,295358,14,3939
19-04-2021,GE,Georgia,EURO,578,295936,10,3949
20-04-2021,GE,Georgia,EURO,1792,297728,10,3959
21-04-2021,GE,Georgia,EURO,1310,299038,12,3971
22-04-2021,GE,Georgia,EURO,1226,300264,10,3981
23-04-2021,GE,Georgia,EURO,1271,301535,11,3992
24-04-2021,GE,Georgia,EURO,1250,302785,15,4007
25-04-2021,GE,Georgia,EURO,966,303751,18,4025
26-04-2021,GE,Georgia,EURO,521,304272,18,4043
27-04-2021,GE,Georgia,EURO,1578,305850,17,4060
28-04-2021,GE,Georgia,EURO,1551,307401,17,4077
29-04-2021,GE,Georgia,EURO,1433,308834,18,4095
30-04-2021,GE,Georgia,EURO,1476,310310,15,4110
01-05-2021,GE,Georgia,EURO,1147,311457,20,4130
02-05-2021,GE,Georgia,EURO,988,312445,21,4151
03-05-2021,GE,Georgia,EURO,509,312954,12,4163
04-05-2021,GE,Georgia,EURO,788,313742,20,4183
05-05-2021,GE,Georgia,EURO,2171,315913,24,4207
06-05-2021,GE,Georgia,EURO,1806,317719,20,4227
07-05-2021,GE,Georgia,EURO,1547,319266,18,4245
08-05-2021,GE,Georgia,EURO,1564,320830,18,4263
09-05-2021,GE,Georgia,EURO,1089,321919,18,4281
10-05-2021,GE,Georgia,EURO,549,322468,24,4305
11-05-2021,GE,Georgia,EURO,1788,324256,31,4336
12-05-2021,GE,Georgia,EURO,1409,325665,27,4363
13-05-2021,GE,Georgia,EURO,776,326441,16,4379
14-05-2021,GE,Georgia,EURO,1390,327831,18,4397
15-05-2021,GE,Georgia,EURO,1576,329407,29,4426
16-05-2021,GE,Georgia,EURO,968,330375,16,4442
17-05-2021,GE,Georgia,EURO,504,330879,27,4469
18-05-2021,GE,Georgia,EURO,1562,332441,30,4499
19-05-2021,GE,Georgia,EURO,1160,333601,20,4519
20-05-2021,GE,Georgia,EURO,1104,334705,21,4540
21-05-2021,GE,Georgia,EURO,1064,335769,29,4569
22-05-2021,GE,Georgia,EURO,1071,336840,33,4602
23-05-2021,GE,Georgia,EURO,733,337573,20,4622
24-05-2021,GE,Georgia,EURO,388,337961,17,4639
25-05-2021,GE,Georgia,EURO,1354,339315,15,4654
26-05-2021,GE,Georgia,EURO,1015,340330,28,4682
27-05-2021,GE,Georgia,EURO,508,340838,17,4699
28-05-2021,GE,Georgia,EURO,1056,341894,28,4727
29-05-2021,GE,Georgia,EURO,986,342880,12,4739
30-05-2021,GE,Georgia,EURO,723,343603,18,4757
01-01-2021,DE,Germany,EURO,22924,1742661,553,33624
02-01-2021,DE,Germany,EURO,12690,1755351,336,33960
03-01-2021,DE,Germany,EURO,10315,1765666,312,34272
04-01-2021,DE,Germany,EURO,9847,1775513,302,34574
05-01-2021,DE,Germany,EURO,11897,1787410,944,35518
06-01-2021,DE,Germany,EURO,21237,1808647,1019,36537
07-01-2021,DE,Germany,EURO,26391,1835038,1070,37607
08-01-2021,DE,Germany,EURO,31849,1866887,1188,38795
09-01-2021,DE,Germany,EURO,24694,1891581,1083,39878
10-01-2021,DE,Germany,EURO,16946,1908527,465,40343
11-01-2021,DE,Germany,EURO,12497,1921024,343,40686
12-01-2021,DE,Germany,EURO,12802,1933826,891,41577
13-01-2021,DE,Germany,EURO,19600,1953426,1060,42637
14-01-2021,DE,Germany,EURO,25164,1978590,1244,43881
15-01-2021,DE,Germany,EURO,22368,2000958,1113,44994
16-01-2021,DE,Germany,EURO,18678,2019636,980,45974
17-01-2021,DE,Germany,EURO,13882,2033518,445,46419
18-01-2021,DE,Germany,EURO,7141,2040659,214,46633
19-01-2021,DE,Germany,EURO,11369,2052028,989,47622
20-01-2021,DE,Germany,EURO,15974,2068002,1148,48770
21-01-2021,DE,Germany,EURO,20398,2088400,1013,49783
22-01-2021,DE,Germany,EURO,17862,2106262,859,50642
23-01-2021,DE,Germany,EURO,16417,2122679,879,51521
24-01-2021,DE,Germany,EURO,12257,2134936,349,51870
25-01-2021,DE,Germany,EURO,6729,2141665,217,52087
26-01-2021,DE,Germany,EURO,6412,2148077,903,52990
27-01-2021,DE,Germany,EURO,13202,2161279,982,53972
28-01-2021,DE,Germany,EURO,17549,2178828,941,54913
29-01-2021,DE,Germany,EURO,14022,2192850,839,55752
30-01-2021,DE,Germany,EURO,12321,2205171,794,56546
31-01-2021,DE,Germany,EURO,11192,2216363,399,56945
01-02-2021,DE,Germany,EURO,5608,2221971,175,57120
02-02-2021,DE,Germany,EURO,6114,2228085,861,57981
03-02-2021,DE,Germany,EURO,9705,2237790,975,58956
04-02-2021,DE,Germany,EURO,14211,2252001,786,59742
05-02-2021,DE,Germany,EURO,12908,2264909,855,60597
06-02-2021,DE,Germany,EURO,10485,2275394,689,61286
07-02-2021,DE,Germany,EURO,8616,2284010,231,61517
08-02-2021,DE,Germany,EURO,4535,2288545,158,61675
09-02-2021,DE,Germany,EURO,3379,2291924,481,62156
10-02-2021,DE,Germany,EURO,8072,2299996,813,62969
11-02-2021,DE,Germany,EURO,10237,2310233,666,63635
12-02-2021,DE,Germany,EURO,9860,2320093,556,64191
13-02-2021,DE,Germany,EURO,8354,2328447,551,64742
14-02-2021,DE,Germany,EURO,6114,2334561,218,64960
15-02-2021,DE,Germany,EURO,4426,2338987,116,65076
16-02-2021,DE,Germany,EURO,3856,2342843,528,65604
17-02-2021,DE,Germany,EURO,7556,2350399,560,66164
18-02-2021,DE,Germany,EURO,10207,2360606,534,66698
19-02-2021,DE,Germany,EURO,9113,2369719,508,67206
20-02-2021,DE,Germany,EURO,9164,2378883,490,67696
21-02-2021,DE,Germany,EURO,7676,2386559,145,67841
22-02-2021,DE,Germany,EURO,4369,2390928,62,67903
23-02-2021,DE,Germany,EURO,3883,2394811,415,68318
24-02-2021,DE,Germany,EURO,8007,2402818,422,68740
25-02-2021,DE,Germany,EURO,11869,2414687,385,69125
26-02-2021,DE,Germany,EURO,9997,2424684,394,69519
27-02-2021,DE,Germany,EURO,9762,2434446,369,69888
28-02-2021,DE,Germany,EURO,7890,2442336,157,70045
01-03-2021,DE,Germany,EURO,4732,2447068,60,70105
02-03-2021,DE,Germany,EURO,3943,2451011,358,70463
03-03-2021,DE,Germany,EURO,9019,2460030,418,70881
04-03-2021,DE,Germany,EURO,11912,2471942,359,71240
05-03-2021,DE,Germany,EURO,10580,2482522,264,71504
06-03-2021,DE,Germany,EURO,9557,2492079,300,71804
07-03-2021,DE,Germany,EURO,8103,2500182,96,71900
08-03-2021,DE,Germany,EURO,5011,2505193,34,71934
09-03-2021,DE,Germany,EURO,4252,2509445,255,72189
10-03-2021,DE,Germany,EURO,9146,2518591,300,72489
11-03-2021,DE,Germany,EURO,14356,2532947,321,72810
12-03-2021,DE,Germany,EURO,12834,2545781,252,73062
13-03-2021,DE,Germany,EURO,12674,2558455,239,73301
14-03-2021,DE,Germany,EURO,10790,2569245,70,73371
15-03-2021,DE,Germany,EURO,6604,2575849,47,73418
16-03-2021,DE,Germany,EURO,5480,2581329,238,73656
17-03-2021,DE,Germany,EURO,13435,2594764,249,73905
18-03-2021,DE,Germany,EURO,17504,2612268,227,74132
19-03-2021,DE,Germany,EURO,17482,2629750,226,74358
20-03-2021,DE,Germany,EURO,16033,2645783,207,74565
21-03-2021,DE,Germany,EURO,13733,2659516,99,74664
22-03-2021,DE,Germany,EURO,7709,2667225,50,74714
23-03-2021,DE,Germany,EURO,7485,2674710,250,74964
24-03-2021,DE,Germany,EURO,15813,2690523,248,75212
25-03-2021,DE,Germany,EURO,22657,2713180,228,75440
26-03-2021,DE,Germany,EURO,21573,2734753,183,75623
27-03-2021,DE,Germany,EURO,20472,2755225,157,75780
28-03-2021,DE,Germany,EURO,17176,2772401,90,75870
29-03-2021,DE,Germany,EURO,9872,2782273,43,75913
30-03-2021,DE,Germany,EURO,9549,2791822,180,76093
31-03-2021,DE,Germany,EURO,17051,2808873,249,76342
01-04-2021,DE,Germany,EURO,24300,2833173,201,76543
02-04-2021,DE,Germany,EURO,21888,2855061,232,76775
03-04-2021,DE,Germany,EURO,18129,2873190,120,76895
04-04-2021,DE,Germany,EURO,12196,2885386,68,76963
05-04-2021,DE,Germany,EURO,8497,2893883,50,77013
06-04-2021,DE,Germany,EURO,6885,2900768,90,77103
07-04-2021,DE,Germany,EURO,9677,2910445,298,77401
08-04-2021,DE,Germany,EURO,20407,2930852,306,77707
09-04-2021,DE,Germany,EURO,25464,2956316,296,78003
10-04-2021,DE,Germany,EURO,24097,2980413,246,78249
11-04-2021,DE,Germany,EURO,17855,2998268,104,78353
12-04-2021,DE,Germany,EURO,13245,3011513,99,78452
13-04-2021,DE,Germany,EURO,10810,3022323,294,78746
14-04-2021,DE,Germany,EURO,21693,3044016,342,79088
15-04-2021,DE,Germany,EURO,29426,3073442,293,79381
16-04-2021,DE,Germany,EURO,25831,3099273,247,79628
17-04-2021,DE,Germany,EURO,23804,3123077,219,79847
18-04-2021,DE,Germany,EURO,19185,3142262,67,79914
19-04-2021,DE,Germany,EURO,0,3142262,0,79914
20-04-2021,DE,Germany,EURO,21046,3163308,389,80303
21-04-2021,DE,Germany,EURO,24884,3188192,331,80634
22-04-2021,DE,Germany,EURO,29518,3217710,259,80893
23-04-2021,DE,Germany,EURO,27543,3245253,265,81158
24-04-2021,DE,Germany,EURO,23392,3268645,286,81444
25-04-2021,DE,Germany,EURO,18773,3287418,120,81564
26-04-2021,DE,Germany,EURO,11907,3299325,60,81624
27-04-2021,DE,Germany,EURO,10976,3310301,344,81968
28-04-2021,DE,Germany,EURO,22231,3332532,312,82280
29-04-2021,DE,Germany,EURO,24736,3357268,264,82544
30-04-2021,DE,Germany,EURO,24329,3381597,306,82850
01-05-2021,DE,Germany,EURO,18935,3400532,232,83082
02-05-2021,DE,Germany,EURO,16290,3416822,110,83192
03-05-2021,DE,Germany,EURO,9160,3425982,84,83276
04-05-2021,DE,Germany,EURO,7534,3433516,315,83591
05-05-2021,DE,Germany,EURO,18034,3451550,285,83876
06-05-2021,DE,Germany,EURO,21953,3473503,250,84126
07-05-2021,DE,Germany,EURO,18485,3491988,284,84410
08-05-2021,DE,Germany,EURO,15685,3507673,238,84648
09-05-2021,DE,Germany,EURO,12656,3520329,127,84775
10-05-2021,DE,Germany,EURO,6922,3527251,54,84829
11-05-2021,DE,Germany,EURO,6125,3533376,283,85112
12-05-2021,DE,Germany,EURO,14909,3548285,268,85380
13-05-2021,DE,Germany,EURO,17419,3565704,278,85658
14-05-2021,DE,Germany,EURO,11336,3577040,190,85848
15-05-2021,DE,Germany,EURO,7894,3584934,177,86025
16-05-2021,DE,Germany,EURO,8500,3593434,71,86096
17-05-2021,DE,Germany,EURO,5412,3598846,64,86160
18-05-2021,DE,Germany,EURO,4209,3603055,221,86381
19-05-2021,DE,Germany,EURO,11040,3614095,284,86665
20-05-2021,DE,Germany,EURO,12298,3626393,237,86902
21-05-2021,DE,Germany,EURO,8769,3635162,226,87128
22-05-2021,DE,Germany,EURO,7082,3642244,170,87298
23-05-2021,DE,Germany,EURO,6714,3648958,82,87380
24-05-2021,DE,Germany,EURO,2682,3651640,43,87423
25-05-2021,DE,Germany,EURO,1911,3653551,33,87456
26-05-2021,DE,Germany,EURO,2626,3656177,270,87726
27-05-2021,DE,Germany,EURO,6313,3662490,269,87995
28-05-2021,DE,Germany,EURO,7380,3669870,192,88187
29-05-2021,DE,Germany,EURO,5426,3675296,163,88350
30-05-2021,DE,Germany,EURO,3852,3679148,56,88406
01-01-2021,GH,Ghana,AFRO,0,54771,0,335
02-01-2021,GH,Ghana,AFRO,0,54771,0,335
03-01-2021,GH,Ghana,AFRO,293,55064,0,335
04-01-2021,GH,Ghana,AFRO,104,55168,0,335
05-01-2021,GH,Ghana,AFRO,0,55168,0,335
06-01-2021,GH,Ghana,AFRO,0,55168,0,335
07-01-2021,GH,Ghana,AFRO,0,55168,0,335
08-01-2021,GH,Ghana,AFRO,293,55461,1,336
09-01-2021,GH,Ghana,AFRO,0,55461,0,336
10-01-2021,GH,Ghana,AFRO,311,55772,0,336
11-01-2021,GH,Ghana,AFRO,0,55772,0,336
12-01-2021,GH,Ghana,AFRO,458,56230,2,338
13-01-2021,GH,Ghana,AFRO,191,56421,0,338
14-01-2021,GH,Ghana,AFRO,560,56981,3,341
15-01-2021,GH,Ghana,AFRO,0,56981,0,341
16-01-2021,GH,Ghana,AFRO,0,56981,0,341
17-01-2021,GH,Ghana,AFRO,0,56981,0,341
18-01-2021,GH,Ghana,AFRO,733,57714,5,346
19-01-2021,GH,Ghana,AFRO,351,58065,6,352
20-01-2021,GH,Ghana,AFRO,366,58431,6,358
21-01-2021,GH,Ghana,AFRO,391,58822,0,358
22-01-2021,GH,Ghana,AFRO,658,59480,3,361
23-01-2021,GH,Ghana,AFRO,0,59480,0,361
24-01-2021,GH,Ghana,AFRO,635,60115,0,361
25-01-2021,GH,Ghana,AFRO,679,60794,6,367
26-01-2021,GH,Ghana,AFRO,1341,62135,5,372
27-01-2021,GH,Ghana,AFRO,0,62135,0,372
28-01-2021,GH,Ghana,AFRO,616,62751,5,377
29-01-2021,GH,Ghana,AFRO,1132,63883,13,390
30-01-2021,GH,Ghana,AFRO,0,63883,0,390
31-01-2021,GH,Ghana,AFRO,1544,65427,15,405
01-02-2021,GH,Ghana,AFRO,1583,67010,11,416
02-02-2021,GH,Ghana,AFRO,0,67010,0,416
03-02-2021,GH,Ghana,AFRO,772,67782,8,424
04-02-2021,GH,Ghana,AFRO,0,67782,0,424
05-02-2021,GH,Ghana,AFRO,777,68559,9,433
06-02-2021,GH,Ghana,AFRO,1481,70040,16,449
07-02-2021,GH,Ghana,AFRO,6,70046,0,449
08-02-2021,GH,Ghana,AFRO,722,70768,8,457
09-02-2021,GH,Ghana,AFRO,765,71533,7,464
10-02-2021,GH,Ghana,AFRO,1470,73003,18,482
11-02-2021,GH,Ghana,AFRO,0,73003,0,482
12-02-2021,GH,Ghana,AFRO,554,73557,12,494
13-02-2021,GH,Ghana,AFRO,790,74347,11,505
14-02-2021,GH,Ghana,AFRO,771,75118,13,518
15-02-2021,GH,Ghana,AFRO,718,75836,15,533
16-02-2021,GH,Ghana,AFRO,656,76492,9,542
17-02-2021,GH,Ghana,AFRO,1256,77748,19,561
18-02-2021,GH,Ghana,AFRO,0,77748,0,561
19-02-2021,GH,Ghana,AFRO,941,78689,7,568
20-02-2021,GH,Ghana,AFRO,476,79165,0,568
21-02-2021,GH,Ghana,AFRO,491,79656,4,572
22-02-2021,GH,Ghana,AFRO,597,80253,5,577
23-02-2021,GH,Ghana,AFRO,506,80759,5,582
24-02-2021,GH,Ghana,AFRO,486,81245,2,584
25-02-2021,GH,Ghana,AFRO,0,81245,0,584
26-02-2021,GH,Ghana,AFRO,428,81673,4,588
27-02-2021,GH,Ghana,AFRO,913,82586,6,594
28-02-2021,GH,Ghana,AFRO,0,82586,0,594
01-03-2021,GH,Ghana,AFRO,1437,84023,13,607
02-03-2021,GH,Ghana,AFRO,0,84023,0,607
03-03-2021,GH,Ghana,AFRO,0,84023,0,607
04-03-2021,GH,Ghana,AFRO,326,84349,4,611
05-03-2021,GH,Ghana,AFRO,0,84349,0,611
06-03-2021,GH,Ghana,AFRO,890,85239,18,629
07-03-2021,GH,Ghana,AFRO,853,86092,11,640
08-03-2021,GH,Ghana,AFRO,373,86465,7,647
09-03-2021,GH,Ghana,AFRO,0,86465,0,647
10-03-2021,GH,Ghana,AFRO,0,86465,0,647
11-03-2021,GH,Ghana,AFRO,272,86737,9,656
12-03-2021,GH,Ghana,AFRO,0,86737,0,656
13-03-2021,GH,Ghana,AFRO,0,86737,0,656
14-03-2021,GH,Ghana,AFRO,1025,87762,29,685
15-03-2021,GH,Ghana,AFRO,0,87762,0,685
16-03-2021,GH,Ghana,AFRO,223,87985,6,691
17-03-2021,GH,Ghana,AFRO,243,88228,7,698
18-03-2021,GH,Ghana,AFRO,193,88421,7,705
19-03-2021,GH,Ghana,AFRO,0,88421,0,705
20-03-2021,GH,Ghana,AFRO,587,89008,8,713
21-03-2021,GH,Ghana,AFRO,268,89276,3,716
22-03-2021,GH,Ghana,AFRO,407,89683,9,725
23-03-2021,GH,Ghana,AFRO,104,89787,6,731
24-03-2021,GH,Ghana,AFRO,106,89893,3,734
25-03-2021,GH,Ghana,AFRO,0,89893,0,734
26-03-2021,GH,Ghana,AFRO,106,89999,3,737
27-03-2021,GH,Ghana,AFRO,288,90287,3,740
28-03-2021,GH,Ghana,AFRO,0,90287,0,740
29-03-2021,GH,Ghana,AFRO,0,90287,0,740
30-03-2021,GH,Ghana,AFRO,0,90287,0,740
31-03-2021,GH,Ghana,AFRO,265,90552,2,742
01-04-2021,GH,Ghana,AFRO,31,90583,1,743
02-04-2021,GH,Ghana,AFRO,66,90649,1,744
03-04-2021,GH,Ghana,AFRO,25,90674,0,744
04-04-2021,GH,Ghana,AFRO,0,90674,0,744
05-04-2021,GH,Ghana,AFRO,108,90782,4,748
06-04-2021,GH,Ghana,AFRO,164,90946,4,752
07-04-2021,GH,Ghana,AFRO,63,91009,0,752
08-04-2021,GH,Ghana,AFRO,0,91009,0,752
09-04-2021,GH,Ghana,AFRO,100,91109,0,752
10-04-2021,GH,Ghana,AFRO,0,91109,0,752
11-04-2021,GH,Ghana,AFRO,151,91260,2,754
12-04-2021,GH,Ghana,AFRO,0,91260,0,754
13-04-2021,GH,Ghana,AFRO,0,91260,0,754
14-04-2021,GH,Ghana,AFRO,150,91410,7,761
15-04-2021,GH,Ghana,AFRO,67,91477,2,763
16-04-2021,GH,Ghana,AFRO,68,91545,3,766
17-04-2021,GH,Ghana,AFRO,0,91545,0,766
18-04-2021,GH,Ghana,AFRO,118,91663,5,771
19-04-2021,GH,Ghana,AFRO,46,91709,0,771
20-04-2021,GH,Ghana,AFRO,0,91709,0,771
21-04-2021,GH,Ghana,AFRO,74,91783,1,772
22-04-2021,GH,Ghana,AFRO,0,91783,0,772
23-04-2021,GH,Ghana,AFRO,0,91783,0,772
24-04-2021,GH,Ghana,AFRO,145,91928,5,777
25-04-2021,GH,Ghana,AFRO,0,91928,0,777
26-04-2021,GH,Ghana,AFRO,238,92166,0,777
27-04-2021,GH,Ghana,AFRO,87,92253,0,777
28-04-2021,GH,Ghana,AFRO,211,92464,2,779
29-04-2021,GH,Ghana,AFRO,49,92513,0,779
30-04-2021,GH,Ghana,AFRO,49,92562,0,779
01-05-2021,GH,Ghana,AFRO,0,92562,0,779
02-05-2021,GH,Ghana,AFRO,39,92601,0,779
03-05-2021,GH,Ghana,AFRO,82,92683,0,779
04-05-2021,GH,Ghana,AFRO,0,92683,0,779
05-05-2021,GH,Ghana,AFRO,57,92740,1,780
06-05-2021,GH,Ghana,AFRO,88,92828,3,783
07-05-2021,GH,Ghana,AFRO,0,92828,0,783
08-05-2021,GH,Ghana,AFRO,28,92856,0,783
09-05-2021,GH,Ghana,AFRO,0,92856,0,783
10-05-2021,GH,Ghana,AFRO,95,92951,0,783
11-05-2021,GH,Ghana,AFRO,60,93011,0,783
12-05-2021,GH,Ghana,AFRO,0,93011,0,783
13-05-2021,GH,Ghana,AFRO,114,93125,0,783
14-05-2021,GH,Ghana,AFRO,34,93159,0,783
15-05-2021,GH,Ghana,AFRO,84,93243,0,783
16-05-2021,GH,Ghana,AFRO,0,93243,0,783
17-05-2021,GH,Ghana,AFRO,90,93333,0,783
18-05-2021,GH,Ghana,AFRO,0,93333,0,783
19-05-2021,GH,Ghana,AFRO,123,93456,0,783
20-05-2021,GH,Ghana,AFRO,0,93456,0,783
21-05-2021,GH,Ghana,AFRO,0,93456,0,783
22-05-2021,GH,Ghana,AFRO,65,93521,0,783
23-05-2021,GH,Ghana,AFRO,62,93583,0,783
24-05-2021,GH,Ghana,AFRO,37,93620,0,783
25-05-2021,GH,Ghana,AFRO,24,93644,0,783
26-05-2021,GH,Ghana,AFRO,67,93711,0,783
27-05-2021,GH,Ghana,AFRO,12,93723,0,783
28-05-2021,GH,Ghana,AFRO,0,93723,0,783
29-05-2021,GH,Ghana,AFRO,52,93775,1,784
30-05-2021,GH,Ghana,AFRO,0,93775,0,784
01-01-2021,GI,Gibraltar,EURO,180,1965,0,6
02-01-2021,GI,Gibraltar,EURO,67,2032,1,7
03-01-2021,GI,Gibraltar,EURO,172,2204,0,7
04-01-2021,GI,Gibraltar,EURO,92,2296,0,7
05-01-2021,GI,Gibraltar,EURO,102,2398,1,8
06-01-2021,GI,Gibraltar,EURO,107,2505,0,8
07-01-2021,GI,Gibraltar,EURO,113,2618,2,10
08-01-2021,GI,Gibraltar,EURO,172,2790,1,11
09-01-2021,GI,Gibraltar,EURO,130,2920,0,11
10-01-2021,GI,Gibraltar,EURO,93,3013,1,12
11-01-2021,GI,Gibraltar,EURO,88,3101,0,12
12-01-2021,GI,Gibraltar,EURO,61,3162,4,16
13-01-2021,GI,Gibraltar,EURO,70,3232,0,16
14-01-2021,GI,Gibraltar,EURO,84,3316,1,17
15-01-2021,GI,Gibraltar,EURO,107,3423,3,20
16-01-2021,GI,Gibraltar,EURO,78,3501,5,25
17-01-2021,GI,Gibraltar,EURO,66,3567,5,30
18-01-2021,GI,Gibraltar,EURO,62,3629,4,34
19-01-2021,GI,Gibraltar,EURO,33,3662,9,43
20-01-2021,GI,Gibraltar,EURO,42,3704,2,45
21-01-2021,GI,Gibraltar,EURO,81,3785,2,47
22-01-2021,GI,Gibraltar,EURO,52,3837,6,53
23-01-2021,GI,Gibraltar,EURO,36,3873,6,59
24-01-2021,GI,Gibraltar,EURO,24,3897,0,59
25-01-2021,GI,Gibraltar,EURO,30,3927,3,62
26-01-2021,GI,Gibraltar,EURO,31,3958,1,63
27-01-2021,GI,Gibraltar,EURO,26,3984,2,65
28-01-2021,GI,Gibraltar,EURO,32,4016,4,69
29-01-2021,GI,Gibraltar,EURO,33,4049,1,70
30-01-2021,GI,Gibraltar,EURO,25,4074,0,70
31-01-2021,GI,Gibraltar,EURO,14,4088,3,73
01-02-2021,GI,Gibraltar,EURO,12,4100,2,75
02-02-2021,GI,Gibraltar,EURO,6,4106,2,77
03-02-2021,GI,Gibraltar,EURO,14,4120,1,78
04-02-2021,GI,Gibraltar,EURO,15,4135,1,79
05-02-2021,GI,Gibraltar,EURO,13,4148,0,79
06-02-2021,GI,Gibraltar,EURO,7,4155,0,79
07-02-2021,GI,Gibraltar,EURO,7,4162,1,80
08-02-2021,GI,Gibraltar,EURO,7,4169,0,80
09-02-2021,GI,Gibraltar,EURO,5,4174,3,83
10-02-2021,GI,Gibraltar,EURO,5,4179,0,83
11-02-2021,GI,Gibraltar,EURO,3,4182,0,83
12-02-2021,GI,Gibraltar,EURO,7,4189,0,83
13-02-2021,GI,Gibraltar,EURO,6,4195,0,83
14-02-2021,GI,Gibraltar,EURO,9,4204,1,84
15-02-2021,GI,Gibraltar,EURO,3,4207,1,85
16-02-2021,GI,Gibraltar,EURO,4,4211,2,87
17-02-2021,GI,Gibraltar,EURO,4,4215,0,87
18-02-2021,GI,Gibraltar,EURO,1,4216,0,87
19-02-2021,GI,Gibraltar,EURO,2,4218,0,87
20-02-2021,GI,Gibraltar,EURO,1,4219,1,88
21-02-2021,GI,Gibraltar,EURO,1,4220,0,88
22-02-2021,GI,Gibraltar,EURO,0,4220,0,88
23-02-2021,GI,Gibraltar,EURO,0,4220,2,90
24-02-2021,GI,Gibraltar,EURO,4,4224,1,91
25-02-2021,GI,Gibraltar,EURO,2,4226,0,91
26-02-2021,GI,Gibraltar,EURO,0,4226,0,91
27-02-2021,GI,Gibraltar,EURO,1,4227,1,92
28-02-2021,GI,Gibraltar,EURO,1,4228,0,92
01-03-2021,GI,Gibraltar,EURO,2,4230,1,93
02-03-2021,GI,Gibraltar,EURO,1,4231,0,93
03-03-2021,GI,Gibraltar,EURO,0,4231,0,93
04-03-2021,GI,Gibraltar,EURO,4,4235,0,93
05-03-2021,GI,Gibraltar,EURO,0,4235,0,93
06-03-2021,GI,Gibraltar,EURO,0,4235,0,93
07-03-2021,GI,Gibraltar,EURO,1,4236,0,93
08-03-2021,GI,Gibraltar,EURO,3,4239,0,93
09-03-2021,GI,Gibraltar,EURO,2,4241,0,93
10-03-2021,GI,Gibraltar,EURO,0,4241,0,93
11-03-2021,GI,Gibraltar,EURO,6,4247,0,93
12-03-2021,GI,Gibraltar,EURO,1,4248,0,93
13-03-2021,GI,Gibraltar,EURO,3,4251,0,93
14-03-2021,GI,Gibraltar,EURO,4,4255,0,93
15-03-2021,GI,Gibraltar,EURO,0,4255,1,94
16-03-2021,GI,Gibraltar,EURO,0,4255,0,94
17-03-2021,GI,Gibraltar,EURO,0,4255,0,94
18-03-2021,GI,Gibraltar,EURO,6,4261,0,94
19-03-2021,GI,Gibraltar,EURO,1,4262,0,94
20-03-2021,GI,Gibraltar,EURO,0,4262,0,94
21-03-2021,GI,Gibraltar,EURO,0,4262,0,94
22-03-2021,GI,Gibraltar,EURO,0,4262,0,94
23-03-2021,GI,Gibraltar,EURO,0,4262,0,94
24-03-2021,GI,Gibraltar,EURO,0,4262,0,94
25-03-2021,GI,Gibraltar,EURO,1,4263,0,94
26-03-2021,GI,Gibraltar,EURO,0,4263,0,94
27-03-2021,GI,Gibraltar,EURO,1,4264,0,94
28-03-2021,GI,Gibraltar,EURO,1,4265,0,94
29-03-2021,GI,Gibraltar,EURO,0,4265,0,94
30-03-2021,GI,Gibraltar,EURO,0,4265,0,94
31-03-2021,GI,Gibraltar,EURO,0,4265,0,94
01-04-2021,GI,Gibraltar,EURO,1,4266,0,94
02-04-2021,GI,Gibraltar,EURO,0,4266,0,94
03-04-2021,GI,Gibraltar,EURO,1,4267,0,94
04-04-2021,GI,Gibraltar,EURO,0,4267,0,94
05-04-2021,GI,Gibraltar,EURO,0,4267,0,94
06-04-2021,GI,Gibraltar,EURO,0,4267,0,94
07-04-2021,GI,Gibraltar,EURO,0,4267,0,94
08-04-2021,GI,Gibraltar,EURO,0,4267,0,94
09-04-2021,GI,Gibraltar,EURO,0,4267,0,94
10-04-2021,GI,Gibraltar,EURO,1,4268,0,94
11-04-2021,GI,Gibraltar,EURO,1,4269,0,94
12-04-2021,GI,Gibraltar,EURO,0,4269,0,94
13-04-2021,GI,Gibraltar,EURO,0,4269,0,94
14-04-2021,GI,Gibraltar,EURO,0,4269,0,94
15-04-2021,GI,Gibraltar,EURO,0,4269,0,94
16-04-2021,GI,Gibraltar,EURO,13,4282,0,94
17-04-2021,GI,Gibraltar,EURO,0,4282,0,94
18-04-2021,GI,Gibraltar,EURO,1,4283,0,94
19-04-2021,GI,Gibraltar,EURO,0,4283,0,94
20-04-2021,GI,Gibraltar,EURO,0,4283,0,94
21-04-2021,GI,Gibraltar,EURO,0,4283,0,94
22-04-2021,GI,Gibraltar,EURO,0,4283,0,94
23-04-2021,GI,Gibraltar,EURO,0,4283,0,94
24-04-2021,GI,Gibraltar,EURO,0,4283,0,94
25-04-2021,GI,Gibraltar,EURO,0,4283,0,94
26-04-2021,GI,Gibraltar,EURO,0,4283,0,94
27-04-2021,GI,Gibraltar,EURO,0,4283,0,94
28-04-2021,GI,Gibraltar,EURO,0,4283,0,94
29-04-2021,GI,Gibraltar,EURO,0,4283,0,94
30-04-2021,GI,Gibraltar,EURO,0,4283,0,94
01-05-2021,GI,Gibraltar,EURO,0,4283,0,94
02-05-2021,GI,Gibraltar,EURO,0,4283,0,94
03-05-2021,GI,Gibraltar,EURO,0,4283,0,94
04-05-2021,GI,Gibraltar,EURO,0,4283,0,94
05-05-2021,GI,Gibraltar,EURO,0,4283,0,94
06-05-2021,GI,Gibraltar,EURO,3,4286,0,94
07-05-2021,GI,Gibraltar,EURO,0,4286,0,94
08-05-2021,GI,Gibraltar,EURO,0,4286,0,94
09-05-2021,GI,Gibraltar,EURO,0,4286,0,94
10-05-2021,GI,Gibraltar,EURO,0,4286,0,94
11-05-2021,GI,Gibraltar,EURO,0,4286,0,94
12-05-2021,GI,Gibraltar,EURO,0,4286,0,94
13-05-2021,GI,Gibraltar,EURO,0,4286,0,94
14-05-2021,GI,Gibraltar,EURO,0,4286,0,94
15-05-2021,GI,Gibraltar,EURO,0,4286,0,94
16-05-2021,GI,Gibraltar,EURO,0,4286,0,94
17-05-2021,GI,Gibraltar,EURO,0,4286,0,94
18-05-2021,GI,Gibraltar,EURO,0,4286,0,94
19-05-2021,GI,Gibraltar,EURO,0,4286,0,94
20-05-2021,GI,Gibraltar,EURO,0,4286,0,94
21-05-2021,GI,Gibraltar,EURO,0,4286,0,94
22-05-2021,GI,Gibraltar,EURO,0,4286,0,94
23-05-2021,GI,Gibraltar,EURO,0,4286,0,94
24-05-2021,GI,Gibraltar,EURO,1,4287,0,94
25-05-2021,GI,Gibraltar,EURO,0,4287,0,94
26-05-2021,GI,Gibraltar,EURO,0,4287,0,94
27-05-2021,GI,Gibraltar,EURO,3,4290,0,94
28-05-2021,GI,Gibraltar,EURO,0,4290,0,94
29-05-2021,GI,Gibraltar,EURO,2,4292,0,94
30-05-2021,GI,Gibraltar,EURO,1,4293,0,94
01-01-2021,GR,Greece,EURO,932,138850,50,4838
02-01-2021,GR,Greece,EURO,597,139447,43,4881
03-01-2021,GR,Greece,EURO,262,139709,40,4921
04-01-2021,GR,Greece,EURO,390,140099,36,4957
05-01-2021,GR,Greece,EURO,427,140526,54,5011
06-01-2021,GR,Greece,EURO,927,141453,40,5051
07-01-2021,GR,Greece,EURO,814,142267,48,5099
08-01-2021,GR,Greece,EURO,510,142777,47,5146
09-01-2021,GR,Greece,EURO,717,143494,49,5195
10-01-2021,GR,Greece,EURO,799,144293,32,5227
11-01-2021,GR,Greece,EURO,445,144738,36,5263
12-01-2021,GR,Greece,EURO,441,145179,39,5302
13-01-2021,GR,Greece,EURO,841,146020,27,5329
14-01-2021,GR,Greece,EURO,668,146688,25,5354
15-01-2021,GR,Greece,EURO,595,147283,33,5387
16-01-2021,GR,Greece,EURO,577,147860,34,5421
17-01-2021,GR,Greece,EURO,510,148370,20,5441
18-01-2021,GR,Greece,EURO,237,148607,28,5469
19-01-2021,GR,Greece,EURO,318,148925,19,5488
20-01-2021,GR,Greece,EURO,537,149462,30,5518
21-01-2021,GR,Greece,EURO,511,149973,27,5545
22-01-2021,GR,Greece,EURO,506,150479,25,5570
23-01-2021,GR,Greece,EURO,562,151041,28,5598
24-01-2021,GR,Greece,EURO,605,151646,24,5622
25-01-2021,GR,Greece,EURO,334,151980,24,5646
26-01-2021,GR,Greece,EURO,432,152412,25,5671
27-01-2021,GR,Greece,EURO,814,153226,21,5692
28-01-2021,GR,Greece,EURO,857,154083,32,5724
29-01-2021,GR,Greece,EURO,713,154796,18,5742
30-01-2021,GR,Greece,EURO,882,155678,22,5764
31-01-2021,GR,Greece,EURO,795,156473,15,5779
01-02-2021,GR,Greece,EURO,484,156957,17,5796
02-02-2021,GR,Greece,EURO,538,157495,33,5829
03-02-2021,GR,Greece,EURO,1221,158716,22,5851
04-02-2021,GR,Greece,EURO,1150,159866,27,5878
05-02-2021,GR,Greece,EURO,1069,160935,25,5903
06-02-2021,GR,Greece,EURO,1172,162107,19,5922
07-02-2021,GR,Greece,EURO,1106,163213,29,5951
08-02-2021,GR,Greece,EURO,733,163946,21,5972
09-02-2021,GR,Greece,EURO,629,164575,25,5997
10-02-2021,GR,Greece,EURO,1492,166067,20,6017
11-02-2021,GR,Greece,EURO,1482,167549,17,6034
12-02-2021,GR,Greece,EURO,1323,168872,22,6056
13-02-2021,GR,Greece,EURO,1372,170244,21,6077
14-02-2021,GR,Greece,EURO,1222,171466,26,6103
15-02-2021,GR,Greece,EURO,662,172128,23,6126
16-02-2021,GR,Greece,EURO,696,172824,26,6152
17-02-2021,GR,Greece,EURO,1081,173905,29,6181
18-02-2021,GR,Greece,EURO,754,174659,13,6194
19-02-2021,GR,Greece,EURO,1400,176059,27,6221
20-02-2021,GR,Greece,EURO,1435,177494,28,6249
21-02-2021,GR,Greece,EURO,1424,178918,23,6272
22-02-2021,GR,Greece,EURO,884,179802,25,6297
23-02-2021,GR,Greece,EURO,870,180672,24,6321
24-02-2021,GR,Greece,EURO,2111,182783,22,6343
25-02-2021,GR,Greece,EURO,1903,184686,28,6371
26-02-2021,GR,Greece,EURO,1783,186469,39,6410
27-02-2021,GR,Greece,EURO,1732,188201,29,6439
28-02-2021,GR,Greece,EURO,1630,189831,29,6468
01-03-2021,GR,Greece,EURO,1269,191100,36,6504
02-03-2021,GR,Greece,EURO,1170,192270,30,6534
03-03-2021,GR,Greece,EURO,2312,194582,23,6557
04-03-2021,GR,Greece,EURO,2697,197279,40,6597
05-03-2021,GR,Greece,EURO,2217,199496,35,6632
06-03-2021,GR,Greece,EURO,2181,201677,32,6664
07-03-2021,GR,Greece,EURO,2301,203978,41,6705
08-03-2021,GR,Greece,EURO,1142,205120,53,6758
09-03-2021,GR,Greece,EURO,1161,206281,39,6797
10-03-2021,GR,Greece,EURO,3181,209462,46,6843
11-03-2021,GR,Greece,EURO,2629,212091,43,6886
12-03-2021,GR,Greece,EURO,2570,214661,51,6937
13-03-2021,GR,Greece,EURO,2357,217018,49,6986
14-03-2021,GR,Greece,EURO,2503,219521,52,7038
15-03-2021,GR,Greece,EURO,1626,221147,53,7091
16-03-2021,GR,Greece,EURO,1134,222281,46,7137
17-03-2021,GR,Greece,EURO,1508,223789,59,7196
18-03-2021,GR,Greece,EURO,3458,227247,56,7252
19-03-2021,GR,Greece,EURO,3070,230317,45,7297
20-03-2021,GR,Greece,EURO,2762,233079,64,7361
21-03-2021,GR,Greece,EURO,2532,235611,60,7421
22-03-2021,GR,Greece,EURO,1514,237125,41,7462
23-03-2021,GR,Greece,EURO,1705,238830,69,7531
24-03-2021,GR,Greece,EURO,3517,242347,51,7582
25-03-2021,GR,Greece,EURO,3058,245405,67,7649
26-03-2021,GR,Greece,EURO,2587,247992,52,7701
27-03-2021,GR,Greece,EURO,1466,249458,53,7754
28-03-2021,GR,Greece,EURO,3132,252590,72,7826
29-03-2021,GR,Greece,EURO,1441,254031,54,7880
30-03-2021,GR,Greece,EURO,1724,255755,65,7945
31-03-2021,GR,Greece,EURO,4322,260077,72,8017
01-04-2021,GR,Greece,EURO,3612,263689,76,8093
02-04-2021,GR,Greece,EURO,3483,267172,67,8160
03-04-2021,GR,Greece,EURO,3058,270230,72,8232
04-04-2021,GR,Greece,EURO,3229,273459,70,8302
05-04-2021,GR,Greece,EURO,1955,275414,78,8380
06-04-2021,GR,Greece,EURO,1863,277277,73,8453
07-04-2021,GR,Greece,EURO,4293,281570,79,8532
08-04-2021,GR,Greece,EURO,3445,285015,75,8607
09-04-2021,GR,Greece,EURO,3215,288230,73,8680
10-04-2021,GR,Greece,EURO,2734,290964,78,8758
11-04-2021,GR,Greece,EURO,2799,293763,75,8833
12-04-2021,GR,Greece,EURO,1717,295480,52,8885
13-04-2021,GR,Greece,EURO,1606,297086,76,8961
14-04-2021,GR,Greece,EURO,4017,301103,93,9054
15-04-2021,GR,Greece,EURO,3081,304184,81,9135
16-04-2021,GR,Greece,EURO,3822,308006,104,9239
17-04-2021,GR,Greece,EURO,3027,311033,91,9330
18-04-2021,GR,Greece,EURO,2411,313444,67,9397
19-04-2021,GR,Greece,EURO,1829,315273,65,9462
20-04-2021,GR,Greece,EURO,1606,316879,78,9540
21-04-2021,GR,Greece,EURO,3750,320629,87,9627
22-04-2021,GR,Greece,EURO,3010,323639,86,9713
23-04-2021,GR,Greece,EURO,2756,326395,75,9788
24-04-2021,GR,Greece,EURO,2739,329134,76,9864
25-04-2021,GR,Greece,EURO,2596,331730,86,9950
26-04-2021,GR,Greece,EURO,1399,333129,57,10007
27-04-2021,GR,Greece,EURO,1307,334436,80,10087
28-04-2021,GR,Greece,EURO,3287,337723,92,10179
29-04-2021,GR,Greece,EURO,2770,340493,63,10242
30-04-2021,GR,Greece,EURO,2415,342908,73,10315
01-05-2021,GR,Greece,EURO,2125,345033,66,10381
02-05-2021,GR,Greece,EURO,1389,346422,72,10453
03-05-2021,GR,Greece,EURO,0,346422,0,10453
04-05-2021,GR,Greece,EURO,2146,348568,134,10587
05-05-2021,GR,Greece,EURO,1368,349936,81,10668
06-05-2021,GR,Greece,EURO,2091,352027,96,10764
07-05-2021,GR,Greece,EURO,3418,355445,83,10847
08-05-2021,GR,Greece,EURO,2671,358116,63,10910
09-05-2021,GR,Greece,EURO,2461,360577,68,10978
10-05-2021,GR,Greece,EURO,1427,362004,51,11029
11-05-2021,GR,Greece,EURO,1900,363904,60,11089
12-05-2021,GR,Greece,EURO,3172,367076,52,11141
13-05-2021,GR,Greece,EURO,2478,369554,70,11211
14-05-2021,GR,Greece,EURO,2158,371712,55,11266
15-05-2021,GR,Greece,EURO,2169,373881,56,11322
16-05-2021,GR,Greece,EURO,1950,375831,43,11365
17-05-2021,GR,Greece,EURO,1259,377090,50,11415
18-05-2021,GR,Greece,EURO,1395,378485,56,11471
19-05-2021,GR,Greece,EURO,2781,381266,63,11534
20-05-2021,GR,Greece,EURO,2292,383558,53,11587
21-05-2021,GR,Greece,EURO,1886,385444,54,11641
22-05-2021,GR,Greece,EURO,1982,387426,56,11697
23-05-2021,GR,Greece,EURO,1503,388929,37,11734
24-05-2021,GR,Greece,EURO,875,389804,38,11772
25-05-2021,GR,Greece,EURO,1377,391181,50,11822
26-05-2021,GR,Greece,EURO,2402,393583,50,11872
27-05-2021,GR,Greece,EURO,1511,395094,44,11916
28-05-2021,GR,Greece,EURO,1876,396970,39,11955
29-05-2021,GR,Greece,EURO,1928,398898,40,11995
30-05-2021,GR,Greece,EURO,1497,400395,29,12024
01-01-2021,GL,Greenland,EURO,0,27,0,0
02-01-2021,GL,Greenland,EURO,0,27,0,0
03-01-2021,GL,Greenland,EURO,0,27,0,0
04-01-2021,GL,Greenland,EURO,0,27,0,0
05-01-2021,GL,Greenland,EURO,0,27,0,0
06-01-2021,GL,Greenland,EURO,1,28,0,0
07-01-2021,GL,Greenland,EURO,0,28,0,0
08-01-2021,GL,Greenland,EURO,0,28,0,0
09-01-2021,GL,Greenland,EURO,1,29,0,0
10-01-2021,GL,Greenland,EURO,0,29,0,0
11-01-2021,GL,Greenland,EURO,0,29,0,0
12-01-2021,GL,Greenland,EURO,0,29,0,0
13-01-2021,GL,Greenland,EURO,0,29,0,0
14-01-2021,GL,Greenland,EURO,0,29,0,0
15-01-2021,GL,Greenland,EURO,1,30,0,0
16-01-2021,GL,Greenland,EURO,0,30,0,0
17-01-2021,GL,Greenland,EURO,0,30,0,0
18-01-2021,GL,Greenland,EURO,0,30,0,0
19-01-2021,GL,Greenland,EURO,0,30,0,0
20-01-2021,GL,Greenland,EURO,0,30,0,0
21-01-2021,GL,Greenland,EURO,0,30,0,0
22-01-2021,GL,Greenland,EURO,0,30,0,0
23-01-2021,GL,Greenland,EURO,0,30,0,0
24-01-2021,GL,Greenland,EURO,0,30,0,0
25-01-2021,GL,Greenland,EURO,0,30,0,0
26-01-2021,GL,Greenland,EURO,0,30,0,0
27-01-2021,GL,Greenland,EURO,0,30,0,0
28-01-2021,GL,Greenland,EURO,0,30,0,0
29-01-2021,GL,Greenland,EURO,0,30,0,0
30-01-2021,GL,Greenland,EURO,0,30,0,0
31-01-2021,GL,Greenland,EURO,0,30,0,0
01-02-2021,GL,Greenland,EURO,0,30,0,0
02-02-2021,GL,Greenland,EURO,0,30,0,0
03-02-2021,GL,Greenland,EURO,0,30,0,0
04-02-2021,GL,Greenland,EURO,0,30,0,0
05-02-2021,GL,Greenland,EURO,0,30,0,0
06-02-2021,GL,Greenland,EURO,0,30,0,0
07-02-2021,GL,Greenland,EURO,0,30,0,0
08-02-2021,GL,Greenland,EURO,0,30,0,0
09-02-2021,GL,Greenland,EURO,0,30,0,0
10-02-2021,GL,Greenland,EURO,0,30,0,0
11-02-2021,GL,Greenland,EURO,0,30,0,0
12-02-2021,GL,Greenland,EURO,0,30,0,0
13-02-2021,GL,Greenland,EURO,0,30,0,0
14-02-2021,GL,Greenland,EURO,0,30,0,0
15-02-2021,GL,Greenland,EURO,0,30,0,0
16-02-2021,GL,Greenland,EURO,0,30,0,0
17-02-2021,GL,Greenland,EURO,0,30,0,0
18-02-2021,GL,Greenland,EURO,0,30,0,0
19-02-2021,GL,Greenland,EURO,0,30,0,0
20-02-2021,GL,Greenland,EURO,0,30,0,0
21-02-2021,GL,Greenland,EURO,0,30,0,0
22-02-2021,GL,Greenland,EURO,0,30,0,0
23-02-2021,GL,Greenland,EURO,0,30,0,0
24-02-2021,GL,Greenland,EURO,0,30,0,0
25-02-2021,GL,Greenland,EURO,0,30,0,0
26-02-2021,GL,Greenland,EURO,0,30,0,0
27-02-2021,GL,Greenland,EURO,0,30,0,0
28-02-2021,GL,Greenland,EURO,0,30,0,0
01-03-2021,GL,Greenland,EURO,0,30,0,0
02-03-2021,GL,Greenland,EURO,0,30,0,0
03-03-2021,GL,Greenland,EURO,0,30,0,0
04-03-2021,GL,Greenland,EURO,1,31,0,0
05-03-2021,GL,Greenland,EURO,0,31,0,0
06-03-2021,GL,Greenland,EURO,0,31,0,0
07-03-2021,GL,Greenland,EURO,0,31,0,0
08-03-2021,GL,Greenland,EURO,0,31,0,0
09-03-2021,GL,Greenland,EURO,0,31,0,0
10-03-2021,GL,Greenland,EURO,0,31,0,0
11-03-2021,GL,Greenland,EURO,0,31,0,0
12-03-2021,GL,Greenland,EURO,0,31,0,0
13-03-2021,GL,Greenland,EURO,0,31,0,0
14-03-2021,GL,Greenland,EURO,0,31,0,0
15-03-2021,GL,Greenland,EURO,0,31,0,0
16-03-2021,GL,Greenland,EURO,0,31,0,0
17-03-2021,GL,Greenland,EURO,0,31,0,0
18-03-2021,GL,Greenland,EURO,0,31,0,0
19-03-2021,GL,Greenland,EURO,0,31,0,0
20-03-2021,GL,Greenland,EURO,0,31,0,0
21-03-2021,GL,Greenland,EURO,0,31,0,0
22-03-2021,GL,Greenland,EURO,0,31,0,0
23-03-2021,GL,Greenland,EURO,0,31,0,0
24-03-2021,GL,Greenland,EURO,0,31,0,0
25-03-2021,GL,Greenland,EURO,0,31,0,0
26-03-2021,GL,Greenland,EURO,0,31,0,0
27-03-2021,GL,Greenland,EURO,0,31,0,0
28-03-2021,GL,Greenland,EURO,0,31,0,0
29-03-2021,GL,Greenland,EURO,0,31,0,0
30-03-2021,GL,Greenland,EURO,0,31,0,0
31-03-2021,GL,Greenland,EURO,0,31,0,0
01-04-2021,GL,Greenland,EURO,0,31,0,0
02-04-2021,GL,Greenland,EURO,0,31,0,0
03-04-2021,GL,Greenland,EURO,0,31,0,0
04-04-2021,GL,Greenland,EURO,0,31,0,0
05-04-2021,GL,Greenland,EURO,0,31,0,0
06-04-2021,GL,Greenland,EURO,0,31,0,0
07-04-2021,GL,Greenland,EURO,0,31,0,0
08-04-2021,GL,Greenland,EURO,0,31,0,0
09-04-2021,GL,Greenland,EURO,0,31,0,0
10-04-2021,GL,Greenland,EURO,0,31,0,0
11-04-2021,GL,Greenland,EURO,0,31,0,0
12-04-2021,GL,Greenland,EURO,0,31,0,0
13-04-2021,GL,Greenland,EURO,0,31,0,0
14-04-2021,GL,Greenland,EURO,0,31,0,0
15-04-2021,GL,Greenland,EURO,0,31,0,0
16-04-2021,GL,Greenland,EURO,0,31,0,0
17-04-2021,GL,Greenland,EURO,0,31,0,0
18-04-2021,GL,Greenland,EURO,0,31,0,0
19-04-2021,GL,Greenland,EURO,0,31,0,0
20-04-2021,GL,Greenland,EURO,0,31,0,0
21-04-2021,GL,Greenland,EURO,0,31,0,0
22-04-2021,GL,Greenland,EURO,0,31,0,0
23-04-2021,GL,Greenland,EURO,0,31,0,0
24-04-2021,GL,Greenland,EURO,0,31,0,0
25-04-2021,GL,Greenland,EURO,0,31,0,0
26-04-2021,GL,Greenland,EURO,0,31,0,0
27-04-2021,GL,Greenland,EURO,0,31,0,0
28-04-2021,GL,Greenland,EURO,0,31,0,0
29-04-2021,GL,Greenland,EURO,0,31,0,0
30-04-2021,GL,Greenland,EURO,0,31,0,0
01-05-2021,GL,Greenland,EURO,0,31,0,0
02-05-2021,GL,Greenland,EURO,0,31,0,0
03-05-2021,GL,Greenland,EURO,0,31,0,0
04-05-2021,GL,Greenland,EURO,0,31,0,0
05-05-2021,GL,Greenland,EURO,0,31,0,0
06-05-2021,GL,Greenland,EURO,0,31,0,0
07-05-2021,GL,Greenland,EURO,0,31,0,0
08-05-2021,GL,Greenland,EURO,0,31,0,0
09-05-2021,GL,Greenland,EURO,0,31,0,0
10-05-2021,GL,Greenland,EURO,0,31,0,0
11-05-2021,GL,Greenland,EURO,0,31,0,0
12-05-2021,GL,Greenland,EURO,0,31,0,0
13-05-2021,GL,Greenland,EURO,0,31,0,0
14-05-2021,GL,Greenland,EURO,0,31,0,0
15-05-2021,GL,Greenland,EURO,0,31,0,0
16-05-2021,GL,Greenland,EURO,0,31,0,0
17-05-2021,GL,Greenland,EURO,0,31,0,0
18-05-2021,GL,Greenland,EURO,0,31,0,0
19-05-2021,GL,Greenland,EURO,0,31,0,0
20-05-2021,GL,Greenland,EURO,3,34,0,0
21-05-2021,GL,Greenland,EURO,0,34,0,0
22-05-2021,GL,Greenland,EURO,0,34,0,0
23-05-2021,GL,Greenland,EURO,0,34,0,0
24-05-2021,GL,Greenland,EURO,0,34,0,0
25-05-2021,GL,Greenland,EURO,0,34,0,0
26-05-2021,GL,Greenland,EURO,0,34,0,0
27-05-2021,GL,Greenland,EURO,2,36,0,0
28-05-2021,GL,Greenland,EURO,0,36,0,0
29-05-2021,GL,Greenland,EURO,1,37,0,0
30-05-2021,GL,Greenland,EURO,3,40,0,0
01-01-2021,GD,Grenada,AMRO,0,130,0,1
02-01-2021,GD,Grenada,AMRO,0,130,0,1
03-01-2021,GD,Grenada,AMRO,0,130,0,1
04-01-2021,GD,Grenada,AMRO,0,130,0,1
05-01-2021,GD,Grenada,AMRO,0,130,0,1
06-01-2021,GD,Grenada,AMRO,0,130,0,1
07-01-2021,GD,Grenada,AMRO,0,130,0,1
08-01-2021,GD,Grenada,AMRO,0,130,0,1
09-01-2021,GD,Grenada,AMRO,1,131,0,1
10-01-2021,GD,Grenada,AMRO,4,135,0,1
11-01-2021,GD,Grenada,AMRO,0,135,0,1
12-01-2021,GD,Grenada,AMRO,0,135,0,1
13-01-2021,GD,Grenada,AMRO,4,139,0,1
14-01-2021,GD,Grenada,AMRO,0,139,0,1
15-01-2021,GD,Grenada,AMRO,0,139,0,1
16-01-2021,GD,Grenada,AMRO,0,139,0,1
17-01-2021,GD,Grenada,AMRO,0,139,0,1
18-01-2021,GD,Grenada,AMRO,0,139,0,1
19-01-2021,GD,Grenada,AMRO,0,139,0,1
20-01-2021,GD,Grenada,AMRO,0,139,0,1
21-01-2021,GD,Grenada,AMRO,0,139,0,1
22-01-2021,GD,Grenada,AMRO,0,139,0,1
23-01-2021,GD,Grenada,AMRO,8,147,0,1
24-01-2021,GD,Grenada,AMRO,0,147,0,1
25-01-2021,GD,Grenada,AMRO,1,148,0,1
26-01-2021,GD,Grenada,AMRO,0,148,0,1
27-01-2021,GD,Grenada,AMRO,0,148,0,1
28-01-2021,GD,Grenada,AMRO,0,148,0,1
29-01-2021,GD,Grenada,AMRO,0,148,0,1
30-01-2021,GD,Grenada,AMRO,0,148,0,1
31-01-2021,GD,Grenada,AMRO,0,148,0,1
01-02-2021,GD,Grenada,AMRO,0,148,0,1
02-02-2021,GD,Grenada,AMRO,0,148,0,1
03-02-2021,GD,Grenada,AMRO,0,148,0,1
04-02-2021,GD,Grenada,AMRO,0,148,0,1
05-02-2021,GD,Grenada,AMRO,0,148,0,1
06-02-2021,GD,Grenada,AMRO,0,148,0,1
07-02-2021,GD,Grenada,AMRO,0,148,0,1
08-02-2021,GD,Grenada,AMRO,0,148,0,1
09-02-2021,GD,Grenada,AMRO,0,148,0,1
10-02-2021,GD,Grenada,AMRO,0,148,0,1
11-02-2021,GD,Grenada,AMRO,0,148,0,1
12-02-2021,GD,Grenada,AMRO,0,148,0,1
13-02-2021,GD,Grenada,AMRO,0,148,0,1
14-02-2021,GD,Grenada,AMRO,0,148,0,1
15-02-2021,GD,Grenada,AMRO,0,148,0,1
16-02-2021,GD,Grenada,AMRO,0,148,0,1
17-02-2021,GD,Grenada,AMRO,0,148,0,1
18-02-2021,GD,Grenada,AMRO,0,148,0,1
19-02-2021,GD,Grenada,AMRO,0,148,0,1
20-02-2021,GD,Grenada,AMRO,0,148,0,1
21-02-2021,GD,Grenada,AMRO,0,148,0,1
22-02-2021,GD,Grenada,AMRO,0,148,0,1
23-02-2021,GD,Grenada,AMRO,0,148,0,1
24-02-2021,GD,Grenada,AMRO,0,148,0,1
25-02-2021,GD,Grenada,AMRO,0,148,0,1
26-02-2021,GD,Grenada,AMRO,0,148,0,1
27-02-2021,GD,Grenada,AMRO,0,148,0,1
28-02-2021,GD,Grenada,AMRO,0,148,0,1
01-03-2021,GD,Grenada,AMRO,0,148,0,1
02-03-2021,GD,Grenada,AMRO,0,148,0,1
03-03-2021,GD,Grenada,AMRO,0,148,0,1
04-03-2021,GD,Grenada,AMRO,3,151,0,1
05-03-2021,GD,Grenada,AMRO,0,151,0,1
06-03-2021,GD,Grenada,AMRO,0,151,0,1
07-03-2021,GD,Grenada,AMRO,0,151,0,1
08-03-2021,GD,Grenada,AMRO,0,151,0,1
09-03-2021,GD,Grenada,AMRO,0,151,0,1
10-03-2021,GD,Grenada,AMRO,0,151,0,1
11-03-2021,GD,Grenada,AMRO,0,151,0,1
12-03-2021,GD,Grenada,AMRO,0,151,0,1
13-03-2021,GD,Grenada,AMRO,0,151,0,1
14-03-2021,GD,Grenada,AMRO,0,151,0,1
15-03-2021,GD,Grenada,AMRO,0,151,0,1
16-03-2021,GD,Grenada,AMRO,3,154,0,1
17-03-2021,GD,Grenada,AMRO,0,154,0,1
18-03-2021,GD,Grenada,AMRO,0,154,0,1
19-03-2021,GD,Grenada,AMRO,0,154,0,1
20-03-2021,GD,Grenada,AMRO,0,154,0,1
21-03-2021,GD,Grenada,AMRO,0,154,0,1
22-03-2021,GD,Grenada,AMRO,0,154,0,1
23-03-2021,GD,Grenada,AMRO,0,154,0,1
24-03-2021,GD,Grenada,AMRO,0,154,0,1
25-03-2021,GD,Grenada,AMRO,0,154,0,1
26-03-2021,GD,Grenada,AMRO,1,155,0,1
27-03-2021,GD,Grenada,AMRO,0,155,0,1
28-03-2021,GD,Grenada,AMRO,0,155,0,1
29-03-2021,GD,Grenada,AMRO,0,155,0,1
30-03-2021,GD,Grenada,AMRO,0,155,0,1
31-03-2021,GD,Grenada,AMRO,0,155,0,1
01-04-2021,GD,Grenada,AMRO,0,155,0,1
02-04-2021,GD,Grenada,AMRO,0,155,0,1
03-04-2021,GD,Grenada,AMRO,0,155,0,1
04-04-2021,GD,Grenada,AMRO,0,155,0,1
05-04-2021,GD,Grenada,AMRO,1,156,0,1
06-04-2021,GD,Grenada,AMRO,0,156,0,1
07-04-2021,GD,Grenada,AMRO,0,156,0,1
08-04-2021,GD,Grenada,AMRO,0,156,0,1
09-04-2021,GD,Grenada,AMRO,1,157,0,1
10-04-2021,GD,Grenada,AMRO,0,157,0,1
11-04-2021,GD,Grenada,AMRO,0,157,0,1
12-04-2021,GD,Grenada,AMRO,0,157,0,1
13-04-2021,GD,Grenada,AMRO,1,158,0,1
14-04-2021,GD,Grenada,AMRO,0,158,0,1
15-04-2021,GD,Grenada,AMRO,0,158,0,1
16-04-2021,GD,Grenada,AMRO,1,159,0,1
17-04-2021,GD,Grenada,AMRO,0,159,0,1
18-04-2021,GD,Grenada,AMRO,0,159,0,1
19-04-2021,GD,Grenada,AMRO,0,159,0,1
20-04-2021,GD,Grenada,AMRO,0,159,0,1
21-04-2021,GD,Grenada,AMRO,0,159,0,1
22-04-2021,GD,Grenada,AMRO,0,159,0,1
23-04-2021,GD,Grenada,AMRO,0,159,0,1
24-04-2021,GD,Grenada,AMRO,0,159,0,1
25-04-2021,GD,Grenada,AMRO,0,159,0,1
26-04-2021,GD,Grenada,AMRO,0,159,0,1
27-04-2021,GD,Grenada,AMRO,1,160,0,1
28-04-2021,GD,Grenada,AMRO,0,160,0,1
29-04-2021,GD,Grenada,AMRO,0,160,0,1
30-04-2021,GD,Grenada,AMRO,1,161,0,1
01-05-2021,GD,Grenada,AMRO,0,161,0,1
02-05-2021,GD,Grenada,AMRO,0,161,0,1
03-05-2021,GD,Grenada,AMRO,0,161,0,1
04-05-2021,GD,Grenada,AMRO,0,161,0,1
05-05-2021,GD,Grenada,AMRO,0,161,0,1
06-05-2021,GD,Grenada,AMRO,0,161,0,1
07-05-2021,GD,Grenada,AMRO,0,161,0,1
08-05-2021,GD,Grenada,AMRO,0,161,0,1
09-05-2021,GD,Grenada,AMRO,0,161,0,1
10-05-2021,GD,Grenada,AMRO,0,161,0,1
11-05-2021,GD,Grenada,AMRO,0,161,0,1
12-05-2021,GD,Grenada,AMRO,0,161,0,1
13-05-2021,GD,Grenada,AMRO,0,161,0,1
14-05-2021,GD,Grenada,AMRO,0,161,0,1
15-05-2021,GD,Grenada,AMRO,0,161,0,1
16-05-2021,GD,Grenada,AMRO,0,161,0,1
17-05-2021,GD,Grenada,AMRO,0,161,0,1
18-05-2021,GD,Grenada,AMRO,0,161,0,1
19-05-2021,GD,Grenada,AMRO,0,161,0,1
20-05-2021,GD,Grenada,AMRO,0,161,0,1
21-05-2021,GD,Grenada,AMRO,0,161,0,1
22-05-2021,GD,Grenada,AMRO,0,161,0,1
23-05-2021,GD,Grenada,AMRO,0,161,0,1
24-05-2021,GD,Grenada,AMRO,0,161,0,1
25-05-2021,GD,Grenada,AMRO,0,161,0,1
26-05-2021,GD,Grenada,AMRO,0,161,0,1
27-05-2021,GD,Grenada,AMRO,0,161,0,1
28-05-2021,GD,Grenada,AMRO,0,161,0,1
29-05-2021,GD,Grenada,AMRO,0,161,0,1
30-05-2021,GD,Grenada,AMRO,0,161,0,1
01-01-2021,GP,Guadeloupe,AMRO,0,8620,0,155
02-01-2021,GP,Guadeloupe,AMRO,0,8620,0,155
03-01-2021,GP,Guadeloupe,AMRO,0,8620,0,155
04-01-2021,GP,Guadeloupe,AMRO,0,8620,0,155
05-01-2021,GP,Guadeloupe,AMRO,82,8702,0,155
06-01-2021,GP,Guadeloupe,AMRO,0,8702,0,155
07-01-2021,GP,Guadeloupe,AMRO,0,8702,0,155
08-01-2021,GP,Guadeloupe,AMRO,0,8702,0,155
09-01-2021,GP,Guadeloupe,AMRO,0,8702,0,155
10-01-2021,GP,Guadeloupe,AMRO,0,8702,0,155
11-01-2021,GP,Guadeloupe,AMRO,0,8702,0,155
12-01-2021,GP,Guadeloupe,AMRO,132,8834,1,156
13-01-2021,GP,Guadeloupe,AMRO,0,8834,0,156
14-01-2021,GP,Guadeloupe,AMRO,0,8834,0,156
15-01-2021,GP,Guadeloupe,AMRO,0,8834,0,156
16-01-2021,GP,Guadeloupe,AMRO,0,8834,0,156
17-01-2021,GP,Guadeloupe,AMRO,0,8834,0,156
18-01-2021,GP,Guadeloupe,AMRO,0,8834,0,156
19-01-2021,GP,Guadeloupe,AMRO,114,8948,0,156
20-01-2021,GP,Guadeloupe,AMRO,0,8948,0,156
21-01-2021,GP,Guadeloupe,AMRO,0,8948,0,156
22-01-2021,GP,Guadeloupe,AMRO,0,8948,0,156
23-01-2021,GP,Guadeloupe,AMRO,108,9056,1,157
24-01-2021,GP,Guadeloupe,AMRO,0,9056,0,157
25-01-2021,GP,Guadeloupe,AMRO,0,9056,0,157
26-01-2021,GP,Guadeloupe,AMRO,0,9056,0,157
27-01-2021,GP,Guadeloupe,AMRO,0,9056,0,157
28-01-2021,GP,Guadeloupe,AMRO,0,9056,0,157
29-01-2021,GP,Guadeloupe,AMRO,0,9056,0,157
30-01-2021,GP,Guadeloupe,AMRO,0,9056,0,157
31-01-2021,GP,Guadeloupe,AMRO,100,9156,0,157
01-02-2021,GP,Guadeloupe,AMRO,0,9156,0,157
02-02-2021,GP,Guadeloupe,AMRO,0,9156,1,158
03-02-2021,GP,Guadeloupe,AMRO,0,9156,0,158
04-02-2021,GP,Guadeloupe,AMRO,0,9156,0,158
05-02-2021,GP,Guadeloupe,AMRO,0,9156,0,158
06-02-2021,GP,Guadeloupe,AMRO,0,9156,0,158
07-02-2021,GP,Guadeloupe,AMRO,0,9156,0,158
08-02-2021,GP,Guadeloupe,AMRO,0,9156,0,158
09-02-2021,GP,Guadeloupe,AMRO,146,9302,1,159
10-02-2021,GP,Guadeloupe,AMRO,0,9302,0,159
11-02-2021,GP,Guadeloupe,AMRO,0,9302,0,159
12-02-2021,GP,Guadeloupe,AMRO,0,9302,0,159
13-02-2021,GP,Guadeloupe,AMRO,0,9302,0,159
14-02-2021,GP,Guadeloupe,AMRO,153,9455,1,160
15-02-2021,GP,Guadeloupe,AMRO,0,9455,0,160
16-02-2021,GP,Guadeloupe,AMRO,0,9455,0,160
17-02-2021,GP,Guadeloupe,AMRO,0,9455,0,160
18-02-2021,GP,Guadeloupe,AMRO,0,9455,0,160
19-02-2021,GP,Guadeloupe,AMRO,0,9455,0,160
20-02-2021,GP,Guadeloupe,AMRO,0,9455,0,160
21-02-2021,GP,Guadeloupe,AMRO,0,9455,0,160
22-02-2021,GP,Guadeloupe,AMRO,0,9455,0,160
23-02-2021,GP,Guadeloupe,AMRO,155,9610,3,163
24-02-2021,GP,Guadeloupe,AMRO,0,9610,0,163
25-02-2021,GP,Guadeloupe,AMRO,0,9610,0,163
26-02-2021,GP,Guadeloupe,AMRO,0,9610,0,163
27-02-2021,GP,Guadeloupe,AMRO,358,9968,1,164
28-02-2021,GP,Guadeloupe,AMRO,0,9968,0,164
01-03-2021,GP,Guadeloupe,AMRO,0,9968,0,164
02-03-2021,GP,Guadeloupe,AMRO,0,9968,0,164
03-03-2021,GP,Guadeloupe,AMRO,0,9968,0,164
04-03-2021,GP,Guadeloupe,AMRO,0,9968,0,164
05-03-2021,GP,Guadeloupe,AMRO,0,9968,0,164
06-03-2021,GP,Guadeloupe,AMRO,490,10458,4,168
07-03-2021,GP,Guadeloupe,AMRO,0,10458,0,168
08-03-2021,GP,Guadeloupe,AMRO,0,10458,0,168
09-03-2021,GP,Guadeloupe,AMRO,0,10458,0,168
10-03-2021,GP,Guadeloupe,AMRO,0,10458,0,168
11-03-2021,GP,Guadeloupe,AMRO,0,10458,0,168
12-03-2021,GP,Guadeloupe,AMRO,0,10458,0,168
13-03-2021,GP,Guadeloupe,AMRO,0,10458,0,168
14-03-2021,GP,Guadeloupe,AMRO,267,10725,0,168
15-03-2021,GP,Guadeloupe,AMRO,0,10725,0,168
16-03-2021,GP,Guadeloupe,AMRO,0,10725,0,168
17-03-2021,GP,Guadeloupe,AMRO,0,10725,0,168
18-03-2021,GP,Guadeloupe,AMRO,0,10725,0,168
19-03-2021,GP,Guadeloupe,AMRO,0,10725,0,168
20-03-2021,GP,Guadeloupe,AMRO,0,10725,0,168
21-03-2021,GP,Guadeloupe,AMRO,370,11095,1,169
22-03-2021,GP,Guadeloupe,AMRO,0,11095,0,169
23-03-2021,GP,Guadeloupe,AMRO,0,11095,0,169
24-03-2021,GP,Guadeloupe,AMRO,0,11095,0,169
25-03-2021,GP,Guadeloupe,AMRO,0,11095,0,169
26-03-2021,GP,Guadeloupe,AMRO,0,11095,0,169
27-03-2021,GP,Guadeloupe,AMRO,0,11095,0,169
28-03-2021,GP,Guadeloupe,AMRO,417,11512,4,173
29-03-2021,GP,Guadeloupe,AMRO,0,11512,0,173
30-03-2021,GP,Guadeloupe,AMRO,0,11512,0,173
31-03-2021,GP,Guadeloupe,AMRO,0,11512,0,173
01-04-2021,GP,Guadeloupe,AMRO,0,11512,0,173
02-04-2021,GP,Guadeloupe,AMRO,0,11512,5,178
03-04-2021,GP,Guadeloupe,AMRO,378,11890,5,183
04-04-2021,GP,Guadeloupe,AMRO,0,11890,0,183
05-04-2021,GP,Guadeloupe,AMRO,0,11890,0,183
06-04-2021,GP,Guadeloupe,AMRO,0,11890,0,183
07-04-2021,GP,Guadeloupe,AMRO,0,11890,0,183
08-04-2021,GP,Guadeloupe,AMRO,0,11890,0,183
09-04-2021,GP,Guadeloupe,AMRO,0,11890,0,183
10-04-2021,GP,Guadeloupe,AMRO,414,12304,6,189
11-04-2021,GP,Guadeloupe,AMRO,0,12304,0,189
12-04-2021,GP,Guadeloupe,AMRO,0,12304,0,189
13-04-2021,GP,Guadeloupe,AMRO,0,12304,0,189
14-04-2021,GP,Guadeloupe,AMRO,0,12304,0,189
15-04-2021,GP,Guadeloupe,AMRO,0,12304,0,189
16-04-2021,GP,Guadeloupe,AMRO,0,12304,0,189
17-04-2021,GP,Guadeloupe,AMRO,0,12304,0,189
18-04-2021,GP,Guadeloupe,AMRO,623,12927,5,194
19-04-2021,GP,Guadeloupe,AMRO,0,12927,0,194
20-04-2021,GP,Guadeloupe,AMRO,0,12927,0,194
21-04-2021,GP,Guadeloupe,AMRO,0,12927,0,194
22-04-2021,GP,Guadeloupe,AMRO,0,12927,0,194
23-04-2021,GP,Guadeloupe,AMRO,0,12927,0,194
24-04-2021,GP,Guadeloupe,AMRO,0,12927,0,194
25-04-2021,GP,Guadeloupe,AMRO,843,13770,17,211
26-04-2021,GP,Guadeloupe,AMRO,0,13770,0,211
27-04-2021,GP,Guadeloupe,AMRO,0,13770,0,211
28-04-2021,GP,Guadeloupe,AMRO,0,13770,0,211
29-04-2021,GP,Guadeloupe,AMRO,0,13770,0,211
30-04-2021,GP,Guadeloupe,AMRO,0,13770,0,211
01-05-2021,GP,Guadeloupe,AMRO,0,13770,0,211
02-05-2021,GP,Guadeloupe,AMRO,864,14634,17,228
03-05-2021,GP,Guadeloupe,AMRO,0,14634,0,228
04-05-2021,GP,Guadeloupe,AMRO,0,14634,0,228
05-05-2021,GP,Guadeloupe,AMRO,0,14634,0,228
06-05-2021,GP,Guadeloupe,AMRO,0,14634,0,228
07-05-2021,GP,Guadeloupe,AMRO,0,14634,0,228
08-05-2021,GP,Guadeloupe,AMRO,795,15429,8,236
09-05-2021,GP,Guadeloupe,AMRO,0,15429,0,236
10-05-2021,GP,Guadeloupe,AMRO,0,15429,0,236
11-05-2021,GP,Guadeloupe,AMRO,0,15429,0,236
12-05-2021,GP,Guadeloupe,AMRO,0,15429,0,236
13-05-2021,GP,Guadeloupe,AMRO,0,15429,0,236
14-05-2021,GP,Guadeloupe,AMRO,0,15429,0,236
15-05-2021,GP,Guadeloupe,AMRO,0,15429,0,236
16-05-2021,GP,Guadeloupe,AMRO,650,16079,9,245
17-05-2021,GP,Guadeloupe,AMRO,0,16079,0,245
18-05-2021,GP,Guadeloupe,AMRO,0,16079,0,245
19-05-2021,GP,Guadeloupe,AMRO,0,16079,0,245
20-05-2021,GP,Guadeloupe,AMRO,0,16079,0,245
21-05-2021,GP,Guadeloupe,AMRO,0,16079,0,245
22-05-2021,GP,Guadeloupe,AMRO,0,16079,0,245
23-05-2021,GP,Guadeloupe,AMRO,438,16517,10,255
24-05-2021,GP,Guadeloupe,AMRO,0,16517,0,255
25-05-2021,GP,Guadeloupe,AMRO,0,16517,0,255
26-05-2021,GP,Guadeloupe,AMRO,0,16517,0,255
27-05-2021,GP,Guadeloupe,AMRO,0,16517,0,255
28-05-2021,GP,Guadeloupe,AMRO,0,16517,0,255
29-05-2021,GP,Guadeloupe,AMRO,0,16517,0,255
30-05-2021,GP,Guadeloupe,AMRO,357,16874,0,255
01-01-2021,GU,Guam,WPRO,10,7139,1,122
02-01-2021,GU,Guam,WPRO,9,7148,0,122
03-01-2021,GU,Guam,WPRO,0,7148,1,123
04-01-2021,GU,Guam,WPRO,1,7149,0,123
05-01-2021,GU,Guam,WPRO,14,7163,0,123
06-01-2021,GU,Guam,WPRO,10,7173,0,123
07-01-2021,GU,Guam,WPRO,19,7192,0,123
08-01-2021,GU,Guam,WPRO,8,7200,1,124
09-01-2021,GU,Guam,WPRO,13,7213,0,124
10-01-2021,GU,Guam,WPRO,5,7218,0,124
11-01-2021,GU,Guam,WPRO,8,7226,0,124
12-01-2021,GU,Guam,WPRO,8,7234,0,124
13-01-2021,GU,Guam,WPRO,5,7239,0,124
14-01-2021,GU,Guam,WPRO,11,7250,0,124
15-01-2021,GU,Guam,WPRO,13,7263,0,124
16-01-2021,GU,Guam,WPRO,13,7276,1,125
17-01-2021,GU,Guam,WPRO,7,7283,1,126
18-01-2021,GU,Guam,WPRO,3,7286,1,127
19-01-2021,GU,Guam,WPRO,1,7287,1,128
20-01-2021,GU,Guam,WPRO,22,7309,0,128
21-01-2021,GU,Guam,WPRO,5,7314,0,128
22-01-2021,GU,Guam,WPRO,7,7321,0,128
23-01-2021,GU,Guam,WPRO,19,7340,0,128
24-01-2021,GU,Guam,WPRO,0,7340,0,128
25-01-2021,GU,Guam,WPRO,0,7340,0,128
26-01-2021,GU,Guam,WPRO,7,7347,1,129
27-01-2021,GU,Guam,WPRO,12,7359,0,129
28-01-2021,GU,Guam,WPRO,2,7361,0,129
29-01-2021,GU,Guam,WPRO,4,7365,0,129
30-01-2021,GU,Guam,WPRO,7,7372,0,129
31-01-2021,GU,Guam,WPRO,7,7379,0,129
01-02-2021,GU,Guam,WPRO,1,7380,0,129
02-02-2021,GU,Guam,WPRO,21,7401,0,129
03-02-2021,GU,Guam,WPRO,2,7403,0,129
04-02-2021,GU,Guam,WPRO,8,7411,0,129
05-02-2021,GU,Guam,WPRO,4,7415,0,129
06-02-2021,GU,Guam,WPRO,14,7429,0,129
07-02-2021,GU,Guam,WPRO,7,7436,0,129
08-02-2021,GU,Guam,WPRO,6,7442,1,130
09-02-2021,GU,Guam,WPRO,15,7457,0,130
10-02-2021,GU,Guam,WPRO,9,7466,0,130
11-02-2021,GU,Guam,WPRO,10,7476,0,130
12-02-2021,GU,Guam,WPRO,2,7478,0,130
13-02-2021,GU,Guam,WPRO,3,7481,0,130
14-02-2021,GU,Guam,WPRO,3,7484,0,130
15-02-2021,GU,Guam,WPRO,3,7487,0,130
16-02-2021,GU,Guam,WPRO,4,7491,0,130
17-02-2021,GU,Guam,WPRO,2,7493,0,130
18-02-2021,GU,Guam,WPRO,2,7495,0,130
19-02-2021,GU,Guam,WPRO,2,7497,0,130
20-02-2021,GU,Guam,WPRO,9,7506,0,130
21-02-2021,GU,Guam,WPRO,1,7507,0,130
22-02-2021,GU,Guam,WPRO,4,7511,0,130
23-02-2021,GU,Guam,WPRO,7,7518,0,130
24-02-2021,GU,Guam,WPRO,0,7518,0,130
25-02-2021,GU,Guam,WPRO,2,7520,0,130
26-02-2021,GU,Guam,WPRO,1,7521,0,130
27-02-2021,GU,Guam,WPRO,4,7525,0,130
28-02-2021,GU,Guam,WPRO,1,7526,1,131
01-03-2021,GU,Guam,WPRO,1,7527,0,131
02-03-2021,GU,Guam,WPRO,1,7528,0,131
03-03-2021,GU,Guam,WPRO,5,7533,0,131
04-03-2021,GU,Guam,WPRO,3,7536,0,131
05-03-2021,GU,Guam,WPRO,2,7538,0,131
06-03-2021,GU,Guam,WPRO,1,7539,2,133
07-03-2021,GU,Guam,WPRO,1,7540,0,133
08-03-2021,GU,Guam,WPRO,0,7540,0,133
09-03-2021,GU,Guam,WPRO,2,7542,0,133
10-03-2021,GU,Guam,WPRO,1,7543,0,133
11-03-2021,GU,Guam,WPRO,3,7546,0,133
12-03-2021,GU,Guam,WPRO,2,7548,0,133
13-03-2021,GU,Guam,WPRO,9,7557,0,133
14-03-2021,GU,Guam,WPRO,1,7558,0,133
15-03-2021,GU,Guam,WPRO,0,7558,0,133
16-03-2021,GU,Guam,WPRO,5,7563,1,134
17-03-2021,GU,Guam,WPRO,0,7563,0,134
18-03-2021,GU,Guam,WPRO,3,7566,0,134
19-03-2021,GU,Guam,WPRO,4,7570,0,134
20-03-2021,GU,Guam,WPRO,0,7570,0,134
21-03-2021,GU,Guam,WPRO,0,7570,0,134
22-03-2021,GU,Guam,WPRO,0,7570,0,134
23-03-2021,GU,Guam,WPRO,4,7574,0,134
24-03-2021,GU,Guam,WPRO,2,7576,0,134
25-03-2021,GU,Guam,WPRO,3,7579,0,134
26-03-2021,GU,Guam,WPRO,5,7584,0,134
27-03-2021,GU,Guam,WPRO,2,7586,0,134
28-03-2021,GU,Guam,WPRO,1,7587,0,134
29-03-2021,GU,Guam,WPRO,3,7590,0,134
30-03-2021,GU,Guam,WPRO,4,7594,0,134
31-03-2021,GU,Guam,WPRO,1,7595,0,134
01-04-2021,GU,Guam,WPRO,2,7597,0,134
02-04-2021,GU,Guam,WPRO,3,7600,0,134
03-04-2021,GU,Guam,WPRO,2,7602,2,136
04-04-2021,GU,Guam,WPRO,4,7606,0,136
05-04-2021,GU,Guam,WPRO,0,7606,0,136
06-04-2021,GU,Guam,WPRO,7,7613,0,136
07-04-2021,GU,Guam,WPRO,2,7615,0,136
08-04-2021,GU,Guam,WPRO,3,7618,0,136
09-04-2021,GU,Guam,WPRO,2,7620,0,136
10-04-2021,GU,Guam,WPRO,3,7623,0,136
11-04-2021,GU,Guam,WPRO,2,7625,0,136
12-04-2021,GU,Guam,WPRO,2,7627,0,136
13-04-2021,GU,Guam,WPRO,4,7631,0,136
14-04-2021,GU,Guam,WPRO,5,7636,0,136
15-04-2021,GU,Guam,WPRO,4,7640,0,136
16-04-2021,GU,Guam,WPRO,5,7645,0,136
17-04-2021,GU,Guam,WPRO,3,7648,0,136
18-04-2021,GU,Guam,WPRO,6,7654,0,136
19-04-2021,GU,Guam,WPRO,4,7658,0,136
20-04-2021,GU,Guam,WPRO,10,7668,0,136
21-04-2021,GU,Guam,WPRO,5,7673,0,136
22-04-2021,GU,Guam,WPRO,6,7679,0,136
23-04-2021,GU,Guam,WPRO,12,7691,0,136
24-04-2021,GU,Guam,WPRO,2,7693,0,136
25-04-2021,GU,Guam,WPRO,4,7697,0,136
26-04-2021,GU,Guam,WPRO,0,7697,0,136
27-04-2021,GU,Guam,WPRO,8,7705,0,136
28-04-2021,GU,Guam,WPRO,16,7721,0,136
29-04-2021,GU,Guam,WPRO,12,7733,0,136
30-04-2021,GU,Guam,WPRO,8,7741,0,136
01-05-2021,GU,Guam,WPRO,5,7746,0,136
02-05-2021,GU,Guam,WPRO,11,7757,0,136
03-05-2021,GU,Guam,WPRO,6,7763,0,136
04-05-2021,GU,Guam,WPRO,7,7770,0,136
05-05-2021,GU,Guam,WPRO,14,7784,1,137
06-05-2021,GU,Guam,WPRO,11,7795,1,138
07-05-2021,GU,Guam,WPRO,4,7799,1,139
08-05-2021,GU,Guam,WPRO,3,7802,0,139
09-05-2021,GU,Guam,WPRO,11,7813,0,139
10-05-2021,GU,Guam,WPRO,2,7815,0,139
11-05-2021,GU,Guam,WPRO,3,7818,0,139
12-05-2021,GU,Guam,WPRO,1,7819,0,139
13-05-2021,GU,Guam,WPRO,15,7834,0,139
14-05-2021,GU,Guam,WPRO,1,7835,0,139
15-05-2021,GU,Guam,WPRO,9,7844,0,139
16-05-2021,GU,Guam,WPRO,11,7855,0,139
17-05-2021,GU,Guam,WPRO,1,7856,0,139
18-05-2021,GU,Guam,WPRO,12,7868,0,139
19-05-2021,GU,Guam,WPRO,5,7873,0,139
20-05-2021,GU,Guam,WPRO,9,7882,0,139
21-05-2021,GU,Guam,WPRO,6,7888,0,139
22-05-2021,GU,Guam,WPRO,7,7895,0,139
23-05-2021,GU,Guam,WPRO,1,7896,0,139
24-05-2021,GU,Guam,WPRO,2,7898,0,139
25-05-2021,GU,Guam,WPRO,1,7899,0,139
26-05-2021,GU,Guam,WPRO,5,7904,0,139
27-05-2021,GU,Guam,WPRO,2,7906,0,139
28-05-2021,GU,Guam,WPRO,10,7916,0,139
29-05-2021,GU,Guam,WPRO,2,7918,0,139
30-05-2021,GU,Guam,WPRO,2,7920,0,139
01-01-2021,GT,Guatemala,AMRO,846,138012,10,4813
02-01-2021,GT,Guatemala,AMRO,224,138236,7,4820
03-01-2021,GT,Guatemala,AMRO,80,138316,7,4827
04-01-2021,GT,Guatemala,AMRO,159,138475,6,4833
05-01-2021,GT,Guatemala,AMRO,181,138656,2,4835
06-01-2021,GT,Guatemala,AMRO,763,139419,24,4859
07-01-2021,GT,Guatemala,AMRO,783,140202,40,4899
08-01-2021,GT,Guatemala,AMRO,872,141074,29,4928
09-01-2021,GT,Guatemala,AMRO,990,142064,44,4972
10-01-2021,GT,Guatemala,AMRO,1063,143127,27,4999
11-01-2021,GT,Guatemala,AMRO,116,143243,26,5025
12-01-2021,GT,Guatemala,AMRO,717,143960,0,5025
13-01-2021,GT,Guatemala,AMRO,1044,145004,92,5117
14-01-2021,GT,Guatemala,AMRO,982,145986,0,5117
15-01-2021,GT,Guatemala,AMRO,951,146937,34,5151
16-01-2021,GT,Guatemala,AMRO,623,147560,26,5177
17-01-2021,GT,Guatemala,AMRO,1038,148598,43,5220
18-01-2021,GT,Guatemala,AMRO,290,148888,34,5254
19-01-2021,GT,Guatemala,AMRO,258,149146,24,5278
20-01-2021,GT,Guatemala,AMRO,1131,150277,35,5313
21-01-2021,GT,Guatemala,AMRO,1047,151324,30,5343
22-01-2021,GT,Guatemala,AMRO,1071,152395,46,5389
23-01-2021,GT,Guatemala,AMRO,561,152956,31,5420
24-01-2021,GT,Guatemala,AMRO,934,153890,36,5456
25-01-2021,GT,Guatemala,AMRO,322,154212,9,5465
26-01-2021,GT,Guatemala,AMRO,218,154430,4,5469
27-01-2021,GT,Guatemala,AMRO,1029,155459,17,5486
28-01-2021,GT,Guatemala,AMRO,1038,156497,27,5513
29-01-2021,GT,Guatemala,AMRO,1098,157595,30,5543
30-01-2021,GT,Guatemala,AMRO,741,158336,39,5582
31-01-2021,GT,Guatemala,AMRO,782,159118,36,5618
01-02-2021,GT,Guatemala,AMRO,386,159504,25,5643
02-02-2021,GT,Guatemala,AMRO,128,159632,30,5673
03-02-2021,GT,Guatemala,AMRO,667,160299,36,5709
04-02-2021,GT,Guatemala,AMRO,667,160966,27,5736
05-02-2021,GT,Guatemala,AMRO,699,161665,49,5785
06-02-2021,GT,Guatemala,AMRO,630,162295,31,5816
07-02-2021,GT,Guatemala,AMRO,642,162937,38,5854
08-02-2021,GT,Guatemala,AMRO,200,163137,30,5884
09-02-2021,GT,Guatemala,AMRO,110,163247,38,5922
10-02-2021,GT,Guatemala,AMRO,746,163993,33,5955
11-02-2021,GT,Guatemala,AMRO,753,164746,34,5989
12-02-2021,GT,Guatemala,AMRO,786,165532,34,6023
13-02-2021,GT,Guatemala,AMRO,751,166283,34,6057
14-02-2021,GT,Guatemala,AMRO,788,167071,37,6094
15-02-2021,GT,Guatemala,AMRO,208,167279,30,6124
16-02-2021,GT,Guatemala,AMRO,104,167383,26,6150
17-02-2021,GT,Guatemala,AMRO,720,168103,8,6158
18-02-2021,GT,Guatemala,AMRO,777,168880,6,6164
19-02-2021,GT,Guatemala,AMRO,730,169610,22,6186
20-02-2021,GT,Guatemala,AMRO,665,170275,34,6220
21-02-2021,GT,Guatemala,AMRO,656,170931,29,6249
22-02-2021,GT,Guatemala,AMRO,239,171170,33,6282
23-02-2021,GT,Guatemala,AMRO,119,171289,24,6306
24-02-2021,GT,Guatemala,AMRO,783,172072,9,6315
25-02-2021,GT,Guatemala,AMRO,692,172764,12,6327
26-02-2021,GT,Guatemala,AMRO,378,173142,7,6334
27-02-2021,GT,Guatemala,AMRO,672,173814,14,6348
28-02-2021,GT,Guatemala,AMRO,521,174335,26,6374
01-03-2021,GT,Guatemala,AMRO,207,174542,19,6393
02-03-2021,GT,Guatemala,AMRO,111,174653,9,6402
03-03-2021,GT,Guatemala,AMRO,0,174653,0,6402
04-03-2021,GT,Guatemala,AMRO,758,175411,10,6412
05-03-2021,GT,Guatemala,AMRO,839,176250,15,6427
06-03-2021,GT,Guatemala,AMRO,626,176876,8,6435
07-03-2021,GT,Guatemala,AMRO,1461,178337,32,6467
08-03-2021,GT,Guatemala,AMRO,223,178560,6,6473
09-03-2021,GT,Guatemala,AMRO,210,178770,6,6479
10-03-2021,GT,Guatemala,AMRO,793,179563,14,6493
11-03-2021,GT,Guatemala,AMRO,830,180393,29,6522
12-03-2021,GT,Guatemala,AMRO,750,181143,9,6531
13-03-2021,GT,Guatemala,AMRO,831,181974,15,6546
14-03-2021,GT,Guatemala,AMRO,705,182679,17,6563
15-03-2021,GT,Guatemala,AMRO,202,182881,5,6568
16-03-2021,GT,Guatemala,AMRO,133,183014,7,6575
17-03-2021,GT,Guatemala,AMRO,971,183985,24,6599
18-03-2021,GT,Guatemala,AMRO,6,183991,20,6619
19-03-2021,GT,Guatemala,AMRO,943,184934,0,6619
20-03-2021,GT,Guatemala,AMRO,1806,186740,44,6663
21-03-2021,GT,Guatemala,AMRO,919,187659,22,6685
22-03-2021,GT,Guatemala,AMRO,252,187911,15,6700
23-03-2021,GT,Guatemala,AMRO,208,188119,10,6710
24-03-2021,GT,Guatemala,AMRO,948,189067,20,6730
25-03-2021,GT,Guatemala,AMRO,0,189067,0,6730
26-03-2021,GT,Guatemala,AMRO,2140,191207,35,6765
27-03-2021,GT,Guatemala,AMRO,926,192133,10,6775
28-03-2021,GT,Guatemala,AMRO,917,193050,19,6794
29-03-2021,GT,Guatemala,AMRO,327,193377,8,6802
30-03-2021,GT,Guatemala,AMRO,179,193556,7,6809
31-03-2021,GT,Guatemala,AMRO,278,193834,14,6823
01-04-2021,GT,Guatemala,AMRO,564,194398,17,6840
02-04-2021,GT,Guatemala,AMRO,0,194398,0,6840
03-04-2021,GT,Guatemala,AMRO,358,194756,20,6860
04-04-2021,GT,Guatemala,AMRO,280,195036,15,6875
05-04-2021,GT,Guatemala,AMRO,435,195471,16,6891
06-04-2021,GT,Guatemala,AMRO,209,195680,3,6894
07-04-2021,GT,Guatemala,AMRO,1340,197020,9,6903
08-04-2021,GT,Guatemala,AMRO,1354,198374,25,6928
09-04-2021,GT,Guatemala,AMRO,1590,199964,27,6955
10-04-2021,GT,Guatemala,AMRO,1331,201295,22,6977
11-04-2021,GT,Guatemala,AMRO,1345,202640,24,7001
12-04-2021,GT,Guatemala,AMRO,431,203071,15,7016
13-04-2021,GT,Guatemala,AMRO,238,203309,4,7020
14-04-2021,GT,Guatemala,AMRO,2013,205322,37,7057
15-04-2021,GT,Guatemala,AMRO,3372,208694,63,7120
16-04-2021,GT,Guatemala,AMRO,0,208694,0,7120
17-04-2021,GT,Guatemala,AMRO,1973,210667,40,7160
18-04-2021,GT,Guatemala,AMRO,1640,212307,30,7190
19-04-2021,GT,Guatemala,AMRO,427,212734,31,7221
20-04-2021,GT,Guatemala,AMRO,315,213049,20,7241
21-04-2021,GT,Guatemala,AMRO,1651,214700,38,7279
22-04-2021,GT,Guatemala,AMRO,1629,216329,30,7309
23-04-2021,GT,Guatemala,AMRO,1816,218145,36,7345
24-04-2021,GT,Guatemala,AMRO,1644,219789,29,7374
25-04-2021,GT,Guatemala,AMRO,1518,221307,21,7395
26-04-2021,GT,Guatemala,AMRO,391,221698,15,7410
27-04-2021,GT,Guatemala,AMRO,241,221939,18,7428
28-04-2021,GT,Guatemala,AMRO,1086,223025,25,7453
29-04-2021,GT,Guatemala,AMRO,1596,224621,25,7478
30-04-2021,GT,Guatemala,AMRO,1626,226247,22,7500
01-05-2021,GT,Guatemala,AMRO,1424,227671,24,7524
02-05-2021,GT,Guatemala,AMRO,806,228477,19,7543
03-05-2021,GT,Guatemala,AMRO,207,228684,15,7558
04-05-2021,GT,Guatemala,AMRO,187,228871,20,7578
05-05-2021,GT,Guatemala,AMRO,1224,230095,28,7606
06-05-2021,GT,Guatemala,AMRO,1194,231289,36,7642
07-05-2021,GT,Guatemala,AMRO,1150,232439,35,7677
08-05-2021,GT,Guatemala,AMRO,1257,233696,18,7695
09-05-2021,GT,Guatemala,AMRO,1187,234883,22,7717
10-05-2021,GT,Guatemala,AMRO,206,235089,16,7733
11-05-2021,GT,Guatemala,AMRO,215,235304,3,7736
12-05-2021,GT,Guatemala,AMRO,962,236266,40,7776
13-05-2021,GT,Guatemala,AMRO,1416,237682,39,7815
14-05-2021,GT,Guatemala,AMRO,1105,238787,17,7832
15-05-2021,GT,Guatemala,AMRO,1383,240170,13,7845
16-05-2021,GT,Guatemala,AMRO,0,240170,0,7845
17-05-2021,GT,Guatemala,AMRO,1299,241469,42,7887
18-05-2021,GT,Guatemala,AMRO,59,241528,6,7893
19-05-2021,GT,Guatemala,AMRO,1256,242784,20,7913
20-05-2021,GT,Guatemala,AMRO,1049,243833,15,7928
21-05-2021,GT,Guatemala,AMRO,1414,245247,24,7952
22-05-2021,GT,Guatemala,AMRO,909,246156,25,7977
23-05-2021,GT,Guatemala,AMRO,950,247106,19,7996
24-05-2021,GT,Guatemala,AMRO,348,247454,4,8000
25-05-2021,GT,Guatemala,AMRO,190,247644,9,8009
26-05-2021,GT,Guatemala,AMRO,1180,248824,13,8022
27-05-2021,GT,Guatemala,AMRO,1472,250296,36,8058
28-05-2021,GT,Guatemala,AMRO,1040,251336,12,8070
29-05-2021,GT,Guatemala,AMRO,1593,252929,24,8094
30-05-2021,GT,Guatemala,AMRO,908,253837,27,8121
01-01-2021,GG,Guernsey,EURO,1,298,0,13
02-01-2021,GG,Guernsey,EURO,0,298,0,13
03-01-2021,GG,Guernsey,EURO,1,299,0,13
04-01-2021,GG,Guernsey,EURO,0,299,0,13
05-01-2021,GG,Guernsey,EURO,1,300,0,13
06-01-2021,GG,Guernsey,EURO,0,300,0,13
07-01-2021,GG,Guernsey,EURO,1,301,0,13
08-01-2021,GG,Guernsey,EURO,1,302,0,13
09-01-2021,GG,Guernsey,EURO,0,302,0,13
10-01-2021,GG,Guernsey,EURO,0,302,0,13
11-01-2021,GG,Guernsey,EURO,2,304,0,13
12-01-2021,GG,Guernsey,EURO,1,305,0,13
13-01-2021,GG,Guernsey,EURO,1,306,0,13
14-01-2021,GG,Guernsey,EURO,1,307,0,13
15-01-2021,GG,Guernsey,EURO,1,308,0,13
16-01-2021,GG,Guernsey,EURO,0,308,0,13
17-01-2021,GG,Guernsey,EURO,1,309,0,13
18-01-2021,GG,Guernsey,EURO,0,309,0,13
19-01-2021,GG,Guernsey,EURO,0,309,0,13
20-01-2021,GG,Guernsey,EURO,0,309,0,13
21-01-2021,GG,Guernsey,EURO,0,309,0,13
22-01-2021,GG,Guernsey,EURO,1,310,0,13
23-01-2021,GG,Guernsey,EURO,0,310,0,13
24-01-2021,GG,Guernsey,EURO,0,310,0,13
25-01-2021,GG,Guernsey,EURO,4,314,0,13
26-01-2021,GG,Guernsey,EURO,7,321,0,13
27-01-2021,GG,Guernsey,EURO,38,359,0,13
28-01-2021,GG,Guernsey,EURO,10,369,0,13
29-01-2021,GG,Guernsey,EURO,22,391,0,13
30-01-2021,GG,Guernsey,EURO,23,414,0,13
31-01-2021,GG,Guernsey,EURO,35,449,0,13
01-02-2021,GG,Guernsey,EURO,44,493,0,13
02-02-2021,GG,Guernsey,EURO,46,539,0,13
03-02-2021,GG,Guernsey,EURO,46,585,0,13
04-02-2021,GG,Guernsey,EURO,30,615,0,13
05-02-2021,GG,Guernsey,EURO,36,651,0,13
06-02-2021,GG,Guernsey,EURO,21,672,0,13
07-02-2021,GG,Guernsey,EURO,17,689,0,13
08-02-2021,GG,Guernsey,EURO,22,711,0,13
09-02-2021,GG,Guernsey,EURO,9,720,0,13
10-02-2021,GG,Guernsey,EURO,21,741,0,13
11-02-2021,GG,Guernsey,EURO,11,752,0,13
12-02-2021,GG,Guernsey,EURO,8,760,0,13
13-02-2021,GG,Guernsey,EURO,10,770,0,13
14-02-2021,GG,Guernsey,EURO,12,782,0,13
15-02-2021,GG,Guernsey,EURO,7,789,0,13
16-02-2021,GG,Guernsey,EURO,8,797,0,13
17-02-2021,GG,Guernsey,EURO,7,804,0,13
18-02-2021,GG,Guernsey,EURO,0,804,1,14
19-02-2021,GG,Guernsey,EURO,2,806,0,14
20-02-2021,GG,Guernsey,EURO,2,808,0,14
21-02-2021,GG,Guernsey,EURO,2,810,0,14
22-02-2021,GG,Guernsey,EURO,2,812,0,14
23-02-2021,GG,Guernsey,EURO,1,813,0,14
24-02-2021,GG,Guernsey,EURO,4,817,0,14
25-02-2021,GG,Guernsey,EURO,0,817,0,14
26-02-2021,GG,Guernsey,EURO,1,818,0,14
27-02-2021,GG,Guernsey,EURO,0,818,0,14
28-02-2021,GG,Guernsey,EURO,1,819,0,14
01-03-2021,GG,Guernsey,EURO,2,821,0,14
02-03-2021,GG,Guernsey,EURO,0,821,0,14
03-03-2021,GG,Guernsey,EURO,0,821,0,14
04-03-2021,GG,Guernsey,EURO,0,821,0,14
05-03-2021,GG,Guernsey,EURO,0,821,0,14
06-03-2021,GG,Guernsey,EURO,0,821,0,14
07-03-2021,GG,Guernsey,EURO,0,821,0,14
08-03-2021,GG,Guernsey,EURO,0,821,0,14
09-03-2021,GG,Guernsey,EURO,0,821,0,14
10-03-2021,GG,Guernsey,EURO,0,821,0,14
11-03-2021,GG,Guernsey,EURO,0,821,0,14
12-03-2021,GG,Guernsey,EURO,0,821,0,14
13-03-2021,GG,Guernsey,EURO,0,821,0,14
14-03-2021,GG,Guernsey,EURO,0,821,0,14
15-03-2021,GG,Guernsey,EURO,0,821,0,14
16-03-2021,GG,Guernsey,EURO,0,821,0,14
17-03-2021,GG,Guernsey,EURO,0,821,0,14
18-03-2021,GG,Guernsey,EURO,0,821,0,14
19-03-2021,GG,Guernsey,EURO,0,821,0,14
20-03-2021,GG,Guernsey,EURO,0,821,0,14
21-03-2021,GG,Guernsey,EURO,0,821,0,14
22-03-2021,GG,Guernsey,EURO,0,821,0,14
23-03-2021,GG,Guernsey,EURO,0,821,0,14
24-03-2021,GG,Guernsey,EURO,0,821,0,14
25-03-2021,GG,Guernsey,EURO,0,821,0,14
26-03-2021,GG,Guernsey,EURO,0,821,0,14
27-03-2021,GG,Guernsey,EURO,0,821,0,14
28-03-2021,GG,Guernsey,EURO,0,821,0,14
29-03-2021,GG,Guernsey,EURO,0,821,0,14
30-03-2021,GG,Guernsey,EURO,0,821,0,14
31-03-2021,GG,Guernsey,EURO,0,821,0,14
01-04-2021,GG,Guernsey,EURO,0,821,0,14
02-04-2021,GG,Guernsey,EURO,0,821,0,14
03-04-2021,GG,Guernsey,EURO,0,821,0,14
04-04-2021,GG,Guernsey,EURO,0,821,0,14
05-04-2021,GG,Guernsey,EURO,0,821,0,14
06-04-2021,GG,Guernsey,EURO,0,821,0,14
07-04-2021,GG,Guernsey,EURO,0,821,0,14
08-04-2021,GG,Guernsey,EURO,0,821,0,14
09-04-2021,GG,Guernsey,EURO,0,821,0,14
10-04-2021,GG,Guernsey,EURO,0,821,0,14
11-04-2021,GG,Guernsey,EURO,0,821,0,14
12-04-2021,GG,Guernsey,EURO,0,821,0,14
13-04-2021,GG,Guernsey,EURO,0,821,0,14
14-04-2021,GG,Guernsey,EURO,0,821,0,14
15-04-2021,GG,Guernsey,EURO,0,821,0,14
16-04-2021,GG,Guernsey,EURO,1,822,0,14
17-04-2021,GG,Guernsey,EURO,0,822,0,14
18-04-2021,GG,Guernsey,EURO,0,822,0,14
19-04-2021,GG,Guernsey,EURO,0,822,0,14
20-04-2021,GG,Guernsey,EURO,0,822,0,14
21-04-2021,GG,Guernsey,EURO,0,822,0,14
22-04-2021,GG,Guernsey,EURO,0,822,0,14
23-04-2021,GG,Guernsey,EURO,0,822,0,14
24-04-2021,GG,Guernsey,EURO,0,822,0,14
25-04-2021,GG,Guernsey,EURO,0,822,0,14
26-04-2021,GG,Guernsey,EURO,0,822,0,14
27-04-2021,GG,Guernsey,EURO,0,822,0,14
28-04-2021,GG,Guernsey,EURO,0,822,0,14
29-04-2021,GG,Guernsey,EURO,0,822,0,14
30-04-2021,GG,Guernsey,EURO,0,822,0,14
01-05-2021,GG,Guernsey,EURO,0,822,0,14
02-05-2021,GG,Guernsey,EURO,0,822,0,14
03-05-2021,GG,Guernsey,EURO,0,822,0,14
04-05-2021,GG,Guernsey,EURO,0,822,0,14
05-05-2021,GG,Guernsey,EURO,0,822,0,14
06-05-2021,GG,Guernsey,EURO,0,822,0,14
07-05-2021,GG,Guernsey,EURO,0,822,0,14
08-05-2021,GG,Guernsey,EURO,0,822,0,14
09-05-2021,GG,Guernsey,EURO,0,822,0,14
10-05-2021,GG,Guernsey,EURO,0,822,0,14
11-05-2021,GG,Guernsey,EURO,0,822,0,14
12-05-2021,GG,Guernsey,EURO,0,822,0,14
13-05-2021,GG,Guernsey,EURO,0,822,0,14
14-05-2021,GG,Guernsey,EURO,0,822,0,14
15-05-2021,GG,Guernsey,EURO,0,822,0,14
16-05-2021,GG,Guernsey,EURO,0,822,0,14
17-05-2021,GG,Guernsey,EURO,0,822,0,14
18-05-2021,GG,Guernsey,EURO,0,822,0,14
19-05-2021,GG,Guernsey,EURO,0,822,0,14
20-05-2021,GG,Guernsey,EURO,0,822,0,14
21-05-2021,GG,Guernsey,EURO,0,822,0,14
22-05-2021,GG,Guernsey,EURO,0,822,0,14
23-05-2021,GG,Guernsey,EURO,0,822,0,14
24-05-2021,GG,Guernsey,EURO,0,822,0,14
25-05-2021,GG,Guernsey,EURO,0,822,0,14
26-05-2021,GG,Guernsey,EURO,0,822,0,14
27-05-2021,GG,Guernsey,EURO,0,822,0,14
28-05-2021,GG,Guernsey,EURO,0,822,0,14
29-05-2021,GG,Guernsey,EURO,0,822,0,14
30-05-2021,GG,Guernsey,EURO,0,822,0,14
01-01-2021,GN,Guinea,AFRO,15,13722,1,81
02-01-2021,GN,Guinea,AFRO,0,13722,0,81
03-01-2021,GN,Guinea,AFRO,62,13784,0,81
04-01-2021,GN,Guinea,AFRO,0,13784,0,81
05-01-2021,GN,Guinea,AFRO,15,13799,0,81
06-01-2021,GN,Guinea,AFRO,19,13818,0,81
07-01-2021,GN,Guinea,AFRO,27,13845,0,81
08-01-2021,GN,Guinea,AFRO,17,13862,0,81
09-01-2021,GN,Guinea,AFRO,42,13904,0,81
10-01-2021,GN,Guinea,AFRO,0,13904,0,81
11-01-2021,GN,Guinea,AFRO,38,13942,0,81
12-01-2021,GN,Guinea,AFRO,25,13967,0,81
13-01-2021,GN,Guinea,AFRO,22,13989,0,81
14-01-2021,GN,Guinea,AFRO,36,14025,0,81
15-01-2021,GN,Guinea,AFRO,26,14051,0,81
16-01-2021,GN,Guinea,AFRO,14,14065,0,81
17-01-2021,GN,Guinea,AFRO,33,14098,0,81
18-01-2021,GN,Guinea,AFRO,16,14114,0,81
19-01-2021,GN,Guinea,AFRO,51,14165,0,81
20-01-2021,GN,Guinea,AFRO,7,14172,0,81
21-01-2021,GN,Guinea,AFRO,35,14207,0,81
22-01-2021,GN,Guinea,AFRO,29,14236,0,81
23-01-2021,GN,Guinea,AFRO,26,14262,0,81
24-01-2021,GN,Guinea,AFRO,38,14300,0,81
25-01-2021,GN,Guinea,AFRO,19,14319,0,81
26-01-2021,GN,Guinea,AFRO,56,14375,0,81
27-01-2021,GN,Guinea,AFRO,4,14379,1,82
28-01-2021,GN,Guinea,AFRO,38,14417,0,82
29-01-2021,GN,Guinea,AFRO,18,14435,0,82
30-01-2021,GN,Guinea,AFRO,16,14451,0,82
31-01-2021,GN,Guinea,AFRO,24,14475,0,82
01-02-2021,GN,Guinea,AFRO,57,14532,0,82
02-02-2021,GN,Guinea,AFRO,14,14546,0,82
03-02-2021,GN,Guinea,AFRO,9,14555,1,83
04-02-2021,GN,Guinea,AFRO,13,14568,0,83
05-02-2021,GN,Guinea,AFRO,61,14629,1,84
06-02-2021,GN,Guinea,AFRO,0,14629,0,84
07-02-2021,GN,Guinea,AFRO,36,14665,0,84
08-02-2021,GN,Guinea,AFRO,22,14687,0,84
09-02-2021,GN,Guinea,AFRO,56,14743,0,84
10-02-2021,GN,Guinea,AFRO,21,14764,0,84
11-02-2021,GN,Guinea,AFRO,27,14791,0,84
12-02-2021,GN,Guinea,AFRO,37,14828,0,84
13-02-2021,GN,Guinea,AFRO,32,14860,0,84
14-02-2021,GN,Guinea,AFRO,35,14895,0,84
15-02-2021,GN,Guinea,AFRO,51,14946,0,84
16-02-2021,GN,Guinea,AFRO,21,14967,1,85
17-02-2021,GN,Guinea,AFRO,53,15020,0,85
18-02-2021,GN,Guinea,AFRO,68,15088,0,85
19-02-2021,GN,Guinea,AFRO,66,15154,0,85
20-02-2021,GN,Guinea,AFRO,62,15216,1,86
21-02-2021,GN,Guinea,AFRO,87,15303,0,86
22-02-2021,GN,Guinea,AFRO,92,15395,0,86
23-02-2021,GN,Guinea,AFRO,92,15487,1,87
24-02-2021,GN,Guinea,AFRO,0,15487,0,87
25-02-2021,GN,Guinea,AFRO,93,15580,0,87
26-02-2021,GN,Guinea,AFRO,100,15680,1,88
27-02-2021,GN,Guinea,AFRO,109,15789,0,88
28-02-2021,GN,Guinea,AFRO,105,15894,1,89
01-03-2021,GN,Guinea,AFRO,98,15992,0,89
02-03-2021,GN,Guinea,AFRO,13,16005,0,89
03-03-2021,GN,Guinea,AFRO,76,16081,2,91
04-03-2021,GN,Guinea,AFRO,73,16154,0,91
05-03-2021,GN,Guinea,AFRO,137,16291,1,92
06-03-2021,GN,Guinea,AFRO,129,16420,1,93
07-03-2021,GN,Guinea,AFRO,120,16540,0,93
08-03-2021,GN,Guinea,AFRO,130,16670,2,95
09-03-2021,GN,Guinea,AFRO,242,16912,2,97
10-03-2021,GN,Guinea,AFRO,0,16912,0,97
11-03-2021,GN,Guinea,AFRO,296,17208,4,101
12-03-2021,GN,Guinea,AFRO,164,17372,0,101
13-03-2021,GN,Guinea,AFRO,220,17592,1,102
14-03-2021,GN,Guinea,AFRO,0,17592,0,102
15-03-2021,GN,Guinea,AFRO,259,17851,1,103
16-03-2021,GN,Guinea,AFRO,0,17851,0,103
17-03-2021,GN,Guinea,AFRO,121,17972,1,104
18-03-2021,GN,Guinea,AFRO,313,18285,2,106
19-03-2021,GN,Guinea,AFRO,0,18285,0,106
20-03-2021,GN,Guinea,AFRO,277,18562,2,108
21-03-2021,GN,Guinea,AFRO,0,18562,0,108
22-03-2021,GN,Guinea,AFRO,315,18877,3,111
23-03-2021,GN,Guinea,AFRO,68,18945,2,113
24-03-2021,GN,Guinea,AFRO,0,18945,0,113
25-03-2021,GN,Guinea,AFRO,139,19084,0,113
26-03-2021,GN,Guinea,AFRO,148,19232,0,113
27-03-2021,GN,Guinea,AFRO,171,19403,3,116
28-03-2021,GN,Guinea,AFRO,98,19501,0,116
29-03-2021,GN,Guinea,AFRO,169,19670,4,120
30-03-2021,GN,Guinea,AFRO,103,19773,3,123
31-03-2021,GN,Guinea,AFRO,135,19908,2,125
01-04-2021,GN,Guinea,AFRO,0,19908,0,125
02-04-2021,GN,Guinea,AFRO,175,20083,2,127
03-04-2021,GN,Guinea,AFRO,145,20228,1,128
04-04-2021,GN,Guinea,AFRO,91,20319,1,129
05-04-2021,GN,Guinea,AFRO,187,20506,1,130
06-04-2021,GN,Guinea,AFRO,4,20510,0,130
07-04-2021,GN,Guinea,AFRO,0,20510,0,130
08-04-2021,GN,Guinea,AFRO,44,20554,1,131
09-04-2021,GN,Guinea,AFRO,0,20554,0,131
10-04-2021,GN,Guinea,AFRO,192,20746,1,132
11-04-2021,GN,Guinea,AFRO,61,20807,1,133
12-04-2021,GN,Guinea,AFRO,142,20949,1,134
13-04-2021,GN,Guinea,AFRO,83,21032,2,136
14-04-2021,GN,Guinea,AFRO,74,21106,0,136
15-04-2021,GN,Guinea,AFRO,0,21106,0,136
16-04-2021,GN,Guinea,AFRO,193,21299,0,136
17-04-2021,GN,Guinea,AFRO,93,21392,2,138
18-04-2021,GN,Guinea,AFRO,68,21460,0,138
19-04-2021,GN,Guinea,AFRO,152,21612,0,138
20-04-2021,GN,Guinea,AFRO,0,21612,0,138
21-04-2021,GN,Guinea,AFRO,21,21633,1,139
22-04-2021,GN,Guinea,AFRO,33,21666,0,139
23-04-2021,GN,Guinea,AFRO,79,21745,0,139
24-04-2021,GN,Guinea,AFRO,58,21803,0,139
25-04-2021,GN,Guinea,AFRO,0,21803,0,139
26-04-2021,GN,Guinea,AFRO,150,21953,1,140
27-04-2021,GN,Guinea,AFRO,32,21985,1,141
28-04-2021,GN,Guinea,AFRO,61,22046,0,141
29-04-2021,GN,Guinea,AFRO,41,22087,0,141
30-04-2021,GN,Guinea,AFRO,128,22215,3,144
01-05-2021,GN,Guinea,AFRO,0,22215,0,144
02-05-2021,GN,Guinea,AFRO,32,22247,0,144
03-05-2021,GN,Guinea,AFRO,86,22333,2,146
04-05-2021,GN,Guinea,AFRO,0,22333,0,146
05-05-2021,GN,Guinea,AFRO,35,22368,0,146
06-05-2021,GN,Guinea,AFRO,100,22468,2,148
07-05-2021,GN,Guinea,AFRO,85,22553,1,149
08-05-2021,GN,Guinea,AFRO,0,22553,0,149
09-05-2021,GN,Guinea,AFRO,80,22633,1,150
10-05-2021,GN,Guinea,AFRO,0,22633,0,150
11-05-2021,GN,Guinea,AFRO,0,22633,0,150
12-05-2021,GN,Guinea,AFRO,74,22707,1,151
13-05-2021,GN,Guinea,AFRO,0,22707,0,151
14-05-2021,GN,Guinea,AFRO,0,22707,0,151
15-05-2021,GN,Guinea,AFRO,27,22734,0,151
16-05-2021,GN,Guinea,AFRO,0,22734,0,151
17-05-2021,GN,Guinea,AFRO,0,22734,0,151
18-05-2021,GN,Guinea,AFRO,35,22769,1,152
19-05-2021,GN,Guinea,AFRO,84,22853,1,153
20-05-2021,GN,Guinea,AFRO,0,22853,0,153
21-05-2021,GN,Guinea,AFRO,26,22879,1,154
22-05-2021,GN,Guinea,AFRO,84,22963,1,155
23-05-2021,GN,Guinea,AFRO,25,22988,3,158
24-05-2021,GN,Guinea,AFRO,0,22988,0,158
25-05-2021,GN,Guinea,AFRO,64,23052,1,159
26-05-2021,GN,Guinea,AFRO,8,23060,1,160
27-05-2021,GN,Guinea,AFRO,20,23080,0,160
28-05-2021,GN,Guinea,AFRO,30,23110,1,161
29-05-2021,GN,Guinea,AFRO,0,23110,0,161
30-05-2021,GN,Guinea,AFRO,62,23172,0,161
01-01-2021,GW,Guinea-Bissau,AFRO,0,2447,0,45
02-01-2021,GW,Guinea-Bissau,AFRO,0,2447,0,45
03-01-2021,GW,Guinea-Bissau,AFRO,0,2447,0,45
04-01-2021,GW,Guinea-Bissau,AFRO,0,2447,0,45
05-01-2021,GW,Guinea-Bissau,AFRO,0,2447,0,45
06-01-2021,GW,Guinea-Bissau,AFRO,0,2447,0,45
07-01-2021,GW,Guinea-Bissau,AFRO,0,2447,0,45
08-01-2021,GW,Guinea-Bissau,AFRO,0,2447,0,45
09-01-2021,GW,Guinea-Bissau,AFRO,0,2447,0,45
10-01-2021,GW,Guinea-Bissau,AFRO,0,2447,0,45
11-01-2021,GW,Guinea-Bissau,AFRO,0,2447,0,45
12-01-2021,GW,Guinea-Bissau,AFRO,0,2447,0,45
13-01-2021,GW,Guinea-Bissau,AFRO,0,2447,0,45
14-01-2021,GW,Guinea-Bissau,AFRO,0,2447,0,45
15-01-2021,GW,Guinea-Bissau,AFRO,0,2447,0,45
16-01-2021,GW,Guinea-Bissau,AFRO,0,2447,0,45
17-01-2021,GW,Guinea-Bissau,AFRO,31,2478,0,45
18-01-2021,GW,Guinea-Bissau,AFRO,0,2478,0,45
19-01-2021,GW,Guinea-Bissau,AFRO,0,2478,0,45
20-01-2021,GW,Guinea-Bissau,AFRO,32,2510,0,45
21-01-2021,GW,Guinea-Bissau,AFRO,0,2510,0,45
22-01-2021,GW,Guinea-Bissau,AFRO,7,2517,0,45
23-01-2021,GW,Guinea-Bissau,AFRO,8,2525,0,45
24-01-2021,GW,Guinea-Bissau,AFRO,6,2531,0,45
25-01-2021,GW,Guinea-Bissau,AFRO,2,2533,0,45
26-01-2021,GW,Guinea-Bissau,AFRO,0,2533,0,45
27-01-2021,GW,Guinea-Bissau,AFRO,9,2542,0,45
28-01-2021,GW,Guinea-Bissau,AFRO,2,2544,0,45
29-01-2021,GW,Guinea-Bissau,AFRO,61,2605,0,45
30-01-2021,GW,Guinea-Bissau,AFRO,9,2614,0,45
31-01-2021,GW,Guinea-Bissau,AFRO,9,2623,0,45
01-02-2021,GW,Guinea-Bissau,AFRO,12,2635,0,45
02-02-2021,GW,Guinea-Bissau,AFRO,0,2635,0,45
03-02-2021,GW,Guinea-Bissau,AFRO,20,2655,0,45
04-02-2021,GW,Guinea-Bissau,AFRO,7,2662,0,45
05-02-2021,GW,Guinea-Bissau,AFRO,31,2693,1,46
06-02-2021,GW,Guinea-Bissau,AFRO,59,2752,0,46
07-02-2021,GW,Guinea-Bissau,AFRO,20,2772,0,46
08-02-2021,GW,Guinea-Bissau,AFRO,8,2780,0,46
09-02-2021,GW,Guinea-Bissau,AFRO,0,2780,0,46
10-02-2021,GW,Guinea-Bissau,AFRO,30,2810,0,46
11-02-2021,GW,Guinea-Bissau,AFRO,16,2826,0,46
12-02-2021,GW,Guinea-Bissau,AFRO,22,2848,0,46
13-02-2021,GW,Guinea-Bissau,AFRO,21,2869,0,46
14-02-2021,GW,Guinea-Bissau,AFRO,16,2885,0,46
15-02-2021,GW,Guinea-Bissau,AFRO,39,2924,0,46
16-02-2021,GW,Guinea-Bissau,AFRO,0,2924,0,46
17-02-2021,GW,Guinea-Bissau,AFRO,26,2950,0,46
18-02-2021,GW,Guinea-Bissau,AFRO,49,2999,0,46
19-02-2021,GW,Guinea-Bissau,AFRO,26,3025,0,46
20-02-2021,GW,Guinea-Bissau,AFRO,39,3064,0,46
21-02-2021,GW,Guinea-Bissau,AFRO,27,3091,0,46
22-02-2021,GW,Guinea-Bissau,AFRO,24,3115,1,47
23-02-2021,GW,Guinea-Bissau,AFRO,0,3115,0,47
24-02-2021,GW,Guinea-Bissau,AFRO,41,3156,0,47
25-02-2021,GW,Guinea-Bissau,AFRO,15,3171,1,48
26-02-2021,GW,Guinea-Bissau,AFRO,44,3215,0,48
27-02-2021,GW,Guinea-Bissau,AFRO,26,3241,0,48
28-02-2021,GW,Guinea-Bissau,AFRO,6,3247,0,48
01-03-2021,GW,Guinea-Bissau,AFRO,15,3262,0,48
02-03-2021,GW,Guinea-Bissau,AFRO,0,3262,0,48
03-03-2021,GW,Guinea-Bissau,AFRO,9,3271,0,48
04-03-2021,GW,Guinea-Bissau,AFRO,11,3282,0,48
05-03-2021,GW,Guinea-Bissau,AFRO,19,3301,1,49
06-03-2021,GW,Guinea-Bissau,AFRO,2,3303,0,49
07-03-2021,GW,Guinea-Bissau,AFRO,9,3312,0,49
08-03-2021,GW,Guinea-Bissau,AFRO,0,3312,0,49
09-03-2021,GW,Guinea-Bissau,AFRO,0,3312,0,49
10-03-2021,GW,Guinea-Bissau,AFRO,7,3319,0,49
11-03-2021,GW,Guinea-Bissau,AFRO,8,3327,2,51
12-03-2021,GW,Guinea-Bissau,AFRO,53,3380,0,51
13-03-2021,GW,Guinea-Bissau,AFRO,18,3398,1,52
14-03-2021,GW,Guinea-Bissau,AFRO,38,3436,0,52
15-03-2021,GW,Guinea-Bissau,AFRO,11,3447,0,52
16-03-2021,GW,Guinea-Bissau,AFRO,0,3447,0,52
17-03-2021,GW,Guinea-Bissau,AFRO,22,3469,0,52
18-03-2021,GW,Guinea-Bissau,AFRO,19,3488,2,54
19-03-2021,GW,Guinea-Bissau,AFRO,30,3518,0,54
20-03-2021,GW,Guinea-Bissau,AFRO,18,3536,1,55
21-03-2021,GW,Guinea-Bissau,AFRO,22,3558,0,55
22-03-2021,GW,Guinea-Bissau,AFRO,10,3568,0,55
23-03-2021,GW,Guinea-Bissau,AFRO,0,3568,0,55
24-03-2021,GW,Guinea-Bissau,AFRO,18,3586,1,56
25-03-2021,GW,Guinea-Bissau,AFRO,5,3591,0,56
26-03-2021,GW,Guinea-Bissau,AFRO,16,3607,5,61
27-03-2021,GW,Guinea-Bissau,AFRO,8,3615,0,61
28-03-2021,GW,Guinea-Bissau,AFRO,15,3630,0,61
29-03-2021,GW,Guinea-Bissau,AFRO,5,3635,0,61
30-03-2021,GW,Guinea-Bissau,AFRO,0,3635,0,61
31-03-2021,GW,Guinea-Bissau,AFRO,13,3648,0,61
01-04-2021,GW,Guinea-Bissau,AFRO,2,3650,2,63
02-04-2021,GW,Guinea-Bissau,AFRO,11,3661,0,63
03-04-2021,GW,Guinea-Bissau,AFRO,0,3661,2,65
04-04-2021,GW,Guinea-Bissau,AFRO,0,3661,0,65
05-04-2021,GW,Guinea-Bissau,AFRO,1,3662,1,66
06-04-2021,GW,Guinea-Bissau,AFRO,0,3662,0,66
07-04-2021,GW,Guinea-Bissau,AFRO,0,3662,0,66
08-04-2021,GW,Guinea-Bissau,AFRO,1,3663,0,66
09-04-2021,GW,Guinea-Bissau,AFRO,1,3664,0,66
10-04-2021,GW,Guinea-Bissau,AFRO,11,3675,0,66
11-04-2021,GW,Guinea-Bissau,AFRO,3,3678,0,66
12-04-2021,GW,Guinea-Bissau,AFRO,2,3680,0,66
13-04-2021,GW,Guinea-Bissau,AFRO,0,3680,0,66
14-04-2021,GW,Guinea-Bissau,AFRO,13,3693,0,66
15-04-2021,GW,Guinea-Bissau,AFRO,1,3694,0,66
16-04-2021,GW,Guinea-Bissau,AFRO,12,3706,0,66
17-04-2021,GW,Guinea-Bissau,AFRO,4,3710,0,66
18-04-2021,GW,Guinea-Bissau,AFRO,0,3710,0,66
19-04-2021,GW,Guinea-Bissau,AFRO,2,3712,0,66
20-04-2021,GW,Guinea-Bissau,AFRO,0,3712,0,66
21-04-2021,GW,Guinea-Bissau,AFRO,1,3713,0,66
22-04-2021,GW,Guinea-Bissau,AFRO,0,3713,0,66
23-04-2021,GW,Guinea-Bissau,AFRO,8,3721,0,66
24-04-2021,GW,Guinea-Bissau,AFRO,1,3722,0,66
25-04-2021,GW,Guinea-Bissau,AFRO,2,3724,1,67
26-04-2021,GW,Guinea-Bissau,AFRO,2,3726,0,67
27-04-2021,GW,Guinea-Bissau,AFRO,0,3726,0,67
28-04-2021,GW,Guinea-Bissau,AFRO,0,3726,0,67
29-04-2021,GW,Guinea-Bissau,AFRO,5,3731,0,67
30-04-2021,GW,Guinea-Bissau,AFRO,2,3733,0,67
01-05-2021,GW,Guinea-Bissau,AFRO,1,3734,0,67
02-05-2021,GW,Guinea-Bissau,AFRO,2,3736,0,67
03-05-2021,GW,Guinea-Bissau,AFRO,0,3736,0,67
04-05-2021,GW,Guinea-Bissau,AFRO,0,3736,0,67
05-05-2021,GW,Guinea-Bissau,AFRO,1,3737,0,67
06-05-2021,GW,Guinea-Bissau,AFRO,1,3738,0,67
07-05-2021,GW,Guinea-Bissau,AFRO,0,3738,0,67
08-05-2021,GW,Guinea-Bissau,AFRO,1,3739,0,67
09-05-2021,GW,Guinea-Bissau,AFRO,0,3739,0,67
10-05-2021,GW,Guinea-Bissau,AFRO,2,3741,0,67
11-05-2021,GW,Guinea-Bissau,AFRO,0,3741,0,67
12-05-2021,GW,Guinea-Bissau,AFRO,0,3741,0,67
13-05-2021,GW,Guinea-Bissau,AFRO,0,3741,0,67
14-05-2021,GW,Guinea-Bissau,AFRO,2,3743,0,67
15-05-2021,GW,Guinea-Bissau,AFRO,2,3745,0,67
16-05-2021,GW,Guinea-Bissau,AFRO,1,3746,0,67
17-05-2021,GW,Guinea-Bissau,AFRO,0,3746,0,67
18-05-2021,GW,Guinea-Bissau,AFRO,0,3746,0,67
19-05-2021,GW,Guinea-Bissau,AFRO,0,3746,1,68
20-05-2021,GW,Guinea-Bissau,AFRO,0,3746,0,68
21-05-2021,GW,Guinea-Bissau,AFRO,0,3746,0,68
22-05-2021,GW,Guinea-Bissau,AFRO,3,3749,0,68
23-05-2021,GW,Guinea-Bissau,AFRO,0,3749,0,68
24-05-2021,GW,Guinea-Bissau,AFRO,2,3751,0,68
25-05-2021,GW,Guinea-Bissau,AFRO,0,3751,0,68
26-05-2021,GW,Guinea-Bissau,AFRO,2,3753,0,68
27-05-2021,GW,Guinea-Bissau,AFRO,0,3753,0,68
28-05-2021,GW,Guinea-Bissau,AFRO,3,3756,0,68
29-05-2021,GW,Guinea-Bissau,AFRO,4,3760,0,68
30-05-2021,GW,Guinea-Bissau,AFRO,1,3761,0,68
01-01-2021,GY,Guyana,AMRO,18,6319,0,164
02-01-2021,GY,Guyana,AMRO,13,6332,0,164
03-01-2021,GY,Guyana,AMRO,19,6351,0,164
04-01-2021,GY,Guyana,AMRO,7,6358,0,164
05-01-2021,GY,Guyana,AMRO,0,6358,0,164
06-01-2021,GY,Guyana,AMRO,21,6379,2,166
07-01-2021,GY,Guyana,AMRO,28,6407,0,166
08-01-2021,GY,Guyana,AMRO,0,6407,0,166
09-01-2021,GY,Guyana,AMRO,62,6469,1,167
10-01-2021,GY,Guyana,AMRO,0,6469,0,167
11-01-2021,GY,Guyana,AMRO,72,6541,0,167
12-01-2021,GY,Guyana,AMRO,33,6574,2,169
13-01-2021,GY,Guyana,AMRO,14,6588,1,170
14-01-2021,GY,Guyana,AMRO,65,6653,0,170
15-01-2021,GY,Guyana,AMRO,43,6696,0,170
16-01-2021,GY,Guyana,AMRO,49,6745,0,170
17-01-2021,GY,Guyana,AMRO,60,6805,0,170
18-01-2021,GY,Guyana,AMRO,46,6851,0,170
19-01-2021,GY,Guyana,AMRO,57,6908,0,170
20-01-2021,GY,Guyana,AMRO,23,6931,0,170
21-01-2021,GY,Guyana,AMRO,19,6950,0,170
22-01-2021,GY,Guyana,AMRO,65,7015,0,170
23-01-2021,GY,Guyana,AMRO,52,7067,0,170
24-01-2021,GY,Guyana,AMRO,76,7143,0,170
25-01-2021,GY,Guyana,AMRO,79,7222,0,170
26-01-2021,GY,Guyana,AMRO,76,7298,2,172
27-01-2021,GY,Guyana,AMRO,19,7317,0,172
28-01-2021,GY,Guyana,AMRO,29,7346,0,172
29-01-2021,GY,Guyana,AMRO,34,7380,2,174
30-01-2021,GY,Guyana,AMRO,90,7470,1,175
31-01-2021,GY,Guyana,AMRO,58,7528,0,175
01-02-2021,GY,Guyana,AMRO,53,7581,1,176
02-02-2021,GY,Guyana,AMRO,60,7641,0,176
03-02-2021,GY,Guyana,AMRO,13,7654,1,177
04-02-2021,GY,Guyana,AMRO,24,7678,0,177
05-02-2021,GY,Guyana,AMRO,36,7714,0,177
06-02-2021,GY,Guyana,AMRO,66,7780,0,177
07-02-2021,GY,Guyana,AMRO,107,7887,2,179
08-02-2021,GY,Guyana,AMRO,52,7939,1,180
09-02-2021,GY,Guyana,AMRO,43,7982,0,180
10-02-2021,GY,Guyana,AMRO,41,8023,1,181
11-02-2021,GY,Guyana,AMRO,18,8041,0,181
12-02-2021,GY,Guyana,AMRO,51,8092,1,182
13-02-2021,GY,Guyana,AMRO,43,8135,2,184
14-02-2021,GY,Guyana,AMRO,46,8181,2,186
15-02-2021,GY,Guyana,AMRO,26,8207,0,186
16-02-2021,GY,Guyana,AMRO,24,8231,0,186
17-02-2021,GY,Guyana,AMRO,1,8232,0,186
18-02-2021,GY,Guyana,AMRO,30,8262,2,188
19-02-2021,GY,Guyana,AMRO,51,8313,1,189
20-02-2021,GY,Guyana,AMRO,25,8338,0,189
21-02-2021,GY,Guyana,AMRO,19,8357,0,189
22-02-2021,GY,Guyana,AMRO,42,8399,0,189
23-02-2021,GY,Guyana,AMRO,21,8420,0,189
24-02-2021,GY,Guyana,AMRO,7,8427,0,189
25-02-2021,GY,Guyana,AMRO,25,8452,1,190
26-02-2021,GY,Guyana,AMRO,5,8457,2,192
27-02-2021,GY,Guyana,AMRO,28,8485,3,195
28-02-2021,GY,Guyana,AMRO,28,8513,0,195
01-03-2021,GY,Guyana,AMRO,37,8550,0,195
02-03-2021,GY,Guyana,AMRO,35,8585,0,195
03-03-2021,GY,Guyana,AMRO,10,8595,2,197
04-03-2021,GY,Guyana,AMRO,31,8626,0,197
05-03-2021,GY,Guyana,AMRO,22,8648,2,199
06-03-2021,GY,Guyana,AMRO,51,8699,0,199
07-03-2021,GY,Guyana,AMRO,30,8729,1,200
08-03-2021,GY,Guyana,AMRO,43,8772,0,200
09-03-2021,GY,Guyana,AMRO,35,8807,1,201
10-03-2021,GY,Guyana,AMRO,7,8814,2,203
11-03-2021,GY,Guyana,AMRO,33,8847,1,204
12-03-2021,GY,Guyana,AMRO,81,8928,1,205
13-03-2021,GY,Guyana,AMRO,65,8993,1,206
14-03-2021,GY,Guyana,AMRO,76,9069,0,206
15-03-2021,GY,Guyana,AMRO,52,9121,0,206
16-03-2021,GY,Guyana,AMRO,39,9160,1,207
17-03-2021,GY,Guyana,AMRO,27,9187,0,207
18-03-2021,GY,Guyana,AMRO,51,9238,1,208
19-03-2021,GY,Guyana,AMRO,84,9322,1,209
20-03-2021,GY,Guyana,AMRO,120,9442,3,212
21-03-2021,GY,Guyana,AMRO,44,9486,0,212
22-03-2021,GY,Guyana,AMRO,99,9585,2,214
23-03-2021,GY,Guyana,AMRO,64,9649,1,215
24-03-2021,GY,Guyana,AMRO,19,9668,1,216
25-03-2021,GY,Guyana,AMRO,64,9732,2,218
26-03-2021,GY,Guyana,AMRO,88,9820,2,220
27-03-2021,GY,Guyana,AMRO,78,9898,3,223
28-03-2021,GY,Guyana,AMRO,109,10007,2,225
29-03-2021,GY,Guyana,AMRO,65,10072,0,225
30-03-2021,GY,Guyana,AMRO,96,10168,2,227
31-03-2021,GY,Guyana,AMRO,14,10182,2,229
01-04-2021,GY,Guyana,AMRO,10,10192,2,231
02-04-2021,GY,Guyana,AMRO,57,10249,0,231
03-04-2021,GY,Guyana,AMRO,0,10249,0,231
04-04-2021,GY,Guyana,AMRO,197,10446,4,235
05-04-2021,GY,Guyana,AMRO,94,10540,2,237
06-04-2021,GY,Guyana,AMRO,40,10580,6,243
07-04-2021,GY,Guyana,AMRO,26,10606,3,246
08-04-2021,GY,Guyana,AMRO,31,10637,1,247
09-04-2021,GY,Guyana,AMRO,81,10718,3,250
10-04-2021,GY,Guyana,AMRO,135,10853,2,252
11-04-2021,GY,Guyana,AMRO,105,10958,0,252
12-04-2021,GY,Guyana,AMRO,86,11044,0,252
13-04-2021,GY,Guyana,AMRO,105,11149,3,255
14-04-2021,GY,Guyana,AMRO,40,11189,2,257
15-04-2021,GY,Guyana,AMRO,88,11277,1,258
16-04-2021,GY,Guyana,AMRO,97,11374,2,260
17-04-2021,GY,Guyana,AMRO,153,11527,3,263
18-04-2021,GY,Guyana,AMRO,115,11642,4,267
19-04-2021,GY,Guyana,AMRO,120,11762,1,268
20-04-2021,GY,Guyana,AMRO,101,11863,3,271
21-04-2021,GY,Guyana,AMRO,38,11901,0,271
22-04-2021,GY,Guyana,AMRO,71,11972,2,273
23-04-2021,GY,Guyana,AMRO,160,12132,1,274
24-04-2021,GY,Guyana,AMRO,102,12234,3,277
25-04-2021,GY,Guyana,AMRO,214,12448,0,277
26-04-2021,GY,Guyana,AMRO,152,12600,2,279
27-04-2021,GY,Guyana,AMRO,103,12703,5,284
28-04-2021,GY,Guyana,AMRO,51,12754,3,287
29-04-2021,GY,Guyana,AMRO,72,12826,4,291
30-04-2021,GY,Guyana,AMRO,137,12963,2,293
01-05-2021,GY,Guyana,AMRO,143,13106,2,295
02-05-2021,GY,Guyana,AMRO,177,13283,1,296
03-05-2021,GY,Guyana,AMRO,121,13404,3,299
04-05-2021,GY,Guyana,AMRO,114,13518,0,299
05-05-2021,GY,Guyana,AMRO,46,13564,4,303
06-05-2021,GY,Guyana,AMRO,92,13656,3,306
07-05-2021,GY,Guyana,AMRO,173,13829,2,308
08-05-2021,GY,Guyana,AMRO,128,13957,2,310
09-05-2021,GY,Guyana,AMRO,80,14037,4,314
10-05-2021,GY,Guyana,AMRO,166,14203,0,314
11-05-2021,GY,Guyana,AMRO,159,14362,11,325
12-05-2021,GY,Guyana,AMRO,80,14442,2,327
13-05-2021,GY,Guyana,AMRO,89,14531,4,331
14-05-2021,GY,Guyana,AMRO,128,14659,0,331
15-05-2021,GY,Guyana,AMRO,186,14845,2,333
16-05-2021,GY,Guyana,AMRO,143,14988,2,335
17-05-2021,GY,Guyana,AMRO,180,15168,3,338
18-05-2021,GY,Guyana,AMRO,103,15271,3,341
19-05-2021,GY,Guyana,AMRO,81,15352,3,344
20-05-2021,GY,Guyana,AMRO,102,15454,1,345
21-05-2021,GY,Guyana,AMRO,153,15607,4,349
22-05-2021,GY,Guyana,AMRO,136,15743,0,349
23-05-2021,GY,Guyana,AMRO,0,15743,0,349
24-05-2021,GY,Guyana,AMRO,271,16014,6,355
25-05-2021,GY,Guyana,AMRO,116,16130,4,359
26-05-2021,GY,Guyana,AMRO,105,16235,2,361
27-05-2021,GY,Guyana,AMRO,85,16320,7,368
28-05-2021,GY,Guyana,AMRO,236,16556,6,374
29-05-2021,GY,Guyana,AMRO,98,16654,2,376
30-05-2021,GY,Guyana,AMRO,70,16724,4,380
01-01-2021,HT,Haiti,AMRO,16,10015,0,236
02-01-2021,HT,Haiti,AMRO,0,10015,0,236
03-01-2021,HT,Haiti,AMRO,62,10077,0,236
04-01-2021,HT,Haiti,AMRO,50,10127,0,236
05-01-2021,HT,Haiti,AMRO,0,10127,0,236
06-01-2021,HT,Haiti,AMRO,0,10127,0,236
07-01-2021,HT,Haiti,AMRO,0,10127,0,236
08-01-2021,HT,Haiti,AMRO,76,10203,0,236
09-01-2021,HT,Haiti,AMRO,38,10241,1,237
10-01-2021,HT,Haiti,AMRO,0,10241,0,237
11-01-2021,HT,Haiti,AMRO,31,10272,1,238
12-01-2021,HT,Haiti,AMRO,0,10272,0,238
13-01-2021,HT,Haiti,AMRO,114,10386,0,238
14-01-2021,HT,Haiti,AMRO,29,10415,0,238
15-01-2021,HT,Haiti,AMRO,154,10569,0,238
16-01-2021,HT,Haiti,AMRO,66,10635,0,238
17-01-2021,HT,Haiti,AMRO,146,10781,2,240
18-01-2021,HT,Haiti,AMRO,0,10781,0,240
19-01-2021,HT,Haiti,AMRO,71,10852,0,240
20-01-2021,HT,Haiti,AMRO,55,10907,0,240
21-01-2021,HT,Haiti,AMRO,56,10963,0,240
22-01-2021,HT,Haiti,AMRO,0,10963,0,240
23-01-2021,HT,Haiti,AMRO,72,11035,3,243
24-01-2021,HT,Haiti,AMRO,64,11099,0,243
25-01-2021,HT,Haiti,AMRO,82,11181,0,243
26-01-2021,HT,Haiti,AMRO,105,11286,0,243
27-01-2021,HT,Haiti,AMRO,0,11286,0,243
28-01-2021,HT,Haiti,AMRO,0,11286,0,243
29-01-2021,HT,Haiti,AMRO,116,11402,1,244
30-01-2021,HT,Haiti,AMRO,58,11460,1,245
31-01-2021,HT,Haiti,AMRO,73,11533,0,245
01-02-2021,HT,Haiti,AMRO,0,11533,0,245
02-02-2021,HT,Haiti,AMRO,57,11590,0,245
03-02-2021,HT,Haiti,AMRO,82,11672,0,245
04-02-2021,HT,Haiti,AMRO,20,11692,0,245
05-02-2021,HT,Haiti,AMRO,0,11692,0,245
06-02-2021,HT,Haiti,AMRO,66,11758,0,245
07-02-2021,HT,Haiti,AMRO,48,11806,1,246
08-02-2021,HT,Haiti,AMRO,0,11806,0,246
09-02-2021,HT,Haiti,AMRO,102,11908,0,246
10-02-2021,HT,Haiti,AMRO,61,11969,0,246
11-02-2021,HT,Haiti,AMRO,22,11991,0,246
12-02-2021,HT,Haiti,AMRO,25,12016,0,246
13-02-2021,HT,Haiti,AMRO,0,12016,0,246
14-02-2021,HT,Haiti,AMRO,127,12143,1,247
15-02-2021,HT,Haiti,AMRO,0,12143,0,247
16-02-2021,HT,Haiti,AMRO,49,12192,0,247
17-02-2021,HT,Haiti,AMRO,14,12206,0,247
18-02-2021,HT,Haiti,AMRO,0,12206,0,247
19-02-2021,HT,Haiti,AMRO,0,12206,0,247
20-02-2021,HT,Haiti,AMRO,48,12254,0,247
21-02-2021,HT,Haiti,AMRO,20,12274,0,247
22-02-2021,HT,Haiti,AMRO,35,12309,0,247
23-02-2021,HT,Haiti,AMRO,0,12309,0,247
24-02-2021,HT,Haiti,AMRO,43,12352,0,247
25-02-2021,HT,Haiti,AMRO,0,12352,0,247
26-02-2021,HT,Haiti,AMRO,0,12352,0,247
27-02-2021,HT,Haiti,AMRO,78,12430,3,250
28-02-2021,HT,Haiti,AMRO,0,12430,0,250
01-03-2021,HT,Haiti,AMRO,18,12448,0,250
02-03-2021,HT,Haiti,AMRO,45,12493,0,250
03-03-2021,HT,Haiti,AMRO,38,12531,0,250
04-03-2021,HT,Haiti,AMRO,5,12536,0,250
05-03-2021,HT,Haiti,AMRO,0,12536,0,250
06-03-2021,HT,Haiti,AMRO,0,12536,0,250
07-03-2021,HT,Haiti,AMRO,0,12536,0,250
08-03-2021,HT,Haiti,AMRO,0,12536,0,250
09-03-2021,HT,Haiti,AMRO,0,12536,0,250
10-03-2021,HT,Haiti,AMRO,58,12594,0,250
11-03-2021,HT,Haiti,AMRO,0,12594,0,250
12-03-2021,HT,Haiti,AMRO,38,12632,0,250
13-03-2021,HT,Haiti,AMRO,0,12632,0,250
14-03-2021,HT,Haiti,AMRO,0,12632,0,250
15-03-2021,HT,Haiti,AMRO,0,12632,0,250
16-03-2021,HT,Haiti,AMRO,32,12664,0,250
17-03-2021,HT,Haiti,AMRO,5,12669,0,250
18-03-2021,HT,Haiti,AMRO,17,12686,1,251
19-03-2021,HT,Haiti,AMRO,2,12688,0,251
20-03-2021,HT,Haiti,AMRO,12,12700,0,251
21-03-2021,HT,Haiti,AMRO,14,12714,0,251
22-03-2021,HT,Haiti,AMRO,0,12714,0,251
23-03-2021,HT,Haiti,AMRO,8,12722,0,251
24-03-2021,HT,Haiti,AMRO,10,12732,0,251
25-03-2021,HT,Haiti,AMRO,0,12732,0,251
26-03-2021,HT,Haiti,AMRO,4,12736,0,251
27-03-2021,HT,Haiti,AMRO,0,12736,0,251
28-03-2021,HT,Haiti,AMRO,0,12736,0,251
29-03-2021,HT,Haiti,AMRO,0,12736,0,251
30-03-2021,HT,Haiti,AMRO,22,12758,0,251
31-03-2021,HT,Haiti,AMRO,0,12758,0,251
01-04-2021,HT,Haiti,AMRO,4,12762,0,251
02-04-2021,HT,Haiti,AMRO,26,12788,0,251
03-04-2021,HT,Haiti,AMRO,0,12788,0,251
04-04-2021,HT,Haiti,AMRO,0,12788,0,251
05-04-2021,HT,Haiti,AMRO,0,12788,0,251
06-04-2021,HT,Haiti,AMRO,15,12803,0,251
07-04-2021,HT,Haiti,AMRO,0,12803,0,251
08-04-2021,HT,Haiti,AMRO,0,12803,0,251
09-04-2021,HT,Haiti,AMRO,13,12816,0,251
10-04-2021,HT,Haiti,AMRO,24,12840,0,251
11-04-2021,HT,Haiti,AMRO,0,12840,0,251
12-04-2021,HT,Haiti,AMRO,0,12840,0,251
13-04-2021,HT,Haiti,AMRO,15,12855,0,251
14-04-2021,HT,Haiti,AMRO,0,12855,0,251
15-04-2021,HT,Haiti,AMRO,2,12857,0,251
16-04-2021,HT,Haiti,AMRO,19,12876,0,251
17-04-2021,HT,Haiti,AMRO,9,12885,0,251
18-04-2021,HT,Haiti,AMRO,33,12918,0,251
19-04-2021,HT,Haiti,AMRO,0,12918,0,251
20-04-2021,HT,Haiti,AMRO,0,12918,0,251
21-04-2021,HT,Haiti,AMRO,0,12918,0,251
22-04-2021,HT,Haiti,AMRO,26,12944,0,251
23-04-2021,HT,Haiti,AMRO,0,12944,0,251
24-04-2021,HT,Haiti,AMRO,0,12944,0,251
25-04-2021,HT,Haiti,AMRO,14,12958,0,251
26-04-2021,HT,Haiti,AMRO,0,12958,1,252
27-04-2021,HT,Haiti,AMRO,41,12999,1,253
28-04-2021,HT,Haiti,AMRO,18,13017,1,254
29-04-2021,HT,Haiti,AMRO,39,13056,0,254
30-04-2021,HT,Haiti,AMRO,0,13056,0,254
01-05-2021,HT,Haiti,AMRO,0,13056,0,254
02-05-2021,HT,Haiti,AMRO,38,13094,0,254
03-05-2021,HT,Haiti,AMRO,0,13094,0,254
04-05-2021,HT,Haiti,AMRO,41,13135,3,257
05-05-2021,HT,Haiti,AMRO,14,13149,3,260
06-05-2021,HT,Haiti,AMRO,15,13164,3,263
07-05-2021,HT,Haiti,AMRO,0,13164,0,263
08-05-2021,HT,Haiti,AMRO,0,13164,0,263
09-05-2021,HT,Haiti,AMRO,0,13164,0,263
10-05-2021,HT,Haiti,AMRO,0,13164,0,263
11-05-2021,HT,Haiti,AMRO,15,13179,1,264
12-05-2021,HT,Haiti,AMRO,48,13227,2,266
13-05-2021,HT,Haiti,AMRO,28,13255,2,268
14-05-2021,HT,Haiti,AMRO,13,13268,1,269
15-05-2021,HT,Haiti,AMRO,85,13353,2,271
16-05-2021,HT,Haiti,AMRO,40,13393,0,271
17-05-2021,HT,Haiti,AMRO,67,13460,0,271
18-05-2021,HT,Haiti,AMRO,60,13520,3,274
19-05-2021,HT,Haiti,AMRO,78,13598,2,276
20-05-2021,HT,Haiti,AMRO,0,13598,0,276
21-05-2021,HT,Haiti,AMRO,26,13624,0,276
22-05-2021,HT,Haiti,AMRO,0,13624,0,276
23-05-2021,HT,Haiti,AMRO,111,13735,4,280
24-05-2021,HT,Haiti,AMRO,171,13906,8,288
25-05-2021,HT,Haiti,AMRO,0,13906,0,288
26-05-2021,HT,Haiti,AMRO,131,14037,4,292
27-05-2021,HT,Haiti,AMRO,0,14037,0,292
28-05-2021,HT,Haiti,AMRO,0,14037,0,292
29-05-2021,HT,Haiti,AMRO,91,14128,10,302
30-05-2021,HT,Haiti,AMRO,130,14258,5,307
01-01-2021,VA,Holy See,EURO,0,26,0,0
02-01-2021,VA,Holy See,EURO,0,26,0,0
03-01-2021,VA,Holy See,EURO,0,26,0,0
04-01-2021,VA,Holy See,EURO,0,26,0,0
05-01-2021,VA,Holy See,EURO,0,26,0,0
06-01-2021,VA,Holy See,EURO,0,26,0,0
07-01-2021,VA,Holy See,EURO,0,26,0,0
08-01-2021,VA,Holy See,EURO,0,26,0,0
09-01-2021,VA,Holy See,EURO,0,26,0,0
10-01-2021,VA,Holy See,EURO,0,26,0,0
11-01-2021,VA,Holy See,EURO,0,26,0,0
12-01-2021,VA,Holy See,EURO,0,26,0,0
13-01-2021,VA,Holy See,EURO,0,26,0,0
14-01-2021,VA,Holy See,EURO,0,26,0,0
15-01-2021,VA,Holy See,EURO,0,26,0,0
16-01-2021,VA,Holy See,EURO,0,26,0,0
17-01-2021,VA,Holy See,EURO,0,26,0,0
18-01-2021,VA,Holy See,EURO,0,26,0,0
19-01-2021,VA,Holy See,EURO,0,26,0,0
20-01-2021,VA,Holy See,EURO,0,26,0,0
21-01-2021,VA,Holy See,EURO,0,26,0,0
22-01-2021,VA,Holy See,EURO,0,26,0,0
23-01-2021,VA,Holy See,EURO,0,26,0,0
24-01-2021,VA,Holy See,EURO,0,26,0,0
25-01-2021,VA,Holy See,EURO,0,26,0,0
26-01-2021,VA,Holy See,EURO,0,26,0,0
27-01-2021,VA,Holy See,EURO,0,26,0,0
28-01-2021,VA,Holy See,EURO,0,26,0,0
29-01-2021,VA,Holy See,EURO,0,26,0,0
30-01-2021,VA,Holy See,EURO,0,26,0,0
31-01-2021,VA,Holy See,EURO,0,26,0,0
01-02-2021,VA,Holy See,EURO,0,26,0,0
02-02-2021,VA,Holy See,EURO,0,26,0,0
03-02-2021,VA,Holy See,EURO,0,26,0,0
04-02-2021,VA,Holy See,EURO,0,26,0,0
05-02-2021,VA,Holy See,EURO,0,26,0,0
06-02-2021,VA,Holy See,EURO,0,26,0,0
07-02-2021,VA,Holy See,EURO,0,26,0,0
08-02-2021,VA,Holy See,EURO,0,26,0,0
09-02-2021,VA,Holy See,EURO,0,26,0,0
10-02-2021,VA,Holy See,EURO,0,26,0,0
11-02-2021,VA,Holy See,EURO,0,26,0,0
12-02-2021,VA,Holy See,EURO,0,26,0,0
13-02-2021,VA,Holy See,EURO,0,26,0,0
14-02-2021,VA,Holy See,EURO,0,26,0,0
15-02-2021,VA,Holy See,EURO,0,26,0,0
16-02-2021,VA,Holy See,EURO,0,26,0,0
17-02-2021,VA,Holy See,EURO,0,26,0,0
18-02-2021,VA,Holy See,EURO,0,26,0,0
19-02-2021,VA,Holy See,EURO,0,26,0,0
20-02-2021,VA,Holy See,EURO,0,26,0,0
21-02-2021,VA,Holy See,EURO,0,26,0,0
22-02-2021,VA,Holy See,EURO,0,26,0,0
23-02-2021,VA,Holy See,EURO,0,26,0,0
24-02-2021,VA,Holy See,EURO,0,26,0,0
25-02-2021,VA,Holy See,EURO,0,26,0,0
26-02-2021,VA,Holy See,EURO,0,26,0,0
27-02-2021,VA,Holy See,EURO,0,26,0,0
28-02-2021,VA,Holy See,EURO,0,26,0,0
01-03-2021,VA,Holy See,EURO,0,26,0,0
02-03-2021,VA,Holy See,EURO,0,26,0,0
03-03-2021,VA,Holy See,EURO,0,26,0,0
04-03-2021,VA,Holy See,EURO,0,26,0,0
05-03-2021,VA,Holy See,EURO,0,26,0,0
06-03-2021,VA,Holy See,EURO,0,26,0,0
07-03-2021,VA,Holy See,EURO,0,26,0,0
08-03-2021,VA,Holy See,EURO,0,26,0,0
09-03-2021,VA,Holy See,EURO,0,26,0,0
10-03-2021,VA,Holy See,EURO,0,26,0,0
11-03-2021,VA,Holy See,EURO,0,26,0,0
12-03-2021,VA,Holy See,EURO,0,26,0,0
13-03-2021,VA,Holy See,EURO,0,26,0,0
14-03-2021,VA,Holy See,EURO,0,26,0,0
15-03-2021,VA,Holy See,EURO,0,26,0,0
16-03-2021,VA,Holy See,EURO,0,26,0,0
17-03-2021,VA,Holy See,EURO,0,26,0,0
18-03-2021,VA,Holy See,EURO,0,26,0,0
19-03-2021,VA,Holy See,EURO,0,26,0,0
20-03-2021,VA,Holy See,EURO,0,26,0,0
21-03-2021,VA,Holy See,EURO,0,26,0,0
22-03-2021,VA,Holy See,EURO,0,26,0,0
23-03-2021,VA,Holy See,EURO,0,26,0,0
24-03-2021,VA,Holy See,EURO,0,26,0,0
25-03-2021,VA,Holy See,EURO,0,26,0,0
26-03-2021,VA,Holy See,EURO,0,26,0,0
27-03-2021,VA,Holy See,EURO,0,26,0,0
28-03-2021,VA,Holy See,EURO,0,26,0,0
29-03-2021,VA,Holy See,EURO,0,26,0,0
30-03-2021,VA,Holy See,EURO,0,26,0,0
31-03-2021,VA,Holy See,EURO,0,26,0,0
01-04-2021,VA,Holy See,EURO,0,26,0,0
02-04-2021,VA,Holy See,EURO,0,26,0,0
03-04-2021,VA,Holy See,EURO,0,26,0,0
04-04-2021,VA,Holy See,EURO,0,26,0,0
05-04-2021,VA,Holy See,EURO,0,26,0,0
06-04-2021,VA,Holy See,EURO,0,26,0,0
07-04-2021,VA,Holy See,EURO,0,26,0,0
08-04-2021,VA,Holy See,EURO,0,26,0,0
09-04-2021,VA,Holy See,EURO,0,26,0,0
10-04-2021,VA,Holy See,EURO,0,26,0,0
11-04-2021,VA,Holy See,EURO,0,26,0,0
12-04-2021,VA,Holy See,EURO,0,26,0,0
13-04-2021,VA,Holy See,EURO,0,26,0,0
14-04-2021,VA,Holy See,EURO,0,26,0,0
15-04-2021,VA,Holy See,EURO,0,26,0,0
16-04-2021,VA,Holy See,EURO,0,26,0,0
17-04-2021,VA,Holy See,EURO,0,26,0,0
18-04-2021,VA,Holy See,EURO,0,26,0,0
19-04-2021,VA,Holy See,EURO,0,26,0,0
20-04-2021,VA,Holy See,EURO,0,26,0,0
21-04-2021,VA,Holy See,EURO,0,26,0,0
22-04-2021,VA,Holy See,EURO,0,26,0,0
23-04-2021,VA,Holy See,EURO,0,26,0,0
24-04-2021,VA,Holy See,EURO,0,26,0,0
25-04-2021,VA,Holy See,EURO,0,26,0,0
26-04-2021,VA,Holy See,EURO,0,26,0,0
27-04-2021,VA,Holy See,EURO,0,26,0,0
28-04-2021,VA,Holy See,EURO,0,26,0,0
29-04-2021,VA,Holy See,EURO,0,26,0,0
30-04-2021,VA,Holy See,EURO,0,26,0,0
01-05-2021,VA,Holy See,EURO,0,26,0,0
02-05-2021,VA,Holy See,EURO,0,26,0,0
03-05-2021,VA,Holy See,EURO,0,26,0,0
04-05-2021,VA,Holy See,EURO,0,26,0,0
05-05-2021,VA,Holy See,EURO,0,26,0,0
06-05-2021,VA,Holy See,EURO,0,26,0,0
07-05-2021,VA,Holy See,EURO,0,26,0,0
08-05-2021,VA,Holy See,EURO,0,26,0,0
09-05-2021,VA,Holy See,EURO,0,26,0,0
10-05-2021,VA,Holy See,EURO,0,26,0,0
11-05-2021,VA,Holy See,EURO,0,26,0,0
12-05-2021,VA,Holy See,EURO,0,26,0,0
13-05-2021,VA,Holy See,EURO,0,26,0,0
14-05-2021,VA,Holy See,EURO,0,26,0,0
15-05-2021,VA,Holy See,EURO,0,26,0,0
16-05-2021,VA,Holy See,EURO,0,26,0,0
17-05-2021,VA,Holy See,EURO,0,26,0,0
18-05-2021,VA,Holy See,EURO,0,26,0,0
19-05-2021,VA,Holy See,EURO,0,26,0,0
20-05-2021,VA,Holy See,EURO,0,26,0,0
21-05-2021,VA,Holy See,EURO,0,26,0,0
22-05-2021,VA,Holy See,EURO,0,26,0,0
23-05-2021,VA,Holy See,EURO,0,26,0,0
24-05-2021,VA,Holy See,EURO,0,26,0,0
25-05-2021,VA,Holy See,EURO,0,26,0,0
26-05-2021,VA,Holy See,EURO,0,26,0,0
27-05-2021,VA,Holy See,EURO,0,26,0,0
28-05-2021,VA,Holy See,EURO,0,26,0,0
29-05-2021,VA,Holy See,EURO,0,26,0,0
30-05-2021,VA,Holy See,EURO,0,26,0,0
01-01-2021,HN,Honduras,AMRO,915,121827,19,3130
02-01-2021,HN,Honduras,AMRO,936,122763,11,3141
03-01-2021,HN,Honduras,AMRO,211,122974,19,3160
04-01-2021,HN,Honduras,AMRO,170,123144,13,3173
05-01-2021,HN,Honduras,AMRO,225,123369,7,3180
06-01-2021,HN,Honduras,AMRO,29,123398,1,3181
07-01-2021,HN,Honduras,AMRO,424,123822,5,3186
08-01-2021,HN,Honduras,AMRO,1077,124899,6,3192
09-01-2021,HN,Honduras,AMRO,658,125557,52,3244
10-01-2021,HN,Honduras,AMRO,839,126396,22,3266
11-01-2021,HN,Honduras,AMRO,830,127226,9,3275
12-01-2021,HN,Honduras,AMRO,719,127945,-2,3273
13-01-2021,HN,Honduras,AMRO,756,128701,12,3285
14-01-2021,HN,Honduras,AMRO,1104,129805,9,3294
15-01-2021,HN,Honduras,AMRO,1204,131009,26,3320
16-01-2021,HN,Honduras,AMRO,954,131963,15,3335
17-01-2021,HN,Honduras,AMRO,449,132412,9,3344
18-01-2021,HN,Honduras,AMRO,1095,133507,4,3348
19-01-2021,HN,Honduras,AMRO,604,134111,6,3354
20-01-2021,HN,Honduras,AMRO,827,134938,14,3368
21-01-2021,HN,Honduras,AMRO,1130,136068,23,3391
22-01-2021,HN,Honduras,AMRO,830,136898,15,3406
23-01-2021,HN,Honduras,AMRO,1146,138044,16,3422
24-01-2021,HN,Honduras,AMRO,1138,139182,17,3439
25-01-2021,HN,Honduras,AMRO,1056,140238,2,3441
26-01-2021,HN,Honduras,AMRO,691,140929,6,3447
27-01-2021,HN,Honduras,AMRO,1055,141984,15,3462
28-01-2021,HN,Honduras,AMRO,896,142880,24,3486
29-01-2021,HN,Honduras,AMRO,1127,144007,26,3512
30-01-2021,HN,Honduras,AMRO,985,144992,37,3549
31-01-2021,HN,Honduras,AMRO,1118,146110,26,3575
01-02-2021,HN,Honduras,AMRO,990,147100,17,3592
02-02-2021,HN,Honduras,AMRO,743,147843,18,3610
03-02-2021,HN,Honduras,AMRO,1108,148951,4,3614
04-02-2021,HN,Honduras,AMRO,840,149791,24,3638
05-02-2021,HN,Honduras,AMRO,1312,151103,24,3662
06-02-2021,HN,Honduras,AMRO,1122,152225,7,3669
07-02-2021,HN,Honduras,AMRO,1028,153253,25,3694
08-02-2021,HN,Honduras,AMRO,652,153905,16,3710
09-02-2021,HN,Honduras,AMRO,663,154568,11,3721
10-02-2021,HN,Honduras,AMRO,1167,155735,21,3742
11-02-2021,HN,Honduras,AMRO,871,156606,47,3789
12-02-2021,HN,Honduras,AMRO,862,157468,17,3806
13-02-2021,HN,Honduras,AMRO,887,158355,32,3838
14-02-2021,HN,Honduras,AMRO,669,159024,10,3848
15-02-2021,HN,Honduras,AMRO,764,159788,9,3857
16-02-2021,HN,Honduras,AMRO,383,160171,9,3866
17-02-2021,HN,Honduras,AMRO,812,160983,27,3893
18-02-2021,HN,Honduras,AMRO,744,161727,20,3913
19-02-2021,HN,Honduras,AMRO,857,162584,20,3933
20-02-2021,HN,Honduras,AMRO,721,163305,32,3965
21-02-2021,HN,Honduras,AMRO,772,164077,10,3975
22-02-2021,HN,Honduras,AMRO,418,164495,17,3992
23-02-2021,HN,Honduras,AMRO,600,165095,4,3996
24-02-2021,HN,Honduras,AMRO,642,165737,29,4025
25-02-2021,HN,Honduras,AMRO,810,166547,15,4040
26-02-2021,HN,Honduras,AMRO,947,167494,36,4076
27-02-2021,HN,Honduras,AMRO,749,168243,23,4099
28-02-2021,HN,Honduras,AMRO,668,168911,18,4117
01-03-2021,HN,Honduras,AMRO,843,169754,24,4141
02-03-2021,HN,Honduras,AMRO,550,170304,10,4151
03-03-2021,HN,Honduras,AMRO,681,170985,23,4174
04-03-2021,HN,Honduras,AMRO,773,171758,13,4187
05-03-2021,HN,Honduras,AMRO,342,172100,27,4214
06-03-2021,HN,Honduras,AMRO,477,172577,17,4231
07-03-2021,HN,Honduras,AMRO,443,173020,16,4247
08-03-2021,HN,Honduras,AMRO,0,173020,0,4247
09-03-2021,HN,Honduras,AMRO,709,173729,13,4260
10-03-2021,HN,Honduras,AMRO,514,174243,23,4283
11-03-2021,HN,Honduras,AMRO,265,174508,14,4297
12-03-2021,HN,Honduras,AMRO,934,175442,4,4301
13-03-2021,HN,Honduras,AMRO,985,176427,10,4311
14-03-2021,HN,Honduras,AMRO,741,177168,14,4325
15-03-2021,HN,Honduras,AMRO,664,177832,6,4331
16-03-2021,HN,Honduras,AMRO,445,178277,3,4334
17-03-2021,HN,Honduras,AMRO,648,178925,26,4360
18-03-2021,HN,Honduras,AMRO,590,179515,13,4373
19-03-2021,HN,Honduras,AMRO,756,180271,17,4390
20-03-2021,HN,Honduras,AMRO,525,180796,12,4402
21-03-2021,HN,Honduras,AMRO,561,181357,20,4422
22-03-2021,HN,Honduras,AMRO,574,181931,8,4430
23-03-2021,HN,Honduras,AMRO,478,182409,13,4443
24-03-2021,HN,Honduras,AMRO,871,183280,26,4469
25-03-2021,HN,Honduras,AMRO,751,184031,20,4489
26-03-2021,HN,Honduras,AMRO,790,184821,17,4506
27-03-2021,HN,Honduras,AMRO,663,185484,21,4527
28-03-2021,HN,Honduras,AMRO,853,186337,9,4536
29-03-2021,HN,Honduras,AMRO,678,187015,21,4557
30-03-2021,HN,Honduras,AMRO,445,187460,1,4558
31-03-2021,HN,Honduras,AMRO,515,187975,27,4585
01-04-2021,HN,Honduras,AMRO,539,188514,14,4599
02-04-2021,HN,Honduras,AMRO,529,189043,6,4605
03-04-2021,HN,Honduras,AMRO,683,189726,0,4605
04-04-2021,HN,Honduras,AMRO,0,189726,17,4622
05-04-2021,HN,Honduras,AMRO,752,190478,18,4640
06-04-2021,HN,Honduras,AMRO,153,190631,4,4644
07-04-2021,HN,Honduras,AMRO,505,191136,37,4681
08-04-2021,HN,Honduras,AMRO,1277,192413,5,4686
09-04-2021,HN,Honduras,AMRO,616,193029,17,4703
10-04-2021,HN,Honduras,AMRO,754,193783,12,4715
11-04-2021,HN,Honduras,AMRO,765,194548,51,4766
12-04-2021,HN,Honduras,AMRO,977,195525,4,4770
13-04-2021,HN,Honduras,AMRO,255,195780,34,4804
14-04-2021,HN,Honduras,AMRO,306,196086,57,4861
15-04-2021,HN,Honduras,AMRO,618,196704,12,4873
16-04-2021,HN,Honduras,AMRO,1510,198214,32,4905
17-04-2021,HN,Honduras,AMRO,761,198975,24,4929
18-04-2021,HN,Honduras,AMRO,707,199682,5,4934
19-04-2021,HN,Honduras,AMRO,577,200259,20,4954
20-04-2021,HN,Honduras,AMRO,676,200935,3,4957
21-04-2021,HN,Honduras,AMRO,742,201677,6,4963
22-04-2021,HN,Honduras,AMRO,736,202413,13,4976
23-04-2021,HN,Honduras,AMRO,946,203359,5,4981
24-04-2021,HN,Honduras,AMRO,1469,204828,66,5047
25-04-2021,HN,Honduras,AMRO,868,205696,48,5095
26-04-2021,HN,Honduras,AMRO,685,206381,5,5100
27-04-2021,HN,Honduras,AMRO,526,206907,41,5141
28-04-2021,HN,Honduras,AMRO,413,207320,52,5193
29-04-2021,HN,Honduras,AMRO,1036,208356,19,5212
30-04-2021,HN,Honduras,AMRO,1134,209490,11,5223
01-05-2021,HN,Honduras,AMRO,1586,211076,38,5261
02-05-2021,HN,Honduras,AMRO,1257,212333,20,5281
03-05-2021,HN,Honduras,AMRO,834,213167,37,5318
04-05-2021,HN,Honduras,AMRO,803,213970,16,5334
05-05-2021,HN,Honduras,AMRO,505,214475,33,5367
06-05-2021,HN,Honduras,AMRO,1358,215833,19,5386
07-05-2021,HN,Honduras,AMRO,1131,216964,53,5439
08-05-2021,HN,Honduras,AMRO,631,217595,63,5502
09-05-2021,HN,Honduras,AMRO,735,218330,83,5585
10-05-2021,HN,Honduras,AMRO,958,219288,32,5617
11-05-2021,HN,Honduras,AMRO,897,220185,48,5665
12-05-2021,HN,Honduras,AMRO,803,220988,36,5701
13-05-2021,HN,Honduras,AMRO,1130,222118,88,5789
14-05-2021,HN,Honduras,AMRO,874,222992,64,5853
15-05-2021,HN,Honduras,AMRO,930,223922,45,5898
16-05-2021,HN,Honduras,AMRO,1334,225256,39,5937
17-05-2021,HN,Honduras,AMRO,708,225964,17,5954
18-05-2021,HN,Honduras,AMRO,755,226719,6,5960
19-05-2021,HN,Honduras,AMRO,797,227516,10,5970
20-05-2021,HN,Honduras,AMRO,771,228287,49,6019
21-05-2021,HN,Honduras,AMRO,924,229211,32,6051
22-05-2021,HN,Honduras,AMRO,1100,230311,42,6093
23-05-2021,HN,Honduras,AMRO,1249,231560,40,6133
24-05-2021,HN,Honduras,AMRO,581,232141,10,6143
25-05-2021,HN,Honduras,AMRO,531,232672,3,6146
26-05-2021,HN,Honduras,AMRO,444,233116,42,6188
27-05-2021,HN,Honduras,AMRO,800,233916,22,6210
28-05-2021,HN,Honduras,AMRO,1007,234923,30,6240
29-05-2021,HN,Honduras,AMRO,676,235599,19,6259
30-05-2021,HN,Honduras,AMRO,852,236451,25,6284
01-01-2021,HU,Hungary,EURO,2764,325278,130,9667
02-01-2021,HU,Hungary,EURO,1410,326688,114,9781
03-01-2021,HU,Hungary,EURO,1307,327995,103,9884
04-01-2021,HU,Hungary,EURO,856,328851,93,9977
05-01-2021,HU,Hungary,EURO,870,329721,103,10080
06-01-2021,HU,Hungary,EURO,2047,331768,118,10198
07-01-2021,HU,Hungary,EURO,3068,334836,127,10325
08-01-2021,HU,Hungary,EURO,2907,337743,115,10440
09-01-2021,HU,Hungary,EURO,2716,340459,114,10554
10-01-2021,HU,Hungary,EURO,1778,342237,94,10648
11-01-2021,HU,Hungary,EURO,1419,343656,77,10725
12-01-2021,HU,Hungary,EURO,696,344352,128,10853
13-01-2021,HU,Hungary,EURO,1358,345710,95,10948
14-01-2021,HU,Hungary,EURO,1926,347636,118,11066
15-01-2021,HU,Hungary,EURO,1513,349149,111,11177
16-01-2021,HU,Hungary,EURO,1438,350587,87,11264
17-01-2021,HU,Hungary,EURO,1241,351828,77,11341
18-01-2021,HU,Hungary,EURO,875,352703,68,11409
19-01-2021,HU,Hungary,EURO,573,353276,111,11520
20-01-2021,HU,Hungary,EURO,976,354252,95,11615
21-01-2021,HU,Hungary,EURO,1410,355662,98,11713
22-01-2021,HU,Hungary,EURO,1311,356973,98,11811
23-01-2021,HU,Hungary,EURO,1344,358317,93,11904
24-01-2021,HU,Hungary,EURO,1257,359574,64,11968
25-01-2021,HU,Hungary,EURO,844,360418,56,12024
26-01-2021,HU,Hungary,EURO,459,360877,89,12113
27-01-2021,HU,Hungary,EURO,1004,361881,85,12198
28-01-2021,HU,Hungary,EURO,1569,363450,93,12291
29-01-2021,HU,Hungary,EURO,1459,364909,83,12374
30-01-2021,HU,Hungary,EURO,1370,366279,89,12463
31-01-2021,HU,Hungary,EURO,1307,367586,61,12524
01-02-2021,HU,Hungary,EURO,1124,368710,54,12578
02-02-2021,HU,Hungary,EURO,578,369288,78,12656
03-02-2021,HU,Hungary,EURO,1048,370336,83,12739
04-02-2021,HU,Hungary,EURO,1652,371988,93,12832
05-02-2021,HU,Hungary,EURO,1576,373564,98,12930
06-02-2021,HU,Hungary,EURO,1561,375125,96,13026
07-02-2021,HU,Hungary,EURO,1370,376495,64,13090
08-02-2021,HU,Hungary,EURO,1160,377655,65,13155
09-02-2021,HU,Hungary,EURO,1079,378734,94,13249
10-02-2021,HU,Hungary,EURO,1279,380013,98,13347
11-02-2021,HU,Hungary,EURO,1862,381875,97,13444
12-02-2021,HU,Hungary,EURO,1860,383735,99,13543
13-02-2021,HU,Hungary,EURO,2020,385755,93,13636
14-02-2021,HU,Hungary,EURO,1707,387462,70,13706
15-02-2021,HU,Hungary,EURO,1337,388799,46,13752
16-02-2021,HU,Hungary,EURO,823,389622,85,13837
17-02-2021,HU,Hungary,EURO,1548,391170,94,13931
18-02-2021,HU,Hungary,EURO,2853,394023,104,14035
19-02-2021,HU,Hungary,EURO,3093,397116,110,14145
20-02-2021,HU,Hungary,EURO,2995,400111,107,14252
21-02-2021,HU,Hungary,EURO,2912,403023,47,14299
22-02-2021,HU,Hungary,EURO,2623,405646,48,14347
23-02-2021,HU,Hungary,EURO,1628,407274,103,14450
24-02-2021,HU,Hungary,EURO,2855,410129,102,14552
25-02-2021,HU,Hungary,EURO,4385,414514,120,14672
26-02-2021,HU,Hungary,EURO,4668,419182,123,14795
27-02-2021,HU,Hungary,EURO,4948,424130,107,14902
28-02-2021,HU,Hungary,EURO,4469,428599,72,14974
01-03-2021,HU,Hungary,EURO,4326,432925,84,15058
02-03-2021,HU,Hungary,EURO,2764,435689,130,15188
03-03-2021,HU,Hungary,EURO,4211,439900,136,15324
04-03-2021,HU,Hungary,EURO,6278,446178,152,15476
05-03-2021,HU,Hungary,EURO,6369,452547,143,15619
06-03-2021,HU,Hungary,EURO,7269,459816,146,15765
07-03-2021,HU,Hungary,EURO,6201,466017,108,15873
08-03-2021,HU,Hungary,EURO,2696,468713,115,15988
09-03-2021,HU,Hungary,EURO,6494,475207,158,16146
10-03-2021,HU,Hungary,EURO,5653,480860,179,16325
11-03-2021,HU,Hungary,EURO,8312,489172,172,16497
12-03-2021,HU,Hungary,EURO,9011,498183,130,16627
13-03-2021,HU,Hungary,EURO,9444,507627,163,16790
14-03-2021,HU,Hungary,EURO,8863,516490,162,16952
15-03-2021,HU,Hungary,EURO,7706,524196,131,17083
16-03-2021,HU,Hungary,EURO,4926,529122,143,17226
17-03-2021,HU,Hungary,EURO,3456,532578,195,17421
18-03-2021,HU,Hungary,EURO,6502,539080,207,17628
19-03-2021,HU,Hungary,EURO,10759,549839,213,17841
20-03-2021,HU,Hungary,EURO,11132,560971,227,18068
21-03-2021,HU,Hungary,EURO,10625,571596,194,18262
22-03-2021,HU,Hungary,EURO,9046,580642,189,18451
23-03-2021,HU,Hungary,EURO,5481,586123,252,18703
24-03-2021,HU,Hungary,EURO,7587,593710,249,18952
25-03-2021,HU,Hungary,EURO,9637,603347,272,19224
26-03-2021,HU,Hungary,EURO,11265,614612,275,19499
27-03-2021,HU,Hungary,EURO,10167,624779,253,19752
28-03-2021,HU,Hungary,EURO,9082,633861,220,19972
29-03-2021,HU,Hungary,EURO,7263,641124,189,20161
30-03-2021,HU,Hungary,EURO,4609,645733,274,20435
31-03-2021,HU,Hungary,EURO,6700,652433,302,20737
01-04-2021,HU,Hungary,EURO,9288,661721,258,20995
02-04-2021,HU,Hungary,EURO,9055,670776,267,21262
03-04-2021,HU,Hungary,EURO,8637,679413,242,21504
04-04-2021,HU,Hungary,EURO,6566,685979,211,21715
05-04-2021,HU,Hungary,EURO,3874,689853,213,21928
06-04-2021,HU,Hungary,EURO,1890,691743,170,22098
07-04-2021,HU,Hungary,EURO,1933,693676,311,22409
08-04-2021,HU,Hungary,EURO,4814,698490,272,22681
09-04-2021,HU,Hungary,EURO,7325,705815,285,22966
10-04-2021,HU,Hungary,EURO,8053,713868,245,23211
11-04-2021,HU,Hungary,EURO,6296,720164,206,23417
12-04-2021,HU,Hungary,EURO,5077,725241,291,23708
13-04-2021,HU,Hungary,EURO,2837,728078,272,23980
14-04-2021,HU,Hungary,EURO,3597,731675,285,24265
15-04-2021,HU,Hungary,EURO,5307,736982,256,24521
16-04-2021,HU,Hungary,EURO,5216,742198,241,24762
17-04-2021,HU,Hungary,EURO,4604,746802,217,24979
18-04-2021,HU,Hungary,EURO,3706,750508,205,25184
19-04-2021,HU,Hungary,EURO,2680,753188,197,25381
20-04-2021,HU,Hungary,EURO,1645,754833,199,25580
21-04-2021,HU,Hungary,EURO,2527,757360,207,25787
22-04-2021,HU,Hungary,EURO,3607,760967,214,26001
23-04-2021,HU,Hungary,EURO,3427,764394,207,26208
24-04-2021,HU,Hungary,EURO,2796,767190,212,26420
25-04-2021,HU,Hungary,EURO,2328,769518,205,26625
26-04-2021,HU,Hungary,EURO,1936,771454,176,26801
27-04-2021,HU,Hungary,EURO,1253,772707,183,26984
28-04-2021,HU,Hungary,EURO,1692,774399,188,27172
29-04-2021,HU,Hungary,EURO,2584,776983,186,27358
30-04-2021,HU,Hungary,EURO,2365,779348,182,27540
01-05-2021,HU,Hungary,EURO,1951,781299,161,27701
02-05-2021,HU,Hungary,EURO,1593,782892,101,27802
03-05-2021,HU,Hungary,EURO,1219,784111,106,27908
04-05-2021,HU,Hungary,EURO,726,784837,137,28045
05-05-2021,HU,Hungary,EURO,1130,785967,128,28173
06-05-2021,HU,Hungary,EURO,1680,787647,124,28297
07-05-2021,HU,Hungary,EURO,1541,789188,106,28403
08-05-2021,HU,Hungary,EURO,1376,790564,101,28504
09-05-2021,HU,Hungary,EURO,1145,791709,98,28602
10-05-2021,HU,Hungary,EURO,680,792389,91,28693
11-05-2021,HU,Hungary,EURO,490,792879,99,28792
12-05-2021,HU,Hungary,EURO,905,793784,96,28888
13-05-2021,HU,Hungary,EURO,1416,795200,82,28970
14-05-2021,HU,Hungary,EURO,1190,796390,71,29041
15-05-2021,HU,Hungary,EURO,1039,797429,73,29114
16-05-2021,HU,Hungary,EURO,718,798147,61,29175
17-05-2021,HU,Hungary,EURO,426,798573,38,29213
18-05-2021,HU,Hungary,EURO,382,798955,64,29277
19-05-2021,HU,Hungary,EURO,633,799588,52,29329
20-05-2021,HU,Hungary,EURO,780,800368,51,29380
21-05-2021,HU,Hungary,EURO,657,801025,47,29427
22-05-2021,HU,Hungary,EURO,647,801672,48,29475
23-05-2021,HU,Hungary,EURO,0,801672,0,29475
24-05-2021,HU,Hungary,EURO,0,801672,0,29475
25-05-2021,HU,Hungary,EURO,838,802510,21,29496
26-05-2021,HU,Hungary,EURO,213,802723,41,29537
27-05-2021,HU,Hungary,EURO,396,803119,32,29569
28-05-2021,HU,Hungary,EURO,448,803567,28,29597
29-05-2021,HU,Hungary,EURO,465,804032,27,29624
30-05-2021,HU,Hungary,EURO,0,804032,0,29624
01-01-2021,IS,Iceland,EURO,0,5754,0,29
02-01-2021,IS,Iceland,EURO,0,5754,0,29
03-01-2021,IS,Iceland,EURO,0,5754,0,29
04-01-2021,IS,Iceland,EURO,41,5795,0,29
05-01-2021,IS,Iceland,EURO,0,5795,0,29
06-01-2021,IS,Iceland,EURO,16,5811,0,29
07-01-2021,IS,Iceland,EURO,21,5832,0,29
08-01-2021,IS,Iceland,EURO,13,5845,0,29
09-01-2021,IS,Iceland,EURO,22,5867,0,29
10-01-2021,IS,Iceland,EURO,13,5880,0,29
11-01-2021,IS,Iceland,EURO,10,5890,0,29
12-01-2021,IS,Iceland,EURO,8,5898,0,29
13-01-2021,IS,Iceland,EURO,14,5912,0,29
14-01-2021,IS,Iceland,EURO,23,5935,0,29
15-01-2021,IS,Iceland,EURO,13,5948,0,29
16-01-2021,IS,Iceland,EURO,8,5956,0,29
17-01-2021,IS,Iceland,EURO,0,5956,0,29
18-01-2021,IS,Iceland,EURO,0,5956,0,29
19-01-2021,IS,Iceland,EURO,14,5970,0,29
20-01-2021,IS,Iceland,EURO,0,5970,0,29
21-01-2021,IS,Iceland,EURO,5,5975,0,29
22-01-2021,IS,Iceland,EURO,6,5981,0,29
23-01-2021,IS,Iceland,EURO,0,5981,0,29
24-01-2021,IS,Iceland,EURO,0,5981,0,29
25-01-2021,IS,Iceland,EURO,9,5990,0,29
26-01-2021,IS,Iceland,EURO,0,5990,0,29
27-01-2021,IS,Iceland,EURO,2,5992,0,29
28-01-2021,IS,Iceland,EURO,8,6000,0,29
29-01-2021,IS,Iceland,EURO,1,6001,0,29
30-01-2021,IS,Iceland,EURO,1,6002,0,29
31-01-2021,IS,Iceland,EURO,0,6002,0,29
01-02-2021,IS,Iceland,EURO,7,6009,0,29
02-02-2021,IS,Iceland,EURO,0,6009,0,29
03-02-2021,IS,Iceland,EURO,2,6011,0,29
04-02-2021,IS,Iceland,EURO,2,6013,0,29
05-02-2021,IS,Iceland,EURO,3,6016,0,29
06-02-2021,IS,Iceland,EURO,4,6020,0,29
07-02-2021,IS,Iceland,EURO,0,6020,0,29
08-02-2021,IS,Iceland,EURO,0,6020,0,29
09-02-2021,IS,Iceland,EURO,0,6020,0,29
10-02-2021,IS,Iceland,EURO,5,6025,0,29
11-02-2021,IS,Iceland,EURO,1,6026,0,29
12-02-2021,IS,Iceland,EURO,0,6026,0,29
13-02-2021,IS,Iceland,EURO,7,6033,0,29
14-02-2021,IS,Iceland,EURO,0,6033,0,29
15-02-2021,IS,Iceland,EURO,0,6033,0,29
16-02-2021,IS,Iceland,EURO,6,6039,0,29
17-02-2021,IS,Iceland,EURO,0,6039,0,29
18-02-2021,IS,Iceland,EURO,5,6044,0,29
19-02-2021,IS,Iceland,EURO,0,6044,0,29
20-02-2021,IS,Iceland,EURO,1,6045,0,29
21-02-2021,IS,Iceland,EURO,0,6045,0,29
22-02-2021,IS,Iceland,EURO,0,6045,0,29
23-02-2021,IS,Iceland,EURO,4,6049,0,29
24-02-2021,IS,Iceland,EURO,0,6049,0,29
25-02-2021,IS,Iceland,EURO,0,6049,0,29
26-02-2021,IS,Iceland,EURO,0,6049,0,29
27-02-2021,IS,Iceland,EURO,0,6049,0,29
28-02-2021,IS,Iceland,EURO,0,6049,0,29
01-03-2021,IS,Iceland,EURO,5,6054,0,29
02-03-2021,IS,Iceland,EURO,1,6055,0,29
03-03-2021,IS,Iceland,EURO,0,6055,0,29
04-03-2021,IS,Iceland,EURO,3,6058,0,29
05-03-2021,IS,Iceland,EURO,0,6058,0,29
06-03-2021,IS,Iceland,EURO,1,6059,0,29
07-03-2021,IS,Iceland,EURO,0,6059,0,29
08-03-2021,IS,Iceland,EURO,5,6064,0,29
09-03-2021,IS,Iceland,EURO,0,6064,0,29
10-03-2021,IS,Iceland,EURO,3,6067,0,29
11-03-2021,IS,Iceland,EURO,2,6069,0,29
12-03-2021,IS,Iceland,EURO,3,6072,0,29
13-03-2021,IS,Iceland,EURO,0,6072,0,29
14-03-2021,IS,Iceland,EURO,0,6072,0,29
15-03-2021,IS,Iceland,EURO,11,6083,0,29
16-03-2021,IS,Iceland,EURO,0,6083,0,29
17-03-2021,IS,Iceland,EURO,4,6087,0,29
18-03-2021,IS,Iceland,EURO,4,6091,0,29
19-03-2021,IS,Iceland,EURO,0,6091,0,29
20-03-2021,IS,Iceland,EURO,6,6097,0,29
21-03-2021,IS,Iceland,EURO,0,6097,0,29
22-03-2021,IS,Iceland,EURO,22,6119,0,29
23-03-2021,IS,Iceland,EURO,0,6119,0,29
24-03-2021,IS,Iceland,EURO,3,6122,0,29
25-03-2021,IS,Iceland,EURO,36,6158,0,29
26-03-2021,IS,Iceland,EURO,5,6163,0,29
27-03-2021,IS,Iceland,EURO,0,6163,0,29
28-03-2021,IS,Iceland,EURO,0,6163,0,29
29-03-2021,IS,Iceland,EURO,0,6163,0,29
30-03-2021,IS,Iceland,EURO,20,6183,0,29
31-03-2021,IS,Iceland,EURO,11,6194,0,29
01-04-2021,IS,Iceland,EURO,11,6205,0,29
02-04-2021,IS,Iceland,EURO,0,6205,0,29
03-04-2021,IS,Iceland,EURO,0,6205,0,29
04-04-2021,IS,Iceland,EURO,20,6225,0,29
05-04-2021,IS,Iceland,EURO,0,6225,0,29
06-04-2021,IS,Iceland,EURO,16,6241,0,29
07-04-2021,IS,Iceland,EURO,0,6241,0,29
08-04-2021,IS,Iceland,EURO,10,6251,0,29
09-04-2021,IS,Iceland,EURO,5,6256,0,29
10-04-2021,IS,Iceland,EURO,2,6258,0,29
11-04-2021,IS,Iceland,EURO,0,6258,0,29
12-04-2021,IS,Iceland,EURO,0,6258,0,29
13-04-2021,IS,Iceland,EURO,9,6267,0,29
14-04-2021,IS,Iceland,EURO,7,6274,0,29
15-04-2021,IS,Iceland,EURO,1,6275,0,29
16-04-2021,IS,Iceland,EURO,4,6279,0,29
17-04-2021,IS,Iceland,EURO,7,6286,0,29
18-04-2021,IS,Iceland,EURO,0,6286,0,29
19-04-2021,IS,Iceland,EURO,0,6286,0,29
20-04-2021,IS,Iceland,EURO,43,6329,0,29
21-04-2021,IS,Iceland,EURO,21,6350,0,29
22-04-2021,IS,Iceland,EURO,12,6362,0,29
23-04-2021,IS,Iceland,EURO,17,6379,0,29
24-04-2021,IS,Iceland,EURO,11,6390,0,29
25-04-2021,IS,Iceland,EURO,0,6390,0,29
26-04-2021,IS,Iceland,EURO,0,6390,0,29
27-04-2021,IS,Iceland,EURO,39,6429,0,29
28-04-2021,IS,Iceland,EURO,18,6447,0,29
29-04-2021,IS,Iceland,EURO,9,6456,0,29
30-04-2021,IS,Iceland,EURO,10,6466,0,29
01-05-2021,IS,Iceland,EURO,6,6472,0,29
02-05-2021,IS,Iceland,EURO,0,6472,0,29
03-05-2021,IS,Iceland,EURO,0,6472,0,29
04-05-2021,IS,Iceland,EURO,11,6483,0,29
05-05-2021,IS,Iceland,EURO,8,6491,0,29
06-05-2021,IS,Iceland,EURO,6,6497,0,29
07-05-2021,IS,Iceland,EURO,3,6500,0,29
08-05-2021,IS,Iceland,EURO,6,6506,0,29
09-05-2021,IS,Iceland,EURO,0,6506,0,29
10-05-2021,IS,Iceland,EURO,0,6506,0,29
11-05-2021,IS,Iceland,EURO,13,6519,0,29
12-05-2021,IS,Iceland,EURO,3,6522,0,29
13-05-2021,IS,Iceland,EURO,4,6526,0,29
14-05-2021,IS,Iceland,EURO,0,6526,0,29
15-05-2021,IS,Iceland,EURO,11,6537,0,29
16-05-2021,IS,Iceland,EURO,0,6537,0,29
17-05-2021,IS,Iceland,EURO,0,6537,0,29
18-05-2021,IS,Iceland,EURO,11,6548,0,29
19-05-2021,IS,Iceland,EURO,1,6549,0,29
20-05-2021,IS,Iceland,EURO,2,6551,0,29
21-05-2021,IS,Iceland,EURO,4,6555,0,29
22-05-2021,IS,Iceland,EURO,1,6556,0,29
23-05-2021,IS,Iceland,EURO,0,6556,0,29
24-05-2021,IS,Iceland,EURO,0,6556,0,29
25-05-2021,IS,Iceland,EURO,4,6560,1,30
26-05-2021,IS,Iceland,EURO,4,6564,0,30
27-05-2021,IS,Iceland,EURO,0,6564,0,30
28-05-2021,IS,Iceland,EURO,12,6576,0,30
29-05-2021,IS,Iceland,EURO,0,6576,0,30
30-05-2021,IS,Iceland,EURO,0,6576,0,30
01-01-2021,IN,India,SEARO,20035,10286709,256,148994
02-01-2021,IN,India,SEARO,19079,10305788,224,149218
03-01-2021,IN,India,SEARO,18177,10323965,217,149435
04-01-2021,IN,India,SEARO,16504,10340469,214,149649
05-01-2021,IN,India,SEARO,16375,10356844,201,149850
06-01-2021,IN,India,SEARO,18088,10374932,264,150114
07-01-2021,IN,India,SEARO,20346,10395278,222,150336
08-01-2021,IN,India,SEARO,18139,10413417,234,150570
09-01-2021,IN,India,SEARO,0,10413417,0,150570
10-01-2021,IN,India,SEARO,36867,10450284,429,150999
11-01-2021,IN,India,SEARO,16311,10466595,161,151160
12-01-2021,IN,India,SEARO,12584,10479179,167,151327
13-01-2021,IN,India,SEARO,15968,10495147,202,151529
14-01-2021,IN,India,SEARO,16946,10512093,198,151727
15-01-2021,IN,India,SEARO,15590,10527683,191,151918
16-01-2021,IN,India,SEARO,15158,10542841,175,152093
17-01-2021,IN,India,SEARO,15144,10557985,181,152274
18-01-2021,IN,India,SEARO,13788,10571773,145,152419
19-01-2021,IN,India,SEARO,10064,10581837,137,152556
20-01-2021,IN,India,SEARO,13823,10595660,162,152718
21-01-2021,IN,India,SEARO,15223,10610883,151,152869
22-01-2021,IN,India,SEARO,14545,10625428,163,153032
23-01-2021,IN,India,SEARO,14256,10639684,152,153184
24-01-2021,IN,India,SEARO,14849,10654533,155,153339
25-01-2021,IN,India,SEARO,13203,10667736,131,153470
26-01-2021,IN,India,SEARO,9102,10676838,117,153587
27-01-2021,IN,India,SEARO,12689,10689527,137,153724
28-01-2021,IN,India,SEARO,11666,10701193,123,153847
29-01-2021,IN,India,SEARO,18855,10720048,163,154010
30-01-2021,IN,India,SEARO,13083,10733131,137,154147
31-01-2021,IN,India,SEARO,13052,10746183,127,154274
01-02-2021,IN,India,SEARO,11427,10757610,118,154392
02-02-2021,IN,India,SEARO,8635,10766245,94,154486
03-02-2021,IN,India,SEARO,11039,10777284,110,154596
04-02-2021,IN,India,SEARO,12899,10790183,107,154703
05-02-2021,IN,India,SEARO,12408,10802591,120,154823
06-02-2021,IN,India,SEARO,11713,10814304,95,154918
07-02-2021,IN,India,SEARO,12059,10826363,78,154996
08-02-2021,IN,India,SEARO,11831,10838194,84,155080
09-02-2021,IN,India,SEARO,9110,10847304,78,155158
10-02-2021,IN,India,SEARO,11067,10858371,94,155252
11-02-2021,IN,India,SEARO,12923,10871294,108,155360
12-02-2021,IN,India,SEARO,9309,10880603,87,155447
13-02-2021,IN,India,SEARO,12143,10892746,103,155550
14-02-2021,IN,India,SEARO,12194,10904940,92,155642
15-02-2021,IN,India,SEARO,11649,10916589,90,155732
16-02-2021,IN,India,SEARO,9121,10925710,81,155813
17-02-2021,IN,India,SEARO,11610,10937320,100,155913
18-02-2021,IN,India,SEARO,12881,10950201,101,156014
19-02-2021,IN,India,SEARO,13193,10963394,97,156111
20-02-2021,IN,India,SEARO,13993,10977387,101,156212
21-02-2021,IN,India,SEARO,14264,10991651,90,156302
22-02-2021,IN,India,SEARO,14199,11005850,83,156385
23-02-2021,IN,India,SEARO,10584,11016434,78,156463
24-02-2021,IN,India,SEARO,13742,11030176,104,156567
25-02-2021,IN,India,SEARO,16738,11046914,138,156705
26-02-2021,IN,India,SEARO,16577,11063491,120,156825
27-02-2021,IN,India,SEARO,16488,11079979,113,156938
28-02-2021,IN,India,SEARO,16752,11096731,113,157051
01-03-2021,IN,India,SEARO,15510,11112241,106,157157
02-03-2021,IN,India,SEARO,12286,11124527,91,157248
03-03-2021,IN,India,SEARO,14989,11139516,98,157346
04-03-2021,IN,India,SEARO,17407,11156923,89,157435
05-03-2021,IN,India,SEARO,16838,11173761,113,157548
06-03-2021,IN,India,SEARO,18327,11192088,108,157656
07-03-2021,IN,India,SEARO,18711,11210799,100,157756
08-03-2021,IN,India,SEARO,18599,11229398,97,157853
09-03-2021,IN,India,SEARO,15388,11244786,77,157930
10-03-2021,IN,India,SEARO,17921,11262707,133,158063
11-03-2021,IN,India,SEARO,22854,11285561,126,158189
12-03-2021,IN,India,SEARO,23285,11308846,117,158306
13-03-2021,IN,India,SEARO,24882,11333728,140,158446
14-03-2021,IN,India,SEARO,25320,11359048,161,158607
15-03-2021,IN,India,SEARO,26291,11385339,118,158725
16-03-2021,IN,India,SEARO,24492,11409831,131,158856
17-03-2021,IN,India,SEARO,28903,11438734,188,159044
18-03-2021,IN,India,SEARO,35871,11474605,172,159216
19-03-2021,IN,India,SEARO,39726,11514331,154,159370
20-03-2021,IN,India,SEARO,40953,11555284,188,159558
21-03-2021,IN,India,SEARO,43846,11599130,197,159755
22-03-2021,IN,India,SEARO,46951,11646081,212,159967
23-03-2021,IN,India,SEARO,40715,11686796,199,160166
24-03-2021,IN,India,SEARO,47262,11734058,275,160441
25-03-2021,IN,India,SEARO,53476,11787534,251,160692
26-03-2021,IN,India,SEARO,59118,11846652,257,160949
27-03-2021,IN,India,SEARO,62258,11908910,291,161240
28-03-2021,IN,India,SEARO,62714,11971624,312,161552
29-03-2021,IN,India,SEARO,68020,12039644,291,161843
30-03-2021,IN,India,SEARO,56211,12095855,271,162114
31-03-2021,IN,India,SEARO,53480,12149335,354,162468
01-04-2021,IN,India,SEARO,72330,12221665,459,162927
02-04-2021,IN,India,SEARO,81466,12303131,469,163396
03-04-2021,IN,India,SEARO,89129,12392260,714,164110
04-04-2021,IN,India,SEARO,93249,12485509,513,164623
05-04-2021,IN,India,SEARO,103558,12589067,478,165101
06-04-2021,IN,India,SEARO,96982,12686049,446,165547
07-04-2021,IN,India,SEARO,115736,12801785,630,166177
08-04-2021,IN,India,SEARO,126789,12928574,685,166862
09-04-2021,IN,India,SEARO,131968,13060542,780,167642
10-04-2021,IN,India,SEARO,145384,13205926,794,168436
11-04-2021,IN,India,SEARO,152879,13358805,839,169275
12-04-2021,IN,India,SEARO,168912,13527717,904,170179
13-04-2021,IN,India,SEARO,161736,13689453,879,171058
14-04-2021,IN,India,SEARO,184372,13873825,1027,172085
15-04-2021,IN,India,SEARO,200739,14074564,1038,173123
16-04-2021,IN,India,SEARO,217353,14291917,1185,174308
17-04-2021,IN,India,SEARO,234692,14526609,1341,175649
18-04-2021,IN,India,SEARO,261500,14788109,1501,177150
19-04-2021,IN,India,SEARO,273810,15061919,1619,178769
20-04-2021,IN,India,SEARO,259170,15321089,1761,180530
21-04-2021,IN,India,SEARO,295041,15616130,2023,182553
22-04-2021,IN,India,SEARO,314835,15930965,2104,184657
23-04-2021,IN,India,SEARO,332730,16263695,2263,186920
24-04-2021,IN,India,SEARO,346786,16610481,2624,189544
25-04-2021,IN,India,SEARO,349691,16960172,2767,192311
26-04-2021,IN,India,SEARO,352991,17313163,2812,195123
27-04-2021,IN,India,SEARO,323144,17636307,2771,197894
28-04-2021,IN,India,SEARO,360960,17997267,3293,201187
29-04-2021,IN,India,SEARO,379257,18376524,3645,204832
30-04-2021,IN,India,SEARO,386452,18762976,3498,208330
01-05-2021,IN,India,SEARO,401993,19164969,3523,211853
02-05-2021,IN,India,SEARO,392488,19557457,3689,215542
03-05-2021,IN,India,SEARO,368147,19925604,3417,218959
04-05-2021,IN,India,SEARO,357229,20282833,3449,222408
05-05-2021,IN,India,SEARO,382315,20665148,3780,226188
06-05-2021,IN,India,SEARO,412262,21077410,3980,230168
07-05-2021,IN,India,SEARO,414188,21491598,3915,234083
08-05-2021,IN,India,SEARO,401078,21892676,4187,238270
09-05-2021,IN,India,SEARO,403738,22296414,4092,242362
10-05-2021,IN,India,SEARO,366161,22662575,3754,246116
11-05-2021,IN,India,SEARO,329942,22992517,3876,249992
12-05-2021,IN,India,SEARO,348421,23340938,4205,254197
13-05-2021,IN,India,SEARO,362727,23703665,4120,258317
14-05-2021,IN,India,SEARO,343144,24046809,4000,262317
15-05-2021,IN,India,SEARO,326098,24372907,3890,266207
16-05-2021,IN,India,SEARO,311170,24684077,4077,270284
17-05-2021,IN,India,SEARO,281386,24965463,4106,274390
18-05-2021,IN,India,SEARO,263533,25228996,4329,278719
19-05-2021,IN,India,SEARO,267334,25496330,4529,283248
20-05-2021,IN,India,SEARO,276110,25772440,3874,287122
21-05-2021,IN,India,SEARO,259551,26031991,4209,291331
22-05-2021,IN,India,SEARO,257299,26289290,4194,295525
23-05-2021,IN,India,SEARO,240842,26530132,3741,299266
24-05-2021,IN,India,SEARO,222315,26752447,4454,303720
25-05-2021,IN,India,SEARO,196427,26948874,3511,307231
26-05-2021,IN,India,SEARO,208921,27157795,4157,311388
27-05-2021,IN,India,SEARO,211298,27369093,3847,315235
28-05-2021,IN,India,SEARO,186364,27555457,3660,318895
29-05-2021,IN,India,SEARO,173790,27729247,3617,322512
30-05-2021,IN,India,SEARO,165553,27894800,3460,325972
01-01-2021,ID,Indonesia,SEARO,8074,743198,194,22138
02-01-2021,ID,Indonesia,SEARO,8072,751270,191,22329
03-01-2021,ID,Indonesia,SEARO,7203,758473,226,22555
04-01-2021,ID,Indonesia,SEARO,6877,765350,179,22734
05-01-2021,ID,Indonesia,SEARO,6753,772103,177,22911
06-01-2021,ID,Indonesia,SEARO,7445,779548,198,23109
07-01-2021,ID,Indonesia,SEARO,8854,788402,187,23296
08-01-2021,ID,Indonesia,SEARO,9321,797723,224,23520
09-01-2021,ID,Indonesia,SEARO,10617,808340,233,23753
10-01-2021,ID,Indonesia,SEARO,10046,818386,194,23947
11-01-2021,ID,Indonesia,SEARO,9640,828026,182,24129
12-01-2021,ID,Indonesia,SEARO,8692,836718,214,24343
13-01-2021,ID,Indonesia,SEARO,10047,846765,302,24645
14-01-2021,ID,Indonesia,SEARO,11278,858043,306,24951
15-01-2021,ID,Indonesia,SEARO,11557,869600,295,25246
16-01-2021,ID,Indonesia,SEARO,12818,882418,238,25484
17-01-2021,ID,Indonesia,SEARO,14224,896642,283,25767
18-01-2021,ID,Indonesia,SEARO,11287,907929,220,25987
19-01-2021,ID,Indonesia,SEARO,9086,917015,295,26282
20-01-2021,ID,Indonesia,SEARO,10365,927380,308,26590
21-01-2021,ID,Indonesia,SEARO,12568,939948,267,26857
22-01-2021,ID,Indonesia,SEARO,11703,951651,346,27203
23-01-2021,ID,Indonesia,SEARO,13632,965283,250,27453
24-01-2021,ID,Indonesia,SEARO,12191,977474,211,27664
25-01-2021,ID,Indonesia,SEARO,11788,989262,171,27835
26-01-2021,ID,Indonesia,SEARO,9994,999256,297,28132
27-01-2021,ID,Indonesia,SEARO,13094,1012350,336,28468
28-01-2021,ID,Indonesia,SEARO,11948,1024298,387,28855
29-01-2021,ID,Indonesia,SEARO,13695,1037993,476,29331
30-01-2021,ID,Indonesia,SEARO,13802,1051795,187,29518
31-01-2021,ID,Indonesia,SEARO,14518,1066313,210,29728
01-02-2021,ID,Indonesia,SEARO,12001,1078314,270,29998
02-02-2021,ID,Indonesia,SEARO,10994,1089308,279,30277
03-02-2021,ID,Indonesia,SEARO,10379,1099687,304,30581
04-02-2021,ID,Indonesia,SEARO,11984,1111671,189,30770
05-02-2021,ID,Indonesia,SEARO,11434,1123105,231,31001
06-02-2021,ID,Indonesia,SEARO,11749,1134854,201,31202
07-02-2021,ID,Indonesia,SEARO,12156,1147010,191,31393
08-02-2021,ID,Indonesia,SEARO,10827,1157837,163,31556
09-02-2021,ID,Indonesia,SEARO,8242,1166079,207,31763
10-02-2021,ID,Indonesia,SEARO,8700,1174779,213,31976
11-02-2021,ID,Indonesia,SEARO,8776,1183555,191,32167
12-02-2021,ID,Indonesia,SEARO,8435,1191990,214,32381
13-02-2021,ID,Indonesia,SEARO,9869,1201859,275,32656
14-02-2021,ID,Indonesia,SEARO,8844,1210703,280,32936
15-02-2021,ID,Indonesia,SEARO,13227,1223930,431,33367
16-02-2021,ID,Indonesia,SEARO,0,1223930,0,33367
17-02-2021,ID,Indonesia,SEARO,10029,1233959,229,33596
18-02-2021,ID,Indonesia,SEARO,9687,1243646,192,33788
19-02-2021,ID,Indonesia,SEARO,9039,1252685,181,33969
20-02-2021,ID,Indonesia,SEARO,10614,1263299,183,34152
21-02-2021,ID,Indonesia,SEARO,8054,1271353,164,34316
22-02-2021,ID,Indonesia,SEARO,7300,1278653,173,34489
23-02-2021,ID,Indonesia,SEARO,10180,1288833,202,34691
24-02-2021,ID,Indonesia,SEARO,9775,1298608,323,35014
25-02-2021,ID,Indonesia,SEARO,7533,1306141,240,35254
26-02-2021,ID,Indonesia,SEARO,8493,1314634,264,35518
27-02-2021,ID,Indonesia,SEARO,8232,1322866,268,35786
28-02-2021,ID,Indonesia,SEARO,6208,1329074,195,35981
01-03-2021,ID,Indonesia,SEARO,5560,1334634,185,36166
02-03-2021,ID,Indonesia,SEARO,6680,1341314,159,36325
03-03-2021,ID,Indonesia,SEARO,5712,1347026,193,36518
04-03-2021,ID,Indonesia,SEARO,6808,1353834,203,36721
05-03-2021,ID,Indonesia,SEARO,7264,1361098,176,36897
06-03-2021,ID,Indonesia,SEARO,6971,1368069,129,37026
07-03-2021,ID,Indonesia,SEARO,5767,1373836,128,37154
08-03-2021,ID,Indonesia,SEARO,5826,1379662,112,37266
09-03-2021,ID,Indonesia,SEARO,6894,1386556,281,37547
10-03-2021,ID,Indonesia,SEARO,6389,1392945,210,37757
11-03-2021,ID,Indonesia,SEARO,5633,1398578,175,37932
12-03-2021,ID,Indonesia,SEARO,5144,1403722,117,38049
13-03-2021,ID,Indonesia,SEARO,6412,1410134,180,38229
14-03-2021,ID,Indonesia,SEARO,4607,1414741,100,38329
15-03-2021,ID,Indonesia,SEARO,4714,1419455,97,38426
16-03-2021,ID,Indonesia,SEARO,5589,1425044,147,38573
17-03-2021,ID,Indonesia,SEARO,5414,1430458,180,38753
18-03-2021,ID,Indonesia,SEARO,6825,1437283,162,38915
19-03-2021,ID,Indonesia,SEARO,6570,1443853,227,39142
20-03-2021,ID,Indonesia,SEARO,6279,1450132,197,39339
21-03-2021,ID,Indonesia,SEARO,5656,1455788,108,39447
22-03-2021,ID,Indonesia,SEARO,4396,1460184,103,39550
23-03-2021,ID,Indonesia,SEARO,5744,1465928,161,39711
24-03-2021,ID,Indonesia,SEARO,5297,1471225,154,39865
25-03-2021,ID,Indonesia,SEARO,5227,1476452,118,39983
26-03-2021,ID,Indonesia,SEARO,6107,1482559,98,40081
27-03-2021,ID,Indonesia,SEARO,4982,1487541,85,40166
28-03-2021,ID,Indonesia,SEARO,4461,1492002,198,40364
29-03-2021,ID,Indonesia,SEARO,4083,1496085,85,40449
30-03-2021,ID,Indonesia,SEARO,5008,1501093,132,40581
31-03-2021,ID,Indonesia,SEARO,4682,1505775,173,40754
01-04-2021,ID,Indonesia,SEARO,5937,1511712,104,40858
02-04-2021,ID,Indonesia,SEARO,6142,1517854,196,41054
03-04-2021,ID,Indonesia,SEARO,5325,1523179,97,41151
04-04-2021,ID,Indonesia,SEARO,4345,1527524,91,41242
05-04-2021,ID,Indonesia,SEARO,6731,1534255,427,41669
06-04-2021,ID,Indonesia,SEARO,3712,1537967,146,41815
07-04-2021,ID,Indonesia,SEARO,4549,1542516,162,41977
08-04-2021,ID,Indonesia,SEARO,4860,1547376,87,42064
09-04-2021,ID,Indonesia,SEARO,5504,1552880,163,42227
10-04-2021,ID,Indonesia,SEARO,5265,1558145,121,42348
11-04-2021,ID,Indonesia,SEARO,4723,1562868,95,42443
12-04-2021,ID,Indonesia,SEARO,4127,1566995,87,42530
13-04-2021,ID,Indonesia,SEARO,4829,1571824,126,42656
14-04-2021,ID,Indonesia,SEARO,5702,1577526,126,42782
15-04-2021,ID,Indonesia,SEARO,5656,1583182,124,42906
16-04-2021,ID,Indonesia,SEARO,6177,1589359,167,43073
17-04-2021,ID,Indonesia,SEARO,5363,1594722,123,43196
18-04-2021,ID,Indonesia,SEARO,5041,1599763,132,43328
19-04-2021,ID,Indonesia,SEARO,4585,1604348,96,43424
20-04-2021,ID,Indonesia,SEARO,4952,1609300,143,43567
21-04-2021,ID,Indonesia,SEARO,5549,1614849,210,43777
22-04-2021,ID,Indonesia,SEARO,5720,1620569,230,44007
23-04-2021,ID,Indonesia,SEARO,6243,1626812,165,44172
24-04-2021,ID,Indonesia,SEARO,5436,1632248,174,44346
25-04-2021,ID,Indonesia,SEARO,4544,1636792,154,44500
26-04-2021,ID,Indonesia,SEARO,4402,1641194,94,44594
27-04-2021,ID,Indonesia,SEARO,5944,1647138,177,44771
28-04-2021,ID,Indonesia,SEARO,4656,1651794,168,44939
29-04-2021,ID,Indonesia,SEARO,5241,1657035,177,45116
30-04-2021,ID,Indonesia,SEARO,5833,1662868,218,45334
01-05-2021,ID,Indonesia,SEARO,5500,1668368,187,45521
02-05-2021,ID,Indonesia,SEARO,4512,1672880,131,45652
03-05-2021,ID,Indonesia,SEARO,4394,1677274,144,45796
04-05-2021,ID,Indonesia,SEARO,4730,1682004,153,45949
05-05-2021,ID,Indonesia,SEARO,4369,1686373,188,46137
06-05-2021,ID,Indonesia,SEARO,5285,1691658,212,46349
07-05-2021,ID,Indonesia,SEARO,5647,1697305,147,46496
08-05-2021,ID,Indonesia,SEARO,6327,1703632,167,46663
09-05-2021,ID,Indonesia,SEARO,6130,1709762,179,46842
10-05-2021,ID,Indonesia,SEARO,3922,1713684,170,47012
11-05-2021,ID,Indonesia,SEARO,4891,1718575,206,47218
12-05-2021,ID,Indonesia,SEARO,5021,1723596,247,47465
13-05-2021,ID,Indonesia,SEARO,4608,1728204,152,47617
14-05-2021,ID,Indonesia,SEARO,3448,1731652,99,47716
15-05-2021,ID,Indonesia,SEARO,2633,1734285,107,47823
16-05-2021,ID,Indonesia,SEARO,2385,1736670,144,47967
17-05-2021,ID,Indonesia,SEARO,3080,1739750,126,48093
18-05-2021,ID,Indonesia,SEARO,4295,1744045,212,48305
19-05-2021,ID,Indonesia,SEARO,4185,1748230,172,48477
20-05-2021,ID,Indonesia,SEARO,4871,1753101,192,48669
21-05-2021,ID,Indonesia,SEARO,5797,1758898,218,48887
22-05-2021,ID,Indonesia,SEARO,5746,1764644,186,49073
23-05-2021,ID,Indonesia,SEARO,5296,1769940,132,49205
24-05-2021,ID,Indonesia,SEARO,5280,1775220,123,49328
25-05-2021,ID,Indonesia,SEARO,5907,1781127,127,49455
26-05-2021,ID,Indonesia,SEARO,5060,1786187,172,49627
27-05-2021,ID,Indonesia,SEARO,5034,1791221,144,49771
28-05-2021,ID,Indonesia,SEARO,6278,1797499,136,49907
29-05-2021,ID,Indonesia,SEARO,5862,1803361,193,50100
30-05-2021,ID,Indonesia,SEARO,6565,1809926,162,50262
01-01-2021,IR,Iran (Islamic Republic of),EMRO,6390,1225143,128,55223
02-01-2021,IR,Iran (Islamic Republic of),EMRO,6286,1231429,114,55337
03-01-2021,IR,Iran (Islamic Republic of),EMRO,6045,1237474,101,55438
04-01-2021,IR,Iran (Islamic Republic of),EMRO,5960,1243434,102,55540
05-01-2021,IR,Iran (Islamic Republic of),EMRO,6073,1249507,110,55650
06-01-2021,IR,Iran (Islamic Republic of),EMRO,6113,1255620,98,55748
07-01-2021,IR,Iran (Islamic Republic of),EMRO,6283,1261903,82,55830
08-01-2021,IR,Iran (Islamic Republic of),EMRO,6360,1268263,103,55933
09-01-2021,IR,Iran (Islamic Republic of),EMRO,6251,1274514,85,56018
10-01-2021,IR,Iran (Islamic Republic of),EMRO,5924,1280438,82,56100
11-01-2021,IR,Iran (Islamic Republic of),EMRO,5968,1286406,71,56171
12-01-2021,IR,Iran (Islamic Republic of),EMRO,6208,1292614,91,56262
13-01-2021,IR,Iran (Islamic Republic of),EMRO,6408,1299022,98,56360
14-01-2021,IR,Iran (Islamic Republic of),EMRO,6317,1305339,97,56457
15-01-2021,IR,Iran (Islamic Republic of),EMRO,6471,1311810,81,56538
16-01-2021,IR,Iran (Islamic Republic of),EMRO,6485,1318295,83,56621
17-01-2021,IR,Iran (Islamic Republic of),EMRO,6100,1324395,96,56717
18-01-2021,IR,Iran (Islamic Republic of),EMRO,6016,1330411,86,56803
19-01-2021,IR,Iran (Islamic Republic of),EMRO,5806,1336217,83,56886
20-01-2021,IR,Iran (Islamic Republic of),EMRO,5917,1342134,87,56973
21-01-2021,IR,Iran (Islamic Republic of),EMRO,6182,1348316,84,57057
22-01-2021,IR,Iran (Islamic Republic of),EMRO,6204,1354520,93,57150
23-01-2021,IR,Iran (Islamic Republic of),EMRO,6305,1360825,75,57225
24-01-2021,IR,Iran (Islamic Republic of),EMRO,6207,1367032,69,57294
25-01-2021,IR,Iran (Islamic Republic of),EMRO,5945,1372977,89,57383
26-01-2021,IR,Iran (Islamic Republic of),EMRO,6309,1379286,98,57481
27-01-2021,IR,Iran (Islamic Republic of),EMRO,6420,1385706,79,57560
28-01-2021,IR,Iran (Islamic Republic of),EMRO,6608,1392314,91,57651
29-01-2021,IR,Iran (Islamic Republic of),EMRO,6527,1398841,85,57736
30-01-2021,IR,Iran (Islamic Republic of),EMRO,6573,1405414,71,57807
31-01-2021,IR,Iran (Islamic Republic of),EMRO,6317,1411731,82,57889
01-02-2021,IR,Iran (Islamic Republic of),EMRO,6268,1417999,70,57959
02-02-2021,IR,Iran (Islamic Republic of),EMRO,6597,1424596,79,58038
03-02-2021,IR,Iran (Islamic Republic of),EMRO,6820,1431416,72,58110
04-02-2021,IR,Iran (Islamic Republic of),EMRO,6870,1438286,79,58189
05-02-2021,IR,Iran (Islamic Republic of),EMRO,7040,1445326,67,58256
06-02-2021,IR,Iran (Islamic Republic of),EMRO,7061,1452387,80,58336
07-02-2021,IR,Iran (Islamic Republic of),EMRO,6983,1459370,76,58412
08-02-2021,IR,Iran (Islamic Republic of),EMRO,7065,1466435,57,58469
09-02-2021,IR,Iran (Islamic Republic of),EMRO,7321,1473756,67,58536
10-02-2021,IR,Iran (Islamic Republic of),EMRO,7640,1481396,89,58625
11-02-2021,IR,Iran (Islamic Republic of),EMRO,7585,1488981,61,58686
12-02-2021,IR,Iran (Islamic Republic of),EMRO,7474,1496455,65,58751
13-02-2021,IR,Iran (Islamic Republic of),EMRO,7298,1503753,58,58809
14-02-2021,IR,Iran (Islamic Republic of),EMRO,7120,1510873,74,58883
15-02-2021,IR,Iran (Islamic Republic of),EMRO,7390,1518263,62,58945
16-02-2021,IR,Iran (Islamic Republic of),EMRO,7760,1526023,83,59028
17-02-2021,IR,Iran (Islamic Republic of),EMRO,8011,1534034,89,59117
18-02-2021,IR,Iran (Islamic Republic of),EMRO,8042,1542076,67,59184
19-02-2021,IR,Iran (Islamic Republic of),EMRO,8066,1550142,80,59264
20-02-2021,IR,Iran (Islamic Republic of),EMRO,8017,1558159,77,59341
21-02-2021,IR,Iran (Islamic Republic of),EMRO,7922,1566081,68,59409
22-02-2021,IR,Iran (Islamic Republic of),EMRO,7931,1574012,74,59483
23-02-2021,IR,Iran (Islamic Republic of),EMRO,8263,1582275,89,59572
24-02-2021,IR,Iran (Islamic Republic of),EMRO,8330,1590605,91,59663
25-02-2021,IR,Iran (Islamic Republic of),EMRO,8270,1598875,73,59736
26-02-2021,IR,Iran (Islamic Republic of),EMRO,8206,1607081,94,59830
27-02-2021,IR,Iran (Islamic Republic of),EMRO,8103,1615184,69,59899
28-02-2021,IR,Iran (Islamic Republic of),EMRO,7975,1623159,81,59980
01-03-2021,IR,Iran (Islamic Republic of),EMRO,8010,1631169,93,60073
02-03-2021,IR,Iran (Islamic Republic of),EMRO,8510,1639679,108,60181
03-03-2021,IR,Iran (Islamic Republic of),EMRO,8495,1648174,86,60267
04-03-2021,IR,Iran (Islamic Republic of),EMRO,8525,1656699,86,60353
05-03-2021,IR,Iran (Islamic Republic of),EMRO,8404,1665103,78,60431
06-03-2021,IR,Iran (Islamic Republic of),EMRO,8367,1673470,81,60512
07-03-2021,IR,Iran (Islamic Republic of),EMRO,8212,1681682,82,60594
08-03-2021,IR,Iran (Islamic Republic of),EMRO,8010,1689692,93,60687
09-03-2021,IR,Iran (Islamic Republic of),EMRO,8313,1698005,99,60786
10-03-2021,IR,Iran (Islamic Republic of),EMRO,8554,1706559,81,60867
11-03-2021,IR,Iran (Islamic Republic of),EMRO,8603,1715162,61,60928
12-03-2021,IR,Iran (Islamic Republic of),EMRO,8308,1723470,88,61016
13-03-2021,IR,Iran (Islamic Republic of),EMRO,8088,1731558,53,61069
14-03-2021,IR,Iran (Islamic Republic of),EMRO,7802,1739360,73,61142
15-03-2021,IR,Iran (Islamic Republic of),EMRO,7593,1746953,88,61230
16-03-2021,IR,Iran (Islamic Republic of),EMRO,7980,1754933,100,61330
17-03-2021,IR,Iran (Islamic Republic of),EMRO,8380,1763313,97,61427
18-03-2021,IR,Iran (Islamic Republic of),EMRO,7802,1771115,65,61492
19-03-2021,IR,Iran (Islamic Republic of),EMRO,7530,1778645,89,61581
20-03-2021,IR,Iran (Islamic Republic of),EMRO,7620,1786265,68,61649
21-03-2021,IR,Iran (Islamic Republic of),EMRO,7540,1793805,75,61724
22-03-2021,IR,Iran (Islamic Republic of),EMRO,7260,1801065,73,61797
23-03-2021,IR,Iran (Islamic Republic of),EMRO,7357,1808422,80,61877
24-03-2021,IR,Iran (Islamic Republic of),EMRO,7290,1815712,74,61951
25-03-2021,IR,Iran (Islamic Republic of),EMRO,7605,1823317,94,62045
26-03-2021,IR,Iran (Islamic Republic of),EMRO,7506,1830823,97,62142
27-03-2021,IR,Iran (Islamic Republic of),EMRO,7980,1838803,81,62223
28-03-2021,IR,Iran (Islamic Republic of),EMRO,8120,1846923,85,62308
29-03-2021,IR,Iran (Islamic Republic of),EMRO,8751,1855674,89,62397
30-03-2021,IR,Iran (Islamic Republic of),EMRO,9310,1864984,81,62478
31-03-2021,IR,Iran (Islamic Republic of),EMRO,10250,1875234,91,62569
01-04-2021,IR,Iran (Islamic Republic of),EMRO,10330,1885564,96,62665
02-04-2021,IR,Iran (Islamic Republic of),EMRO,11750,1897314,94,62759
03-04-2021,IR,Iran (Islamic Republic of),EMRO,11660,1908974,117,62876
04-04-2021,IR,Iran (Islamic Republic of),EMRO,11420,1920394,123,62999
05-04-2021,IR,Iran (Islamic Republic of),EMRO,11680,1932074,161,63160
06-04-2021,IR,Iran (Islamic Republic of),EMRO,13890,1945964,172,63332
07-04-2021,IR,Iran (Islamic Republic of),EMRO,17430,1963394,174,63506
08-04-2021,IR,Iran (Islamic Republic of),EMRO,20954,1984348,193,63699
09-04-2021,IR,Iran (Islamic Republic of),EMRO,22586,2006934,185,63884
10-04-2021,IR,Iran (Islamic Republic of),EMRO,22478,2029412,155,64039
11-04-2021,IR,Iran (Islamic Republic of),EMRO,19666,2049078,193,64232
12-04-2021,IR,Iran (Islamic Republic of),EMRO,21063,2070141,258,64490
13-04-2021,IR,Iran (Islamic Republic of),EMRO,23311,2093452,274,64764
14-04-2021,IR,Iran (Islamic Republic of),EMRO,24760,2118212,291,65055
15-04-2021,IR,Iran (Islamic Republic of),EMRO,25582,2143794,304,65359
16-04-2021,IR,Iran (Islamic Republic of),EMRO,25078,2168872,321,65680
17-04-2021,IR,Iran (Islamic Republic of),EMRO,25261,2194133,328,66008
18-04-2021,IR,Iran (Islamic Republic of),EMRO,21312,2215445,319,66327
19-04-2021,IR,Iran (Islamic Republic of),EMRO,21644,2237089,405,66732
20-04-2021,IR,Iran (Islamic Republic of),EMRO,24346,2261435,398,67130
21-04-2021,IR,Iran (Islamic Republic of),EMRO,25492,2286927,395,67525
22-04-2021,IR,Iran (Islamic Republic of),EMRO,24886,2311813,388,67913
23-04-2021,IR,Iran (Islamic Republic of),EMRO,24092,2335905,453,68366
24-04-2021,IR,Iran (Islamic Republic of),EMRO,22904,2358809,380,68746
25-04-2021,IR,Iran (Islamic Republic of),EMRO,18230,2377039,374,69120
26-04-2021,IR,Iran (Islamic Republic of),EMRO,19165,2396204,454,69574
27-04-2021,IR,Iran (Islamic Republic of),EMRO,21026,2417230,496,70070
28-04-2021,IR,Iran (Islamic Republic of),EMRO,20963,2438193,462,70532
29-04-2021,IR,Iran (Islamic Republic of),EMRO,21713,2459906,434,70966
30-04-2021,IR,Iran (Islamic Republic of),EMRO,19899,2479805,385,71351
01-05-2021,IR,Iran (Islamic Republic of),EMRO,19272,2499077,407,71758
02-05-2021,IR,Iran (Islamic Republic of),EMRO,17080,2516157,332,72090
03-05-2021,IR,Iran (Islamic Republic of),EMRO,18698,2534855,394,72484
04-05-2021,IR,Iran (Islamic Republic of),EMRO,20732,2555587,391,72875
05-05-2021,IR,Iran (Islamic Republic of),EMRO,20150,2575737,344,73219
06-05-2021,IR,Iran (Islamic Republic of),EMRO,15872,2591609,349,73568
07-05-2021,IR,Iran (Islamic Republic of),EMRO,18409,2610018,338,73906
08-05-2021,IR,Iran (Islamic Republic of),EMRO,17076,2627094,335,74241
09-05-2021,IR,Iran (Islamic Republic of),EMRO,13576,2640670,283,74524
10-05-2021,IR,Iran (Islamic Republic of),EMRO,14141,2654811,386,74910
11-05-2021,IR,Iran (Islamic Republic of),EMRO,18408,2673219,351,75261
12-05-2021,IR,Iran (Islamic Republic of),EMRO,18133,2691352,307,75568
13-05-2021,IR,Iran (Islamic Republic of),EMRO,16409,2707761,366,75934
14-05-2021,IR,Iran (Islamic Republic of),EMRO,14246,2722007,297,76231
15-05-2021,IR,Iran (Islamic Republic of),EMRO,10145,2732152,202,76433
16-05-2021,IR,Iran (Islamic Republic of),EMRO,7723,2739875,200,76633
17-05-2021,IR,Iran (Islamic Republic of),EMRO,11291,2751166,303,76936
18-05-2021,IR,Iran (Islamic Republic of),EMRO,14319,2765485,286,77222
19-05-2021,IR,Iran (Islamic Republic of),EMRO,13930,2779415,310,77532
20-05-2021,IR,Iran (Islamic Republic of),EMRO,12789,2792204,233,77765
21-05-2021,IR,Iran (Islamic Republic of),EMRO,12428,2804632,229,77994
22-05-2021,IR,Iran (Islamic Republic of),EMRO,11250,2815882,200,78194
23-05-2021,IR,Iran (Islamic Republic of),EMRO,8005,2823887,187,78381
24-05-2021,IR,Iran (Islamic Republic of),EMRO,8631,2832518,216,78597
25-05-2021,IR,Iran (Islamic Republic of),EMRO,11005,2843523,251,78848
26-05-2021,IR,Iran (Islamic Republic of),EMRO,11873,2855396,208,79056
27-05-2021,IR,Iran (Islamic Republic of),EMRO,10468,2865864,163,79219
28-05-2021,IR,Iran (Islamic Republic of),EMRO,9994,2875858,165,79384
29-05-2021,IR,Iran (Islamic Republic of),EMRO,10253,2886111,184,79568
30-05-2021,IR,Iran (Islamic Republic of),EMRO,7107,2893218,173,79741
01-01-2021,IQ,Iraq,EMRO,849,595291,5,12813
02-01-2021,IQ,Iraq,EMRO,902,596193,11,12824
03-01-2021,IQ,Iraq,EMRO,840,597033,5,12829
04-01-2021,IQ,Iraq,EMRO,741,597774,5,12834
05-01-2021,IQ,Iraq,EMRO,595,598369,10,12844
06-01-2021,IQ,Iraq,EMRO,757,599126,12,12856
07-01-2021,IQ,Iraq,EMRO,839,599965,9,12865
08-01-2021,IQ,Iraq,EMRO,790,600755,4,12869
09-01-2021,IQ,Iraq,EMRO,669,601424,8,12877
10-01-2021,IQ,Iraq,EMRO,907,602331,4,12881
11-01-2021,IQ,Iraq,EMRO,607,602938,14,12895
12-01-2021,IQ,Iraq,EMRO,801,603739,11,12906
13-01-2021,IQ,Iraq,EMRO,810,604549,5,12911
14-01-2021,IQ,Iraq,EMRO,867,605416,4,12915
15-01-2021,IQ,Iraq,EMRO,770,606186,7,12922
16-01-2021,IQ,Iraq,EMRO,805,606991,10,12932
17-01-2021,IQ,Iraq,EMRO,596,607587,3,12935
18-01-2021,IQ,Iraq,EMRO,645,608232,9,12944
19-01-2021,IQ,Iraq,EMRO,797,609029,9,12953
20-01-2021,IQ,Iraq,EMRO,823,609852,9,12962
21-01-2021,IQ,Iraq,EMRO,746,610598,6,12968
22-01-2021,IQ,Iraq,EMRO,809,611407,9,12977
23-01-2021,IQ,Iraq,EMRO,685,612092,7,12984
24-01-2021,IQ,Iraq,EMRO,778,612870,4,12988
25-01-2021,IQ,Iraq,EMRO,893,613763,5,12993
26-01-2021,IQ,Iraq,EMRO,813,614576,7,13000
27-01-2021,IQ,Iraq,EMRO,804,615380,10,13010
28-01-2021,IQ,Iraq,EMRO,879,616259,8,13018
29-01-2021,IQ,Iraq,EMRO,943,617202,6,13024
30-01-2021,IQ,Iraq,EMRO,945,618147,12,13036
31-01-2021,IQ,Iraq,EMRO,775,618922,5,13041
01-02-2021,IQ,Iraq,EMRO,714,619636,6,13047
02-02-2021,IQ,Iraq,EMRO,984,620620,10,13057
03-02-2021,IQ,Iraq,EMRO,1135,621755,11,13068
04-02-2021,IQ,Iraq,EMRO,1317,623072,11,13079
05-02-2021,IQ,Iraq,EMRO,1150,624222,12,13091
06-02-2021,IQ,Iraq,EMRO,1534,625756,12,13103
07-02-2021,IQ,Iraq,EMRO,1660,627416,8,13111
08-02-2021,IQ,Iraq,EMRO,1134,628550,9,13120
09-02-2021,IQ,Iraq,EMRO,1713,630263,6,13126
10-02-2021,IQ,Iraq,EMRO,1994,632257,8,13134
11-02-2021,IQ,Iraq,EMRO,2282,634539,6,13140
12-02-2021,IQ,Iraq,EMRO,2369,636908,4,13144
13-02-2021,IQ,Iraq,EMRO,2530,639438,13,13157
14-02-2021,IQ,Iraq,EMRO,2190,641628,7,13164
15-02-2021,IQ,Iraq,EMRO,2224,643852,15,13179
16-02-2021,IQ,Iraq,EMRO,2798,646650,6,13185
17-02-2021,IQ,Iraq,EMRO,3332,649982,7,13192
18-02-2021,IQ,Iraq,EMRO,3575,653557,12,13204
19-02-2021,IQ,Iraq,EMRO,3896,657453,16,13220
20-02-2021,IQ,Iraq,EMRO,4024,661477,12,13232
21-02-2021,IQ,Iraq,EMRO,3273,664750,13,13245
22-02-2021,IQ,Iraq,EMRO,3187,667937,27,13272
23-02-2021,IQ,Iraq,EMRO,3864,671801,23,13295
24-02-2021,IQ,Iraq,EMRO,4181,675982,16,13311
25-02-2021,IQ,Iraq,EMRO,4306,680288,13,13324
26-02-2021,IQ,Iraq,EMRO,4074,684362,27,13351
27-02-2021,IQ,Iraq,EMRO,4336,688698,14,13365
28-02-2021,IQ,Iraq,EMRO,3543,692241,18,13383
01-03-2021,IQ,Iraq,EMRO,3248,695489,23,13406
02-03-2021,IQ,Iraq,EMRO,3599,699088,22,13428
03-03-2021,IQ,Iraq,EMRO,4690,703778,30,13458
04-03-2021,IQ,Iraq,EMRO,5173,708951,25,13483
05-03-2021,IQ,Iraq,EMRO,5043,713994,24,13507
06-03-2021,IQ,Iraq,EMRO,5127,719121,30,13537
07-03-2021,IQ,Iraq,EMRO,4068,723189,11,13548
08-03-2021,IQ,Iraq,EMRO,3359,726548,24,13572
09-03-2021,IQ,Iraq,EMRO,4468,731016,24,13596
10-03-2021,IQ,Iraq,EMRO,4610,735626,22,13618
11-03-2021,IQ,Iraq,EMRO,4846,740472,27,13645
12-03-2021,IQ,Iraq,EMRO,5170,745642,26,13671
13-03-2021,IQ,Iraq,EMRO,4622,750264,25,13696
14-03-2021,IQ,Iraq,EMRO,4054,754318,23,13719
15-03-2021,IQ,Iraq,EMRO,3866,758184,32,13751
16-03-2021,IQ,Iraq,EMRO,4901,763085,37,13788
17-03-2021,IQ,Iraq,EMRO,5267,768352,39,13827
18-03-2021,IQ,Iraq,EMRO,5663,774015,33,13860
19-03-2021,IQ,Iraq,EMRO,5443,779458,36,13896
20-03-2021,IQ,Iraq,EMRO,5258,784716,41,13937
21-03-2021,IQ,Iraq,EMRO,4674,789390,32,13969
22-03-2021,IQ,Iraq,EMRO,4502,793892,38,14007
23-03-2021,IQ,Iraq,EMRO,4655,798547,29,14036
24-03-2021,IQ,Iraq,EMRO,4494,803041,30,14066
25-03-2021,IQ,Iraq,EMRO,6051,809092,29,14095
26-03-2021,IQ,Iraq,EMRO,6513,815605,33,14128
27-03-2021,IQ,Iraq,EMRO,6490,822095,29,14157
28-03-2021,IQ,Iraq,EMRO,5062,827157,20,14177
29-03-2021,IQ,Iraq,EMRO,5271,832428,35,14212
30-03-2021,IQ,Iraq,EMRO,5837,838265,37,14249
31-03-2021,IQ,Iraq,EMRO,5995,844260,37,14286
01-04-2021,IQ,Iraq,EMRO,6664,850924,37,14323
02-04-2021,IQ,Iraq,EMRO,6015,856939,37,14360
03-04-2021,IQ,Iraq,EMRO,5882,862821,30,14390
04-04-2021,IQ,Iraq,EMRO,5379,868200,40,14430
05-04-2021,IQ,Iraq,EMRO,5368,873568,33,14463
06-04-2021,IQ,Iraq,EMRO,6423,879991,39,14502
07-04-2021,IQ,Iraq,EMRO,7300,887291,33,14535
08-04-2021,IQ,Iraq,EMRO,8331,895622,37,14572
09-04-2021,IQ,Iraq,EMRO,7817,903439,34,14606
10-04-2021,IQ,Iraq,EMRO,7937,911376,35,14641
11-04-2021,IQ,Iraq,EMRO,6779,918155,37,14678
12-04-2021,IQ,Iraq,EMRO,6791,924946,35,14713
13-04-2021,IQ,Iraq,EMRO,7953,932899,44,14757
14-04-2021,IQ,Iraq,EMRO,8179,941078,39,14796
15-04-2021,IQ,Iraq,EMRO,7972,949050,40,14836
16-04-2021,IQ,Iraq,EMRO,7810,956860,49,14885
17-04-2021,IQ,Iraq,EMRO,7575,964435,30,14915
18-04-2021,IQ,Iraq,EMRO,6552,970987,33,14948
19-04-2021,IQ,Iraq,EMRO,6188,977175,33,14981
20-04-2021,IQ,Iraq,EMRO,7775,984950,45,15026
21-04-2021,IQ,Iraq,EMRO,8208,993158,34,15060
22-04-2021,IQ,Iraq,EMRO,8696,1001854,38,15098
23-04-2021,IQ,Iraq,EMRO,8450,1010304,30,15128
24-04-2021,IQ,Iraq,EMRO,8017,1018321,46,15174
25-04-2021,IQ,Iraq,EMRO,6967,1025288,43,15217
26-04-2021,IQ,Iraq,EMRO,6034,1031322,40,15257
27-04-2021,IQ,Iraq,EMRO,6536,1037858,46,15303
28-04-2021,IQ,Iraq,EMRO,7152,1045010,45,15348
29-04-2021,IQ,Iraq,EMRO,6858,1051868,44,15392
30-04-2021,IQ,Iraq,EMRO,6926,1058794,41,15433
01-05-2021,IQ,Iraq,EMRO,6405,1065199,32,15465
02-05-2021,IQ,Iraq,EMRO,5167,1070366,33,15498
03-05-2021,IQ,Iraq,EMRO,4564,1074930,38,15536
04-05-2021,IQ,Iraq,EMRO,5068,1079998,30,15566
05-05-2021,IQ,Iraq,EMRO,6143,1086141,42,15608
06-05-2021,IQ,Iraq,EMRO,5813,1091954,32,15640
07-05-2021,IQ,Iraq,EMRO,6233,1098187,33,15673
08-05-2021,IQ,Iraq,EMRO,5763,1103950,29,15702
09-05-2021,IQ,Iraq,EMRO,4608,1108558,39,15741
10-05-2021,IQ,Iraq,EMRO,4167,1112725,30,15771
11-05-2021,IQ,Iraq,EMRO,4902,1117627,29,15800
12-05-2021,IQ,Iraq,EMRO,5287,1122914,34,15834
13-05-2021,IQ,Iraq,EMRO,4666,1127580,21,15855
14-05-2021,IQ,Iraq,EMRO,4512,1132092,28,15883
15-05-2021,IQ,Iraq,EMRO,2767,1134859,27,15910
16-05-2021,IQ,Iraq,EMRO,2058,1136917,20,15930
17-05-2021,IQ,Iraq,EMRO,2456,1139373,26,15956
18-05-2021,IQ,Iraq,EMRO,3552,1142925,41,15997
19-05-2021,IQ,Iraq,EMRO,4023,1146948,32,16029
20-05-2021,IQ,Iraq,EMRO,4609,1151557,40,16069
21-05-2021,IQ,Iraq,EMRO,4580,1156137,33,16102
22-05-2021,IQ,Iraq,EMRO,4357,1160494,35,16137
23-05-2021,IQ,Iraq,EMRO,3655,1164149,21,16158
24-05-2021,IQ,Iraq,EMRO,3791,1167940,32,16190
25-05-2021,IQ,Iraq,EMRO,4102,1172042,24,16214
26-05-2021,IQ,Iraq,EMRO,4938,1176980,27,16241
27-05-2021,IQ,Iraq,EMRO,4718,1181698,26,16267
28-05-2021,IQ,Iraq,EMRO,4611,1186309,22,16289
29-05-2021,IQ,Iraq,EMRO,4042,1190351,22,16311
30-05-2021,IQ,Iraq,EMRO,3257,1193608,23,16334
01-01-2021,IE,Ireland,EURO,1622,91779,11,2237
02-01-2021,IE,Ireland,EURO,1753,93532,11,2248
03-01-2021,IE,Ireland,EURO,3394,96926,4,2252
04-01-2021,IE,Ireland,EURO,4961,101887,7,2259
05-01-2021,IE,Ireland,EURO,6110,107997,6,2265
06-01-2021,IE,Ireland,EURO,5325,113322,17,2282
07-01-2021,IE,Ireland,EURO,7832,121154,17,2299
08-01-2021,IE,Ireland,EURO,6503,127657,8,2307
09-01-2021,IE,Ireland,EURO,8227,135884,20,2327
10-01-2021,IE,Ireland,EURO,4843,140727,9,2336
11-01-2021,IE,Ireland,EURO,6886,147613,8,2344
12-01-2021,IE,Ireland,EURO,4926,152539,8,2352
13-01-2021,IE,Ireland,EURO,3052,155591,45,2397
14-01-2021,IE,Ireland,EURO,3553,159144,63,2460
15-01-2021,IE,Ireland,EURO,3913,163057,28,2488
16-01-2021,IE,Ireland,EURO,3491,166548,48,2536
17-01-2021,IE,Ireland,EURO,3232,169780,59,2595
18-01-2021,IE,Ireland,EURO,2946,172726,13,2608
19-01-2021,IE,Ireland,EURO,2117,174843,8,2616
20-01-2021,IE,Ireland,EURO,1996,176839,92,2708
21-01-2021,IE,Ireland,EURO,2485,179324,60,2768
22-01-2021,IE,Ireland,EURO,2598,181922,50,2818
23-01-2021,IE,Ireland,EURO,2357,184279,52,2870
24-01-2021,IE,Ireland,EURO,1905,186184,77,2947
25-01-2021,IE,Ireland,EURO,1370,187554,23,2970
26-01-2021,IE,Ireland,EURO,1369,188923,7,2977
27-01-2021,IE,Ireland,EURO,928,189851,89,3066
28-01-2021,IE,Ireland,EURO,1331,191182,54,3120
29-01-2021,IE,Ireland,EURO,2463,193645,47,3167
30-01-2021,IE,Ireland,EURO,247,193892,47,3214
31-01-2021,IE,Ireland,EURO,1411,195303,78,3292
01-02-2021,IE,Ireland,EURO,1244,196547,15,3307
02-02-2021,IE,Ireland,EURO,1006,197553,10,3317
03-02-2021,IE,Ireland,EURO,871,198424,101,3418
04-02-2021,IE,Ireland,EURO,1006,199430,94,3512
05-02-2021,IE,Ireland,EURO,1314,200744,74,3586
06-02-2021,IE,Ireland,EURO,1019,201763,35,3621
07-02-2021,IE,Ireland,EURO,785,202548,53,3674
08-02-2021,IE,Ireland,EURO,1020,203568,12,3686
09-02-2021,IE,Ireland,EURO,829,204397,1,3687
10-02-2021,IE,Ireland,EURO,543,204940,65,3752
11-02-2021,IE,Ireland,EURO,999,205939,42,3794
12-02-2021,IE,Ireland,EURO,862,206801,52,3846
13-02-2021,IE,Ireland,EURO,919,207720,19,3865
14-02-2021,IE,Ireland,EURO,1076,208796,66,3931
15-02-2021,IE,Ireland,EURO,786,209582,17,3948
16-02-2021,IE,Ireland,EURO,820,210402,0,3948
17-02-2021,IE,Ireland,EURO,711,211113,32,3980
18-02-2021,IE,Ireland,EURO,638,211751,56,4036
19-02-2021,IE,Ireland,EURO,896,212647,46,4082
20-02-2021,IE,Ireland,EURO,753,213400,27,4109
21-02-2021,IE,Ireland,EURO,978,214378,26,4135
22-02-2021,IE,Ireland,EURO,679,215057,1,4136
23-02-2021,IE,Ireland,EURO,686,215743,1,4137
24-02-2021,IE,Ireland,EURO,557,216300,44,4181
25-02-2021,IE,Ireland,EURO,540,216840,56,4237
26-02-2021,IE,Ireland,EURO,638,217478,34,4271
27-02-2021,IE,Ireland,EURO,773,218251,29,4300
28-02-2021,IE,Ireland,EURO,729,218980,13,4313
01-03-2021,IE,Ireland,EURO,612,219592,6,4319
02-03-2021,IE,Ireland,EURO,681,220273,0,4319
03-03-2021,IE,Ireland,EURO,357,220630,14,4333
04-03-2021,IE,Ireland,EURO,559,221189,24,4357
05-03-2021,IE,Ireland,EURO,460,221649,39,4396
06-03-2021,IE,Ireland,EURO,520,222169,9,4405
07-03-2021,IE,Ireland,EURO,530,222699,14,4419
08-03-2021,IE,Ireland,EURO,520,223219,3,4422
09-03-2021,IE,Ireland,EURO,432,223651,0,4422
10-03-2021,IE,Ireland,EURO,306,223957,30,4452
11-03-2021,IE,Ireland,EURO,631,224588,47,4499
12-03-2021,IE,Ireland,EURO,591,225179,10,4509
13-03-2021,IE,Ireland,EURO,641,225820,9,4518
14-03-2021,IE,Ireland,EURO,538,226358,16,4534
15-03-2021,IE,Ireland,EURO,383,226741,0,4534
16-03-2021,IE,Ireland,EURO,575,227316,0,4534
17-03-2021,IE,Ireland,EURO,347,227663,18,4552
18-03-2021,IE,Ireland,EURO,552,228215,14,4566
19-03-2021,IE,Ireland,EURO,581,228796,0,4566
20-03-2021,IE,Ireland,EURO,510,229306,10,4576
21-03-2021,IE,Ireland,EURO,525,229831,9,4585
22-03-2021,IE,Ireland,EURO,768,230599,2,4587
23-03-2021,IE,Ireland,EURO,520,231119,1,4588
24-03-2021,IE,Ireland,EURO,365,231484,22,4610
25-03-2021,IE,Ireland,EURO,680,232164,18,4628
26-03-2021,IE,Ireland,EURO,594,232758,3,4631
27-03-2021,IE,Ireland,EURO,569,233327,20,4651
28-03-2021,IE,Ireland,EURO,610,233937,2,4653
29-03-2021,IE,Ireland,EURO,604,234541,13,4666
30-03-2021,IE,Ireland,EURO,537,235078,1,4667
31-03-2021,IE,Ireland,EURO,366,235444,14,4681
01-04-2021,IE,Ireland,EURO,410,235854,6,4687
02-04-2021,IE,Ireland,EURO,746,236600,18,4705
03-04-2021,IE,Ireland,EURO,587,237187,8,4713
04-04-2021,IE,Ireland,EURO,508,237695,2,4715
05-04-2021,IE,Ireland,EURO,453,238148,3,4718
06-04-2021,IE,Ireland,EURO,318,238466,0,4718
07-04-2021,IE,Ireland,EURO,441,238907,9,4727
08-04-2021,IE,Ireland,EURO,418,239325,5,4732
09-04-2021,IE,Ireland,EURO,398,239723,5,4737
10-04-2021,IE,Ireland,EURO,469,240192,32,4769
11-04-2021,IE,Ireland,EURO,451,240643,14,4783
12-04-2021,IE,Ireland,EURO,302,240945,2,4785
13-04-2021,IE,Ireland,EURO,385,241330,0,4785
14-04-2021,IE,Ireland,EURO,354,241684,18,4803
15-04-2021,IE,Ireland,EURO,421,242105,9,4812
16-04-2021,IE,Ireland,EURO,297,242402,8,4820
17-04-2021,IE,Ireland,EURO,417,242819,11,4831
18-04-2021,IE,Ireland,EURO,419,243238,4,4835
19-04-2021,IE,Ireland,EURO,270,243508,1,4836
20-04-2021,IE,Ireland,EURO,403,243911,0,4836
21-04-2021,IE,Ireland,EURO,386,244297,11,4847
22-04-2021,IE,Ireland,EURO,398,244695,9,4856
23-04-2021,IE,Ireland,EURO,615,245310,10,4866
24-04-2021,IE,Ireland,EURO,433,245743,1,4867
25-04-2021,IE,Ireland,EURO,461,246204,5,4872
26-04-2021,IE,Ireland,EURO,429,246633,1,4873
27-04-2021,IE,Ireland,EURO,436,247069,1,4874
28-04-2021,IE,Ireland,EURO,420,247489,10,4884
29-04-2021,IE,Ireland,EURO,368,247857,12,4896
30-04-2021,IE,Ireland,EURO,469,248326,3,4899
01-05-2021,IE,Ireland,EURO,544,248870,4,4903
02-05-2021,IE,Ireland,EURO,567,249437,3,4906
03-05-2021,IE,Ireland,EURO,401,249838,0,4906
04-05-2021,IE,Ireland,EURO,452,250290,0,4906
05-05-2021,IE,Ireland,EURO,382,250672,2,4908
06-05-2021,IE,Ireland,EURO,415,251087,7,4915
07-05-2021,IE,Ireland,EURO,387,251474,6,4921
08-05-2021,IE,Ireland,EURO,430,251904,0,4921
09-05-2021,IE,Ireland,EURO,399,252303,0,4921
10-05-2021,IE,Ireland,EURO,506,252809,0,4921
11-05-2021,IE,Ireland,EURO,380,253189,0,4921
12-05-2021,IE,Ireland,EURO,378,253567,8,4929
13-05-2021,IE,Ireland,EURO,446,254013,8,4937
14-05-2021,IE,Ireland,EURO,437,254450,0,4937
15-05-2021,IE,Ireland,EURO,420,254870,4,4941
16-05-2021,IE,Ireland,EURO,355,255225,0,4941
17-05-2021,IE,Ireland,EURO,360,255585,0,4941
18-05-2021,IE,Ireland,EURO,358,255943,0,4941
19-05-2021,IE,Ireland,EURO,503,256446,0,4941
20-05-2021,IE,Ireland,EURO,469,256915,0,4941
21-05-2021,IE,Ireland,EURO,524,257439,0,4941
22-05-2021,IE,Ireland,EURO,381,257820,0,4941
23-05-2021,IE,Ireland,EURO,438,258258,0,4941
24-05-2021,IE,Ireland,EURO,345,258603,0,4941
25-05-2021,IE,Ireland,EURO,365,258968,0,4941
26-05-2021,IE,Ireland,EURO,448,259416,0,4941
27-05-2021,IE,Ireland,EURO,436,259852,0,4941
28-05-2021,IE,Ireland,EURO,467,260319,0,4941
29-05-2021,IE,Ireland,EURO,464,260783,0,4941
30-05-2021,IE,Ireland,EURO,0,260783,0,4941
01-01-2021,IM,Isle of Man,EURO,3,377,0,25
02-01-2021,IM,Isle of Man,EURO,3,380,0,25
03-01-2021,IM,Isle of Man,EURO,0,380,0,25
04-01-2021,IM,Isle of Man,EURO,0,380,0,25
05-01-2021,IM,Isle of Man,EURO,0,380,0,25
06-01-2021,IM,Isle of Man,EURO,0,380,0,25
07-01-2021,IM,Isle of Man,EURO,6,386,0,25
08-01-2021,IM,Isle of Man,EURO,3,389,0,25
09-01-2021,IM,Isle of Man,EURO,2,391,0,25
10-01-2021,IM,Isle of Man,EURO,1,392,0,25
11-01-2021,IM,Isle of Man,EURO,2,394,0,25
12-01-2021,IM,Isle of Man,EURO,2,396,0,25
13-01-2021,IM,Isle of Man,EURO,7,403,0,25
14-01-2021,IM,Isle of Man,EURO,3,406,0,25
15-01-2021,IM,Isle of Man,EURO,8,414,0,25
16-01-2021,IM,Isle of Man,EURO,3,417,0,25
17-01-2021,IM,Isle of Man,EURO,1,418,0,25
18-01-2021,IM,Isle of Man,EURO,1,419,0,25
19-01-2021,IM,Isle of Man,EURO,9,428,0,25
20-01-2021,IM,Isle of Man,EURO,4,432,0,25
21-01-2021,IM,Isle of Man,EURO,0,432,0,25
22-01-2021,IM,Isle of Man,EURO,0,432,0,25
23-01-2021,IM,Isle of Man,EURO,0,432,0,25
24-01-2021,IM,Isle of Man,EURO,0,432,0,25
25-01-2021,IM,Isle of Man,EURO,0,432,0,25
26-01-2021,IM,Isle of Man,EURO,0,432,0,25
27-01-2021,IM,Isle of Man,EURO,0,432,0,25
28-01-2021,IM,Isle of Man,EURO,0,432,0,25
29-01-2021,IM,Isle of Man,EURO,0,432,0,25
30-01-2021,IM,Isle of Man,EURO,0,432,0,25
31-01-2021,IM,Isle of Man,EURO,2,434,0,25
01-02-2021,IM,Isle of Man,EURO,0,434,0,25
02-02-2021,IM,Isle of Man,EURO,0,434,0,25
03-02-2021,IM,Isle of Man,EURO,0,434,0,25
04-02-2021,IM,Isle of Man,EURO,0,434,0,25
05-02-2021,IM,Isle of Man,EURO,0,434,0,25
06-02-2021,IM,Isle of Man,EURO,0,434,0,25
07-02-2021,IM,Isle of Man,EURO,0,434,0,25
08-02-2021,IM,Isle of Man,EURO,0,434,0,25
09-02-2021,IM,Isle of Man,EURO,0,434,0,25
10-02-2021,IM,Isle of Man,EURO,1,435,0,25
11-02-2021,IM,Isle of Man,EURO,1,436,0,25
12-02-2021,IM,Isle of Man,EURO,0,436,0,25
13-02-2021,IM,Isle of Man,EURO,0,436,0,25
14-02-2021,IM,Isle of Man,EURO,0,436,0,25
15-02-2021,IM,Isle of Man,EURO,0,436,0,25
16-02-2021,IM,Isle of Man,EURO,0,436,0,25
17-02-2021,IM,Isle of Man,EURO,0,436,0,25
18-02-2021,IM,Isle of Man,EURO,1,437,0,25
19-02-2021,IM,Isle of Man,EURO,0,437,0,25
20-02-2021,IM,Isle of Man,EURO,7,444,0,25
21-02-2021,IM,Isle of Man,EURO,5,449,0,25
22-02-2021,IM,Isle of Man,EURO,1,450,0,25
23-02-2021,IM,Isle of Man,EURO,0,450,0,25
24-02-2021,IM,Isle of Man,EURO,6,456,0,25
25-02-2021,IM,Isle of Man,EURO,6,462,0,25
26-02-2021,IM,Isle of Man,EURO,8,470,0,25
27-02-2021,IM,Isle of Man,EURO,5,475,0,25
28-02-2021,IM,Isle of Man,EURO,0,475,0,25
01-03-2021,IM,Isle of Man,EURO,9,484,0,25
02-03-2021,IM,Isle of Man,EURO,0,484,0,25
03-03-2021,IM,Isle of Man,EURO,2,486,0,25
04-03-2021,IM,Isle of Man,EURO,8,494,0,25
05-03-2021,IM,Isle of Man,EURO,16,510,0,25
06-03-2021,IM,Isle of Man,EURO,36,546,0,25
07-03-2021,IM,Isle of Man,EURO,60,606,0,25
08-03-2021,IM,Isle of Man,EURO,70,676,0,25
09-03-2021,IM,Isle of Man,EURO,81,757,0,25
10-03-2021,IM,Isle of Man,EURO,0,757,0,25
11-03-2021,IM,Isle of Man,EURO,111,868,0,25
12-03-2021,IM,Isle of Man,EURO,84,952,0,25
13-03-2021,IM,Isle of Man,EURO,76,1028,0,25
14-03-2021,IM,Isle of Man,EURO,64,1092,0,25
15-03-2021,IM,Isle of Man,EURO,0,1092,0,25
16-03-2021,IM,Isle of Man,EURO,186,1278,1,26
17-03-2021,IM,Isle of Man,EURO,28,1306,0,26
18-03-2021,IM,Isle of Man,EURO,45,1351,0,26
19-03-2021,IM,Isle of Man,EURO,31,1382,0,26
20-03-2021,IM,Isle of Man,EURO,29,1411,0,26
21-03-2021,IM,Isle of Man,EURO,21,1432,0,26
22-03-2021,IM,Isle of Man,EURO,30,1462,0,26
23-03-2021,IM,Isle of Man,EURO,24,1486,0,26
24-03-2021,IM,Isle of Man,EURO,17,1503,0,26
25-03-2021,IM,Isle of Man,EURO,13,1516,0,26
26-03-2021,IM,Isle of Man,EURO,14,1530,0,26
27-03-2021,IM,Isle of Man,EURO,15,1545,0,26
28-03-2021,IM,Isle of Man,EURO,6,1551,0,26
29-03-2021,IM,Isle of Man,EURO,4,1555,0,26
30-03-2021,IM,Isle of Man,EURO,3,1558,3,29
31-03-2021,IM,Isle of Man,EURO,8,1566,0,29
01-04-2021,IM,Isle of Man,EURO,1,1567,0,29
02-04-2021,IM,Isle of Man,EURO,2,1569,0,29
03-04-2021,IM,Isle of Man,EURO,1,1570,0,29
04-04-2021,IM,Isle of Man,EURO,0,1570,0,29
05-04-2021,IM,Isle of Man,EURO,1,1571,0,29
06-04-2021,IM,Isle of Man,EURO,0,1571,0,29
07-04-2021,IM,Isle of Man,EURO,0,1571,0,29
08-04-2021,IM,Isle of Man,EURO,1,1572,0,29
09-04-2021,IM,Isle of Man,EURO,0,1572,0,29
10-04-2021,IM,Isle of Man,EURO,2,1574,0,29
11-04-2021,IM,Isle of Man,EURO,0,1574,0,29
12-04-2021,IM,Isle of Man,EURO,1,1575,0,29
13-04-2021,IM,Isle of Man,EURO,0,1575,0,29
14-04-2021,IM,Isle of Man,EURO,0,1575,0,29
15-04-2021,IM,Isle of Man,EURO,0,1575,0,29
16-04-2021,IM,Isle of Man,EURO,0,1575,0,29
17-04-2021,IM,Isle of Man,EURO,0,1575,0,29
18-04-2021,IM,Isle of Man,EURO,0,1575,0,29
19-04-2021,IM,Isle of Man,EURO,2,1577,0,29
20-04-2021,IM,Isle of Man,EURO,0,1577,0,29
21-04-2021,IM,Isle of Man,EURO,0,1577,0,29
22-04-2021,IM,Isle of Man,EURO,0,1577,0,29
23-04-2021,IM,Isle of Man,EURO,2,1579,0,29
24-04-2021,IM,Isle of Man,EURO,5,1584,0,29
25-04-2021,IM,Isle of Man,EURO,1,1585,0,29
26-04-2021,IM,Isle of Man,EURO,0,1585,0,29
27-04-2021,IM,Isle of Man,EURO,1,1586,0,29
28-04-2021,IM,Isle of Man,EURO,1,1587,0,29
29-04-2021,IM,Isle of Man,EURO,0,1587,0,29
30-04-2021,IM,Isle of Man,EURO,0,1587,0,29
01-05-2021,IM,Isle of Man,EURO,0,1587,0,29
02-05-2021,IM,Isle of Man,EURO,0,1587,0,29
03-05-2021,IM,Isle of Man,EURO,0,1587,0,29
04-05-2021,IM,Isle of Man,EURO,3,1590,0,29
05-05-2021,IM,Isle of Man,EURO,0,1590,0,29
06-05-2021,IM,Isle of Man,EURO,0,1590,0,29
07-05-2021,IM,Isle of Man,EURO,0,1590,0,29
08-05-2021,IM,Isle of Man,EURO,0,1590,0,29
09-05-2021,IM,Isle of Man,EURO,0,1590,0,29
10-05-2021,IM,Isle of Man,EURO,0,1590,0,29
11-05-2021,IM,Isle of Man,EURO,0,1590,0,29
12-05-2021,IM,Isle of Man,EURO,0,1590,0,29
13-05-2021,IM,Isle of Man,EURO,0,1590,0,29
14-05-2021,IM,Isle of Man,EURO,0,1590,0,29
15-05-2021,IM,Isle of Man,EURO,0,1590,0,29
16-05-2021,IM,Isle of Man,EURO,0,1590,0,29
17-05-2021,IM,Isle of Man,EURO,0,1590,0,29
18-05-2021,IM,Isle of Man,EURO,0,1590,0,29
19-05-2021,IM,Isle of Man,EURO,1,1591,0,29
20-05-2021,IM,Isle of Man,EURO,0,1591,0,29
21-05-2021,IM,Isle of Man,EURO,0,1591,0,29
22-05-2021,IM,Isle of Man,EURO,0,1591,0,29
23-05-2021,IM,Isle of Man,EURO,0,1591,0,29
24-05-2021,IM,Isle of Man,EURO,0,1591,0,29
25-05-2021,IM,Isle of Man,EURO,0,1591,0,29
26-05-2021,IM,Isle of Man,EURO,0,1591,0,29
27-05-2021,IM,Isle of Man,EURO,0,1591,0,29
28-05-2021,IM,Isle of Man,EURO,1,1592,0,29
29-05-2021,IM,Isle of Man,EURO,0,1592,0,29
30-05-2021,IM,Isle of Man,EURO,0,1592,0,29
01-01-2021,IL,Israel,EURO,5868,420153,16,3332
02-01-2021,IL,Israel,EURO,5875,426028,36,3368
03-01-2021,IL,Israel,EURO,6022,432050,34,3402
04-01-2021,IL,Israel,EURO,4218,436268,27,3429
05-01-2021,IL,Israel,EURO,5230,441498,26,3455
06-01-2021,IL,Israel,EURO,8407,449905,37,3492
07-01-2021,IL,Israel,EURO,8237,458142,24,3516
08-01-2021,IL,Israel,EURO,7878,466020,44,3560
09-01-2021,IL,Israel,EURO,7647,473667,48,3608
10-01-2021,IL,Israel,EURO,8160,481827,45,3653
11-01-2021,IL,Israel,EURO,5158,486985,20,3673
12-01-2021,IL,Israel,EURO,6937,493922,41,3714
13-01-2021,IL,Israel,EURO,9713,503635,29,3743
14-01-2021,IL,Israel,EURO,9298,512933,55,3798
15-01-2021,IL,Israel,EURO,9471,522404,57,3855
16-01-2021,IL,Israel,EURO,9295,531699,59,3914
17-01-2021,IL,Israel,EURO,8429,540128,51,3965
18-01-2021,IL,Israel,EURO,5087,545215,47,4012
19-01-2021,IL,Israel,EURO,5648,550863,56,4068
20-01-2021,IL,Israel,EURO,10117,560980,46,4114
21-01-2021,IL,Israel,EURO,8624,569604,43,4157
22-01-2021,IL,Israel,EURO,8364,577968,54,4211
23-01-2021,IL,Israel,EURO,7273,585241,48,4259
24-01-2021,IL,Israel,EURO,7388,592629,66,4325
25-01-2021,IL,Israel,EURO,2449,595078,51,4376
26-01-2021,IL,Israel,EURO,4945,600023,77,4453
27-01-2021,IL,Israel,EURO,8731,608754,60,4513
28-01-2021,IL,Israel,EURO,7800,616554,53,4566
29-01-2021,IL,Israel,EURO,7728,624282,60,4626
30-01-2021,IL,Israel,EURO,7184,631466,49,4675
31-01-2021,IL,Israel,EURO,6760,638226,45,4720
01-02-2021,IL,Israel,EURO,2623,640849,38,4758
02-02-2021,IL,Israel,EURO,5226,646075,52,4810
03-02-2021,IL,Israel,EURO,8926,655001,46,4856
04-02-2021,IL,Israel,EURO,8029,663030,61,4917
05-02-2021,IL,Israel,EURO,7474,670504,57,4974
06-02-2021,IL,Israel,EURO,7253,677757,48,5022
07-02-2021,IL,Israel,EURO,6584,684341,33,5055
08-02-2021,IL,Israel,EURO,2657,686998,52,5107
09-02-2021,IL,Israel,EURO,4596,691594,44,5151
10-02-2021,IL,Israel,EURO,7840,699434,30,5181
11-02-2021,IL,Israel,EURO,6164,705598,43,5224
12-02-2021,IL,Israel,EURO,5676,711274,32,5256
13-02-2021,IL,Israel,EURO,5009,716283,30,5286
14-02-2021,IL,Israel,EURO,4663,720946,41,5327
15-02-2021,IL,Israel,EURO,1887,722833,29,5356
16-02-2021,IL,Israel,EURO,3483,726316,37,5393
17-02-2021,IL,Israel,EURO,5188,731504,16,5409
18-02-2021,IL,Israel,EURO,4569,736073,42,5451
19-02-2021,IL,Israel,EURO,4167,740240,27,5478
20-02-2021,IL,Israel,EURO,3332,743572,35,5513
21-02-2021,IL,Israel,EURO,3792,747364,22,5535
22-02-2021,IL,Israel,EURO,1255,748619,25,5560
23-02-2021,IL,Israel,EURO,3107,751726,24,5584
24-02-2021,IL,Israel,EURO,4809,756535,16,5600
25-02-2021,IL,Israel,EURO,4447,760982,35,5635
26-02-2021,IL,Israel,EURO,4374,765356,27,5662
27-02-2021,IL,Israel,EURO,3814,769170,23,5685
28-02-2021,IL,Israel,EURO,3813,772983,22,5707
01-03-2021,IL,Israel,EURO,1438,774421,29,5736
02-03-2021,IL,Israel,EURO,3070,777491,21,5757
03-03-2021,IL,Israel,EURO,4859,782350,18,5775
04-03-2021,IL,Israel,EURO,4378,786728,21,5796
05-03-2021,IL,Israel,EURO,4669,791397,16,5812
06-03-2021,IL,Israel,EURO,3659,795056,17,5829
07-03-2021,IL,Israel,EURO,3715,798771,18,5847
08-03-2021,IL,Israel,EURO,1878,800649,20,5867
09-03-2021,IL,Israel,EURO,2346,802995,15,5882
10-03-2021,IL,Israel,EURO,3784,806779,22,5904
11-03-2021,IL,Israel,EURO,3120,809899,15,5919
12-03-2021,IL,Israel,EURO,2833,812732,17,5936
13-03-2021,IL,Israel,EURO,2549,815281,18,5954
14-03-2021,IL,Israel,EURO,2413,817694,12,5966
15-03-2021,IL,Israel,EURO,783,818477,16,5982
16-03-2021,IL,Israel,EURO,1389,819866,27,6009
17-03-2021,IL,Israel,EURO,2123,821989,16,6025
18-03-2021,IL,Israel,EURO,1564,823553,17,6042
19-03-2021,IL,Israel,EURO,1530,825083,13,6055
20-03-2021,IL,Israel,EURO,1246,826329,8,6063
21-03-2021,IL,Israel,EURO,1084,827413,12,6075
22-03-2021,IL,Israel,EURO,349,827762,7,6082
23-03-2021,IL,Israel,EURO,674,828436,15,6097
24-03-2021,IL,Israel,EURO,979,829415,13,6110
25-03-2021,IL,Israel,EURO,688,830103,15,6125
26-03-2021,IL,Israel,EURO,478,830581,10,6135
27-03-2021,IL,Israel,EURO,842,831423,10,6145
28-03-2021,IL,Israel,EURO,520,831943,11,6156
29-03-2021,IL,Israel,EURO,231,832174,6,6162
30-03-2021,IL,Israel,EURO,129,832303,12,6174
31-03-2021,IL,Israel,EURO,363,832666,10,6184
01-04-2021,IL,Israel,EURO,443,833109,11,6195
02-04-2021,IL,Israel,EURO,492,833601,16,6211
03-04-2021,IL,Israel,EURO,335,833936,7,6218
04-04-2021,IL,Israel,EURO,418,834354,16,6234
05-04-2021,IL,Israel,EURO,124,834478,7,6241
06-04-2021,IL,Israel,EURO,196,834674,8,6249
07-04-2021,IL,Israel,EURO,380,835054,6,6255
08-04-2021,IL,Israel,EURO,305,835359,6,6261
09-04-2021,IL,Israel,EURO,276,835635,9,6270
10-04-2021,IL,Israel,EURO,212,835847,11,6281
11-04-2021,IL,Israel,EURO,223,836070,10,6291
12-04-2021,IL,Israel,EURO,86,836156,9,6300
13-04-2021,IL,Israel,EURO,139,836295,6,6306
14-04-2021,IL,Israel,EURO,221,836516,6,6312
15-04-2021,IL,Israel,EURO,199,836715,13,6325
16-04-2021,IL,Israel,EURO,196,836911,3,6328
17-04-2021,IL,Israel,EURO,95,837006,2,6330
18-04-2021,IL,Israel,EURO,109,837115,5,6335
19-04-2021,IL,Israel,EURO,83,837198,6,6341
20-04-2021,IL,Israel,EURO,141,837339,4,6345
21-04-2021,IL,Israel,EURO,133,837472,3,6348
22-04-2021,IL,Israel,EURO,159,837631,3,6351
23-04-2021,IL,Israel,EURO,114,837745,2,6353
24-04-2021,IL,Israel,EURO,129,837874,2,6355
25-04-2021,IL,Israel,EURO,108,837982,5,6360
26-04-2021,IL,Israel,EURO,39,838021,4,6364
27-04-2021,IL,Israel,EURO,77,838098,2,6366
28-04-2021,IL,Israel,EURO,93,838191,2,6368
29-04-2021,IL,Israel,EURO,87,838278,5,6373
30-04-2021,IL,Israel,EURO,96,838374,0,6373
01-05-2021,IL,Israel,EURO,94,838468,2,6375
02-05-2021,IL,Israel,EURO,79,838547,2,6377
03-05-2021,IL,Israel,EURO,13,838560,2,6379
04-05-2021,IL,Israel,EURO,50,838610,1,6380
05-05-2021,IL,Israel,EURO,65,838675,2,6382
06-05-2021,IL,Israel,EURO,72,838747,2,6384
07-05-2021,IL,Israel,EURO,68,838815,2,6386
08-05-2021,IL,Israel,EURO,48,838863,2,6388
09-05-2021,IL,Israel,EURO,33,838896,2,6390
10-05-2021,IL,Israel,EURO,16,838912,1,6391
11-05-2021,IL,Israel,EURO,34,838946,1,6392
12-05-2021,IL,Israel,EURO,52,838998,2,6394
13-05-2021,IL,Israel,EURO,34,839032,1,6395
14-05-2021,IL,Israel,EURO,27,839059,0,6395
15-05-2021,IL,Israel,EURO,31,839090,2,6397
16-05-2021,IL,Israel,EURO,27,839117,0,6397
17-05-2021,IL,Israel,EURO,20,839137,1,6398
18-05-2021,IL,Israel,EURO,29,839166,1,6399
19-05-2021,IL,Israel,EURO,15,839181,3,6402
20-05-2021,IL,Israel,EURO,22,839203,0,6402
21-05-2021,IL,Israel,EURO,55,839258,0,6402
22-05-2021,IL,Israel,EURO,33,839291,0,6402
23-05-2021,IL,Israel,EURO,22,839313,2,6404
24-05-2021,IL,Israel,EURO,12,839325,0,6404
25-05-2021,IL,Israel,EURO,26,839351,1,6405
26-05-2021,IL,Israel,EURO,29,839380,0,6405
27-05-2021,IL,Israel,EURO,22,839402,0,6405
28-05-2021,IL,Israel,EURO,14,839416,0,6405
29-05-2021,IL,Israel,EURO,38,839454,3,6408
30-05-2021,IL,Israel,EURO,0,839454,0,6408
01-01-2021,IT,Italy,EURO,23477,2107166,555,74159
02-01-2021,IT,Italy,EURO,22210,2129376,462,74621
03-01-2021,IT,Italy,EURO,11825,2141201,364,74985
04-01-2021,IT,Italy,EURO,14245,2155446,347,75332
05-01-2021,IT,Italy,EURO,10798,2166244,348,75680
06-01-2021,IT,Italy,EURO,15375,2181619,649,76329
07-01-2021,IT,Italy,EURO,20326,2201945,548,76877
08-01-2021,IT,Italy,EURO,18416,2220361,414,77291
09-01-2021,IT,Italy,EURO,17529,2237890,620,77911
10-01-2021,IT,Italy,EURO,19976,2257866,483,78394
11-01-2021,IT,Italy,EURO,18625,2276491,361,78755
12-01-2021,IT,Italy,EURO,12530,2289021,448,79203
13-01-2021,IT,Italy,EURO,14242,2303263,616,79819
14-01-2021,IT,Italy,EURO,15773,2319036,507,80326
15-01-2021,IT,Italy,EURO,17243,2336279,522,80848
16-01-2021,IT,Italy,EURO,16144,2352423,477,81325
17-01-2021,IT,Italy,EURO,16310,2368733,475,81800
18-01-2021,IT,Italy,EURO,12544,2381277,377,82177
19-01-2021,IT,Italy,EURO,8825,2390102,377,82554
20-01-2021,IT,Italy,EURO,10496,2400598,603,83157
21-01-2021,IT,Italy,EURO,13568,2414166,524,83681
22-01-2021,IT,Italy,EURO,14055,2428221,521,84202
23-01-2021,IT,Italy,EURO,13633,2441854,472,84674
24-01-2021,IT,Italy,EURO,13331,2455185,488,85162
25-01-2021,IT,Italy,EURO,11628,2466813,299,85461
26-01-2021,IT,Italy,EURO,8559,2475372,420,85881
27-01-2021,IT,Italy,EURO,10584,2485956,541,86422
28-01-2021,IT,Italy,EURO,15191,2501147,467,86889
29-01-2021,IT,Italy,EURO,14360,2515507,492,87381
30-01-2021,IT,Italy,EURO,13563,2529070,477,87858
31-01-2021,IT,Italy,EURO,12713,2541783,421,88279
01-02-2021,IT,Italy,EURO,11249,2553032,237,88516
02-02-2021,IT,Italy,EURO,7925,2560957,329,88845
03-02-2021,IT,Italy,EURO,9651,2570608,499,89344
04-02-2021,IT,Italy,EURO,13182,2583790,476,89820
05-02-2021,IT,Italy,EURO,13656,2597446,421,90241
06-02-2021,IT,Italy,EURO,14213,2611659,377,90618
07-02-2021,IT,Italy,EURO,13439,2625098,385,91003
08-02-2021,IT,Italy,EURO,11640,2636738,270,91273
09-02-2021,IT,Italy,EURO,7969,2644707,307,91580
10-02-2021,IT,Italy,EURO,10612,2655319,422,92002
11-02-2021,IT,Italy,EURO,12947,2668266,336,92338
12-02-2021,IT,Italy,EURO,15137,2683403,391,92729
13-02-2021,IT,Italy,EURO,13893,2697296,316,93045
14-02-2021,IT,Italy,EURO,13523,2710819,311,93356
15-02-2021,IT,Italy,EURO,11060,2721879,221,93577
16-02-2021,IT,Italy,EURO,7344,2729223,258,93835
17-02-2021,IT,Italy,EURO,10368,2739591,336,94171
18-02-2021,IT,Italy,EURO,12066,2751657,369,94540
19-02-2021,IT,Italy,EURO,13755,2765412,347,94887
20-02-2021,IT,Italy,EURO,15470,2780882,348,95235
21-02-2021,IT,Italy,EURO,14914,2795796,251,95486
22-02-2021,IT,Italy,EURO,13450,2809246,232,95718
23-02-2021,IT,Italy,EURO,9617,2818863,274,95992
24-02-2021,IT,Italy,EURO,13299,2832162,356,96348
25-02-2021,IT,Italy,EURO,16402,2848564,318,96666
26-02-2021,IT,Italy,EURO,19871,2868435,308,96974
27-02-2021,IT,Italy,EURO,20488,2888923,253,97227
28-02-2021,IT,Italy,EURO,18902,2907825,280,97507
01-03-2021,IT,Italy,EURO,17440,2925265,192,97699
02-03-2021,IT,Italy,EURO,13106,2938371,246,97945
03-03-2021,IT,Italy,EURO,17063,2955434,343,98288
04-03-2021,IT,Italy,EURO,20840,2976274,347,98635
05-03-2021,IT,Italy,EURO,22845,2999119,339,98974
06-03-2021,IT,Italy,EURO,24010,3023129,297,99271
07-03-2021,IT,Italy,EURO,23633,3046762,307,99578
08-03-2021,IT,Italy,EURO,20724,3067486,207,99785
09-03-2021,IT,Italy,EURO,13882,3081368,318,100103
10-03-2021,IT,Italy,EURO,19725,3101093,376,100479
11-03-2021,IT,Italy,EURO,22275,3123368,332,100811
12-03-2021,IT,Italy,EURO,25649,3149017,373,101184
13-03-2021,IT,Italy,EURO,26790,3175807,380,101564
14-03-2021,IT,Italy,EURO,26031,3201838,317,101881
15-03-2021,IT,Italy,EURO,21304,3223142,264,102145
16-03-2021,IT,Italy,EURO,15252,3238394,354,102499
17-03-2021,IT,Italy,EURO,20376,3258770,502,103001
18-03-2021,IT,Italy,EURO,23040,3281810,431,103432
19-03-2021,IT,Italy,EURO,24901,3306711,423,103855
20-03-2021,IT,Italy,EURO,25707,3332418,386,104241
21-03-2021,IT,Italy,EURO,23913,3356331,401,104642
22-03-2021,IT,Italy,EURO,20045,3376376,300,104942
23-03-2021,IT,Italy,EURO,24501,3400877,386,105328
24-03-2021,IT,Italy,EURO,18739,3419616,551,105879
25-03-2021,IT,Italy,EURO,21246,3440862,460,106339
26-03-2021,IT,Italy,EURO,23681,3464543,460,106799
27-03-2021,IT,Italy,EURO,24076,3488619,457,107256
28-03-2021,IT,Italy,EURO,23834,3512453,380,107636
29-03-2021,IT,Italy,EURO,19604,3532057,297,107933
30-03-2021,IT,Italy,EURO,12900,3544957,417,108350
31-03-2021,IT,Italy,EURO,16055,3561012,529,108879
01-04-2021,IT,Italy,EURO,23887,3584899,467,109346
02-04-2021,IT,Italy,EURO,22184,3607083,501,109847
03-04-2021,IT,Italy,EURO,21917,3629000,481,110328
04-04-2021,IT,Italy,EURO,21247,3650247,376,110704
05-04-2021,IT,Italy,EURO,18017,3668264,326,111030
06-04-2021,IT,Italy,EURO,10680,3678944,296,111326
07-04-2021,IT,Italy,EURO,7763,3686707,421,111747
08-04-2021,IT,Italy,EURO,13686,3700393,627,112374
09-04-2021,IT,Italy,EURO,17209,3717602,487,112861
10-04-2021,IT,Italy,EURO,18924,3736526,718,113579
11-04-2021,IT,Italy,EURO,17551,3754077,344,113923
12-04-2021,IT,Italy,EURO,15737,3769814,331,114254
13-04-2021,IT,Italy,EURO,9780,3779594,358,114612
14-04-2021,IT,Italy,EURO,13439,3793033,476,115088
15-04-2021,IT,Italy,EURO,16160,3809193,469,115557
16-04-2021,IT,Italy,EURO,16963,3826156,380,115937
17-04-2021,IT,Italy,EURO,15923,3842079,429,116366
18-04-2021,IT,Italy,EURO,15364,3857443,310,116676
19-04-2021,IT,Italy,EURO,12688,3870131,251,116927
20-04-2021,IT,Italy,EURO,8863,3878994,316,117243
21-04-2021,IT,Italy,EURO,12069,3891063,390,117633
22-04-2021,IT,Italy,EURO,13836,3904899,364,117997
23-04-2021,IT,Italy,EURO,16046,3920945,360,118357
24-04-2021,IT,Italy,EURO,14758,3935703,342,118699
25-04-2021,IT,Italy,EURO,13814,3949517,322,119021
26-04-2021,IT,Italy,EURO,13157,3962674,217,119238
27-04-2021,IT,Italy,EURO,8440,3971114,301,119539
28-04-2021,IT,Italy,EURO,10398,3981512,373,119912
29-04-2021,IT,Italy,EURO,13382,3994894,344,120256
30-04-2021,IT,Italy,EURO,14314,4009208,288,120544
01-05-2021,IT,Italy,EURO,13445,4022653,263,120807
02-05-2021,IT,Italy,EURO,12964,4035617,226,121033
03-05-2021,IT,Italy,EURO,9145,4044762,144,121177
04-05-2021,IT,Italy,EURO,5946,4050708,256,121433
05-05-2021,IT,Italy,EURO,9113,4059821,305,121738
06-05-2021,IT,Italy,EURO,10579,4070400,267,122005
07-05-2021,IT,Italy,EURO,11798,4082198,258,122263
08-05-2021,IT,Italy,EURO,10549,4092747,207,122470
09-05-2021,IT,Italy,EURO,10174,4102921,224,122694
10-05-2021,IT,Italy,EURO,8289,4111210,139,122833
11-05-2021,IT,Italy,EURO,5077,4116287,198,123031
12-05-2021,IT,Italy,EURO,6943,4123230,251,123282
13-05-2021,IT,Italy,EURO,7848,4131078,262,123544
14-05-2021,IT,Italy,EURO,8082,4139160,201,123745
15-05-2021,IT,Italy,EURO,7562,4146722,182,123927
16-05-2021,IT,Italy,EURO,6652,4153374,136,124063
17-05-2021,IT,Italy,EURO,5748,4159122,93,124156
18-05-2021,IT,Italy,EURO,3454,4162576,140,124296
19-05-2021,IT,Italy,EURO,4449,4167025,201,124497
20-05-2021,IT,Italy,EURO,5500,4172525,149,124646
21-05-2021,IT,Italy,EURO,5736,4178261,164,124810
22-05-2021,IT,Italy,EURO,5215,4183476,218,125028
23-05-2021,IT,Italy,EURO,4714,4188190,125,125153
24-05-2021,IT,Italy,EURO,3993,4192183,72,125225
25-05-2021,IT,Italy,EURO,2489,4194672,110,125335
26-05-2021,IT,Italy,EURO,3220,4197892,166,125501
27-05-2021,IT,Italy,EURO,3935,4201827,121,125622
28-05-2021,IT,Italy,EURO,4143,4205970,171,125793
29-05-2021,IT,Italy,EURO,3737,4209707,126,125919
30-05-2021,IT,Italy,EURO,3348,4213055,83,126002
01-01-2021,JM,Jamaica,AMRO,34,12827,0,302
02-01-2021,JM,Jamaica,AMRO,88,12915,1,303
03-01-2021,JM,Jamaica,AMRO,16,12931,0,303
04-01-2021,JM,Jamaica,AMRO,118,13049,1,304
05-01-2021,JM,Jamaica,AMRO,154,13203,0,304
06-01-2021,JM,Jamaica,AMRO,43,13246,1,305
07-01-2021,JM,Jamaica,AMRO,84,13330,1,306
08-01-2021,JM,Jamaica,AMRO,38,13368,0,306
09-01-2021,JM,Jamaica,AMRO,43,13411,1,307
10-01-2021,JM,Jamaica,AMRO,44,13455,4,311
11-01-2021,JM,Jamaica,AMRO,93,13548,1,312
12-01-2021,JM,Jamaica,AMRO,89,13637,1,313
13-01-2021,JM,Jamaica,AMRO,123,13760,2,315
14-01-2021,JM,Jamaica,AMRO,92,13852,2,317
15-01-2021,JM,Jamaica,AMRO,63,13915,5,322
16-01-2021,JM,Jamaica,AMRO,77,13992,1,323
17-01-2021,JM,Jamaica,AMRO,104,14096,0,323
18-01-2021,JM,Jamaica,AMRO,65,14161,1,324
19-01-2021,JM,Jamaica,AMRO,113,14274,2,326
20-01-2021,JM,Jamaica,AMRO,145,14419,3,329
21-01-2021,JM,Jamaica,AMRO,68,14487,2,331
22-01-2021,JM,Jamaica,AMRO,63,14550,0,331
23-01-2021,JM,Jamaica,AMRO,108,14658,1,332
24-01-2021,JM,Jamaica,AMRO,114,14772,4,336
25-01-2021,JM,Jamaica,AMRO,107,14879,0,336
26-01-2021,JM,Jamaica,AMRO,133,15012,2,338
27-01-2021,JM,Jamaica,AMRO,141,15153,1,339
28-01-2021,JM,Jamaica,AMRO,88,15241,3,342
29-01-2021,JM,Jamaica,AMRO,194,15435,2,344
30-01-2021,JM,Jamaica,AMRO,27,15462,1,345
31-01-2021,JM,Jamaica,AMRO,65,15527,3,348
01-02-2021,JM,Jamaica,AMRO,126,15653,2,350
02-02-2021,JM,Jamaica,AMRO,125,15778,2,352
03-02-2021,JM,Jamaica,AMRO,195,15973,1,353
04-02-2021,JM,Jamaica,AMRO,100,16073,2,355
05-02-2021,JM,Jamaica,AMRO,177,16250,0,355
06-02-2021,JM,Jamaica,AMRO,263,16513,2,357
07-02-2021,JM,Jamaica,AMRO,328,16841,0,357
08-02-2021,JM,Jamaica,AMRO,244,17085,1,358
09-02-2021,JM,Jamaica,AMRO,213,17298,0,358
10-02-2021,JM,Jamaica,AMRO,403,17701,1,359
11-02-2021,JM,Jamaica,AMRO,207,17908,3,362
12-02-2021,JM,Jamaica,AMRO,329,18237,1,363
13-02-2021,JM,Jamaica,AMRO,290,18527,5,368
14-02-2021,JM,Jamaica,AMRO,303,18830,4,372
15-02-2021,JM,Jamaica,AMRO,205,19035,2,374
16-02-2021,JM,Jamaica,AMRO,270,19305,4,378
17-02-2021,JM,Jamaica,AMRO,468,19773,0,378
18-02-2021,JM,Jamaica,AMRO,243,20016,3,381
19-02-2021,JM,Jamaica,AMRO,294,20310,3,384
20-02-2021,JM,Jamaica,AMRO,271,20581,7,391
21-02-2021,JM,Jamaica,AMRO,343,20924,0,391
22-02-2021,JM,Jamaica,AMRO,458,21382,5,396
23-02-2021,JM,Jamaica,AMRO,297,21679,3,399
24-02-2021,JM,Jamaica,AMRO,147,21826,6,405
25-02-2021,JM,Jamaica,AMRO,193,22019,1,406
26-02-2021,JM,Jamaica,AMRO,248,22267,4,410
27-02-2021,JM,Jamaica,AMRO,204,22471,3,413
28-02-2021,JM,Jamaica,AMRO,346,22817,4,417
01-03-2021,JM,Jamaica,AMRO,446,23263,5,422
02-03-2021,JM,Jamaica,AMRO,336,23599,3,425
03-03-2021,JM,Jamaica,AMRO,239,23838,7,432
04-03-2021,JM,Jamaica,AMRO,265,24103,3,435
05-03-2021,JM,Jamaica,AMRO,341,24444,1,436
06-03-2021,JM,Jamaica,AMRO,332,24776,7,443
07-03-2021,JM,Jamaica,AMRO,527,25303,3,446
08-03-2021,JM,Jamaica,AMRO,723,26026,7,453
09-03-2021,JM,Jamaica,AMRO,878,26904,1,454
10-03-2021,JM,Jamaica,AMRO,561,27465,6,460
11-03-2021,JM,Jamaica,AMRO,808,28273,3,463
12-03-2021,JM,Jamaica,AMRO,695,28968,12,475
13-03-2021,JM,Jamaica,AMRO,419,29387,5,480
14-03-2021,JM,Jamaica,AMRO,525,29912,4,484
15-03-2021,JM,Jamaica,AMRO,587,30499,1,485
16-03-2021,JM,Jamaica,AMRO,806,31305,7,492
17-03-2021,JM,Jamaica,AMRO,602,31907,2,494
18-03-2021,JM,Jamaica,AMRO,821,32728,13,507
19-03-2021,JM,Jamaica,AMRO,638,33366,4,511
20-03-2021,JM,Jamaica,AMRO,604,33970,8,519
21-03-2021,JM,Jamaica,AMRO,695,34665,5,524
22-03-2021,JM,Jamaica,AMRO,673,35338,9,533
23-03-2021,JM,Jamaica,AMRO,558,35896,3,536
24-03-2021,JM,Jamaica,AMRO,335,36231,6,542
25-03-2021,JM,Jamaica,AMRO,439,36670,3,545
26-03-2021,JM,Jamaica,AMRO,458,37128,1,546
27-03-2021,JM,Jamaica,AMRO,330,37458,11,557
28-03-2021,JM,Jamaica,AMRO,289,37747,9,566
29-03-2021,JM,Jamaica,AMRO,480,38227,4,570
30-03-2021,JM,Jamaica,AMRO,287,38514,16,586
31-03-2021,JM,Jamaica,AMRO,334,38848,1,587
01-04-2021,JM,Jamaica,AMRO,389,39237,9,596
02-04-2021,JM,Jamaica,AMRO,306,39543,3,599
03-04-2021,JM,Jamaica,AMRO,424,39967,8,607
04-04-2021,JM,Jamaica,AMRO,482,40449,6,613
05-04-2021,JM,Jamaica,AMRO,214,40663,2,615
06-04-2021,JM,Jamaica,AMRO,350,41013,3,618
07-04-2021,JM,Jamaica,AMRO,315,41328,4,622
08-04-2021,JM,Jamaica,AMRO,72,41400,9,631
09-04-2021,JM,Jamaica,AMRO,204,41604,15,646
10-04-2021,JM,Jamaica,AMRO,239,41843,15,661
11-04-2021,JM,Jamaica,AMRO,276,42119,8,669
12-04-2021,JM,Jamaica,AMRO,381,42500,3,672
13-04-2021,JM,Jamaica,AMRO,263,42763,4,676
14-04-2021,JM,Jamaica,AMRO,161,42924,6,682
15-04-2021,JM,Jamaica,AMRO,130,43054,10,692
16-04-2021,JM,Jamaica,AMRO,186,43240,5,697
17-04-2021,JM,Jamaica,AMRO,233,43473,16,713
18-04-2021,JM,Jamaica,AMRO,211,43684,8,721
19-04-2021,JM,Jamaica,AMRO,206,43890,2,723
20-04-2021,JM,Jamaica,AMRO,246,44136,4,727
21-04-2021,JM,Jamaica,AMRO,118,44254,11,738
22-04-2021,JM,Jamaica,AMRO,83,44337,6,744
23-04-2021,JM,Jamaica,AMRO,165,44502,7,751
24-04-2021,JM,Jamaica,AMRO,140,44642,1,752
25-04-2021,JM,Jamaica,AMRO,225,44867,4,756
26-04-2021,JM,Jamaica,AMRO,137,45004,4,760
27-04-2021,JM,Jamaica,AMRO,141,45145,1,761
28-04-2021,JM,Jamaica,AMRO,67,45212,6,767
29-04-2021,JM,Jamaica,AMRO,80,45292,3,770
30-04-2021,JM,Jamaica,AMRO,122,45414,0,770
01-05-2021,JM,Jamaica,AMRO,164,45578,8,778
02-05-2021,JM,Jamaica,AMRO,199,45777,1,779
03-05-2021,JM,Jamaica,AMRO,90,45867,5,784
04-05-2021,JM,Jamaica,AMRO,172,46039,6,790
05-05-2021,JM,Jamaica,AMRO,48,46087,3,793
06-05-2021,JM,Jamaica,AMRO,107,46194,1,794
07-05-2021,JM,Jamaica,AMRO,144,46338,4,798
08-05-2021,JM,Jamaica,AMRO,90,46428,3,801
09-05-2021,JM,Jamaica,AMRO,160,46588,2,803
10-05-2021,JM,Jamaica,AMRO,120,46708,3,806
11-05-2021,JM,Jamaica,AMRO,74,46782,3,809
12-05-2021,JM,Jamaica,AMRO,39,46821,5,814
13-05-2021,JM,Jamaica,AMRO,101,46922,6,820
14-05-2021,JM,Jamaica,AMRO,98,47020,14,834
15-05-2021,JM,Jamaica,AMRO,130,47150,4,838
16-05-2021,JM,Jamaica,AMRO,83,47233,5,843
17-05-2021,JM,Jamaica,AMRO,86,47319,17,860
18-05-2021,JM,Jamaica,AMRO,77,47396,3,863
19-05-2021,JM,Jamaica,AMRO,83,47479,15,878
20-05-2021,JM,Jamaica,AMRO,93,47572,14,892
21-05-2021,JM,Jamaica,AMRO,100,47672,10,902
22-05-2021,JM,Jamaica,AMRO,104,47776,2,904
23-05-2021,JM,Jamaica,AMRO,123,47899,8,912
24-05-2021,JM,Jamaica,AMRO,60,47959,5,917
25-05-2021,JM,Jamaica,AMRO,95,48054,8,925
26-05-2021,JM,Jamaica,AMRO,27,48081,6,931
27-05-2021,JM,Jamaica,AMRO,20,48101,3,934
28-05-2021,JM,Jamaica,AMRO,79,48180,1,935
29-05-2021,JM,Jamaica,AMRO,108,48288,1,936
30-05-2021,JM,Jamaica,AMRO,86,48374,6,942
01-01-2021,JP,Japan,WPRO,4091,234395,46,3460
02-01-2021,JP,Japan,WPRO,3617,238012,54,3514
03-01-2021,JP,Japan,WPRO,2942,240954,34,3548
04-01-2021,JP,Japan,WPRO,2893,243847,51,3599
05-01-2021,JP,Japan,WPRO,4113,247960,56,3655
06-01-2021,JP,Japan,WPRO,4357,252317,64,3719
07-01-2021,JP,Japan,WPRO,6076,258393,72,3791
08-01-2021,JP,Japan,WPRO,6906,265299,66,3857
09-01-2021,JP,Japan,WPRO,7855,273154,75,3932
10-01-2021,JP,Japan,WPRO,7621,280775,64,3996
11-01-2021,JP,Japan,WPRO,5977,286752,48,4044
12-01-2021,JP,Japan,WPRO,5460,292212,50,4094
13-01-2021,JP,Japan,WPRO,5103,297315,51,4145
14-01-2021,JP,Japan,WPRO,5308,302623,88,4233
15-01-2021,JP,Japan,WPRO,6591,309214,82,4315
16-01-2021,JP,Japan,WPRO,6696,315910,65,4380
17-01-2021,JP,Japan,WPRO,6386,322296,66,4446
18-01-2021,JP,Japan,WPRO,5998,328294,55,4501
19-01-2021,JP,Japan,WPRO,6034,334328,47,4548
20-01-2021,JP,Japan,WPRO,5446,339774,99,4647
21-01-2021,JP,Japan,WPRO,5447,345221,96,4743
22-01-2021,JP,Japan,WPRO,5799,351020,87,4830
23-01-2021,JP,Japan,WPRO,5054,356074,105,4935
24-01-2021,JP,Japan,WPRO,4587,360661,84,5019
25-01-2021,JP,Japan,WPRO,4152,364813,65,5084
26-01-2021,JP,Japan,WPRO,3330,368143,74,5158
27-01-2021,JP,Japan,WPRO,3537,371680,94,5252
28-01-2021,JP,Japan,WPRO,3927,375607,109,5361
29-01-2021,JP,Japan,WPRO,3909,379516,91,5452
30-01-2021,JP,Japan,WPRO,3567,383083,94,5546
31-01-2021,JP,Japan,WPRO,3659,386742,108,5654
01-02-2021,JP,Japan,WPRO,2776,389518,68,5722
02-02-2021,JP,Japan,WPRO,2108,391626,72,5794
03-02-2021,JP,Japan,WPRO,2210,393836,118,5912
04-02-2021,JP,Japan,WPRO,2593,396429,108,6020
05-02-2021,JP,Japan,WPRO,2619,399048,115,6135
06-02-2021,JP,Japan,WPRO,2307,401355,108,6243
07-02-2021,JP,Japan,WPRO,2080,403435,95,6338
08-02-2021,JP,Japan,WPRO,1555,404990,57,6395
09-02-2021,JP,Japan,WPRO,1776,406766,81,6476
10-02-2021,JP,Japan,WPRO,1420,408186,81,6557
11-02-2021,JP,Japan,WPRO,1826,410012,121,6678
12-02-2021,JP,Japan,WPRO,1739,411751,96,6774
13-02-2021,JP,Japan,WPRO,1403,413154,75,6849
14-02-2021,JP,Japan,WPRO,1318,414472,63,6912
15-02-2021,JP,Japan,WPRO,1310,415782,40,6952
16-02-2021,JP,Japan,WPRO,1983,417765,63,7015
17-02-2021,JP,Japan,WPRO,1250,419015,87,7102
18-02-2021,JP,Japan,WPRO,1393,420408,94,7196
19-02-2021,JP,Japan,WPRO,1559,421967,78,7274
20-02-2021,JP,Japan,WPRO,1344,423311,59,7333
21-02-2021,JP,Japan,WPRO,1196,424507,84,7417
22-02-2021,JP,Japan,WPRO,1090,425597,57,7474
23-02-2021,JP,Japan,WPRO,859,426456,55,7529
24-02-2021,JP,Japan,WPRO,1011,427467,55,7584
25-02-2021,JP,Japan,WPRO,1086,428553,63,7647
26-02-2021,JP,Japan,WPRO,919,429472,75,7722
27-02-2021,JP,Japan,WPRO,1067,430539,85,7807
28-02-2021,JP,Japan,WPRO,1201,431740,53,7860
01-03-2021,JP,Japan,WPRO,1033,432773,27,7887
02-03-2021,JP,Japan,WPRO,731,433504,46,7933
03-03-2021,JP,Japan,WPRO,852,434356,51,7984
04-03-2021,JP,Japan,WPRO,1192,435548,68,8052
05-03-2021,JP,Japan,WPRO,1180,436728,67,8119
06-03-2021,JP,Japan,WPRO,1164,437892,59,8178
07-03-2021,JP,Japan,WPRO,1064,438956,49,8227
08-03-2021,JP,Japan,WPRO,1036,439992,26,8253
09-03-2021,JP,Japan,WPRO,679,440671,46,8299
10-03-2021,JP,Japan,WPRO,1058,441729,54,8353
11-03-2021,JP,Japan,WPRO,1272,443001,49,8402
12-03-2021,JP,Japan,WPRO,1288,444289,49,8451
13-03-2021,JP,Japan,WPRO,1296,445585,58,8509
14-03-2021,JP,Japan,WPRO,1288,446873,51,8560
15-03-2021,JP,Japan,WPRO,1033,447906,30,8590
16-03-2021,JP,Japan,WPRO,782,448688,32,8622
17-03-2021,JP,Japan,WPRO,1025,449713,56,8678
18-03-2021,JP,Japan,WPRO,1473,451186,39,8717
19-03-2021,JP,Japan,WPRO,1516,452702,41,8758
20-03-2021,JP,Japan,WPRO,1456,454158,32,8790
21-03-2021,JP,Japan,WPRO,1480,455638,22,8812
22-03-2021,JP,Japan,WPRO,1143,456781,23,8835
23-03-2021,JP,Japan,WPRO,973,457754,26,8861
24-03-2021,JP,Japan,WPRO,1289,459043,47,8908
25-03-2021,JP,Japan,WPRO,1854,460897,30,8938
26-03-2021,JP,Japan,WPRO,1943,462840,29,8967
27-03-2021,JP,Japan,WPRO,2026,464866,31,8998
28-03-2021,JP,Japan,WPRO,1983,466849,33,9031
29-03-2021,JP,Japan,WPRO,1765,468614,30,9061
30-03-2021,JP,Japan,WPRO,1561,470175,25,9086
31-03-2021,JP,Japan,WPRO,1937,472112,27,9113
01-04-2021,JP,Japan,WPRO,2661,474773,49,9162
02-04-2021,JP,Japan,WPRO,2685,477458,23,9185
03-04-2021,JP,Japan,WPRO,2707,480165,28,9213
04-04-2021,JP,Japan,WPRO,2702,482867,8,9221
05-04-2021,JP,Japan,WPRO,2458,485325,10,9231
06-04-2021,JP,Japan,WPRO,2220,487545,18,9249
07-04-2021,JP,Japan,WPRO,2031,489576,30,9279
08-04-2021,JP,Japan,WPRO,3299,492875,22,9301
09-04-2021,JP,Japan,WPRO,3331,496206,33,9334
10-04-2021,JP,Japan,WPRO,3587,499793,19,9353
11-04-2021,JP,Japan,WPRO,3610,503403,29,9382
12-04-2021,JP,Japan,WPRO,2883,506286,18,9400
13-04-2021,JP,Japan,WPRO,2516,508802,25,9425
14-04-2021,JP,Japan,WPRO,3367,512169,44,9469
15-04-2021,JP,Japan,WPRO,3952,516121,31,9500
16-04-2021,JP,Japan,WPRO,4624,520745,38,9538
17-04-2021,JP,Japan,WPRO,4473,525218,46,9584
18-04-2021,JP,Japan,WPRO,4611,529829,38,9622
19-04-2021,JP,Japan,WPRO,4223,534052,19,9641
20-04-2021,JP,Japan,WPRO,3265,537317,30,9671
21-04-2021,JP,Japan,WPRO,4179,541496,39,9710
22-04-2021,JP,Japan,WPRO,4929,546425,54,9764
23-04-2021,JP,Japan,WPRO,5473,551898,36,9800
24-04-2021,JP,Japan,WPRO,5101,556999,54,9854
25-04-2021,JP,Japan,WPRO,5142,562141,59,9913
26-04-2021,JP,Japan,WPRO,4722,566863,59,9972
27-04-2021,JP,Japan,WPRO,4177,571040,32,10004
28-04-2021,JP,Japan,WPRO,4523,575563,51,10055
29-04-2021,JP,Japan,WPRO,5425,580988,52,10107
30-04-2021,JP,Japan,WPRO,5794,586782,87,10194
01-05-2021,JP,Japan,WPRO,4820,591602,35,10229
02-05-2021,JP,Japan,WPRO,5623,597225,67,10296
03-05-2021,JP,Japan,WPRO,5637,602862,65,10361
04-05-2021,JP,Japan,WPRO,4764,607626,59,10420
05-05-2021,JP,Japan,WPRO,4734,612360,50,10470
06-05-2021,JP,Japan,WPRO,3763,616123,47,10517
07-05-2021,JP,Japan,WPRO,4871,620994,72,10589
08-05-2021,JP,Japan,WPRO,5528,626522,113,10702
09-05-2021,JP,Japan,WPRO,6505,633027,121,10823
10-05-2021,JP,Japan,WPRO,7017,640044,53,10876
11-05-2021,JP,Japan,WPRO,5773,645817,65,10941
12-05-2021,JP,Japan,WPRO,5885,651702,123,11064
13-05-2021,JP,Japan,WPRO,6927,658629,101,11165
14-05-2021,JP,Japan,WPRO,6918,665547,90,11255
15-05-2021,JP,Japan,WPRO,6294,671841,110,11365
16-05-2021,JP,Japan,WPRO,6147,677988,98,11463
17-05-2021,JP,Japan,WPRO,5187,683175,45,11508
18-05-2021,JP,Japan,WPRO,4650,687825,83,11591
19-05-2021,JP,Japan,WPRO,4877,692702,260,11851
20-05-2021,JP,Japan,WPRO,5552,698254,89,11940
21-05-2021,JP,Japan,WPRO,5905,704159,106,12046
22-05-2021,JP,Japan,WPRO,5368,709527,106,12152
23-05-2021,JP,Japan,WPRO,4747,714274,84,12236
24-05-2021,JP,Japan,WPRO,4590,718864,76,12312
25-05-2021,JP,Japan,WPRO,3048,721912,86,12398
26-05-2021,JP,Japan,WPRO,3624,725536,99,12497
27-05-2021,JP,Japan,WPRO,4317,729853,104,12601
28-05-2021,JP,Japan,WPRO,4034,733887,113,12714
29-05-2021,JP,Japan,WPRO,4148,738035,105,12819
30-05-2021,JP,Japan,WPRO,3639,741674,101,12920
01-01-2021,JE,Jersey,EURO,19,2726,1,42
02-01-2021,JE,Jersey,EURO,34,2760,2,44
03-01-2021,JE,Jersey,EURO,0,2760,0,44
04-01-2021,JE,Jersey,EURO,0,2760,0,44
05-01-2021,JE,Jersey,EURO,61,2821,0,44
06-01-2021,JE,Jersey,EURO,21,2842,3,47
07-01-2021,JE,Jersey,EURO,21,2863,4,51
08-01-2021,JE,Jersey,EURO,29,2892,2,53
09-01-2021,JE,Jersey,EURO,16,2908,3,56
10-01-2021,JE,Jersey,EURO,13,2921,1,57
11-01-2021,JE,Jersey,EURO,37,2958,0,57
12-01-2021,JE,Jersey,EURO,14,2972,0,57
13-01-2021,JE,Jersey,EURO,21,2993,2,59
14-01-2021,JE,Jersey,EURO,10,3003,0,59
15-01-2021,JE,Jersey,EURO,13,3016,1,60
16-01-2021,JE,Jersey,EURO,13,3029,0,60
17-01-2021,JE,Jersey,EURO,15,3044,2,62
18-01-2021,JE,Jersey,EURO,3,3047,0,62
19-01-2021,JE,Jersey,EURO,7,3054,0,62
20-01-2021,JE,Jersey,EURO,7,3061,0,62
21-01-2021,JE,Jersey,EURO,16,3077,0,62
22-01-2021,JE,Jersey,EURO,11,3088,0,62
23-01-2021,JE,Jersey,EURO,9,3097,0,62
24-01-2021,JE,Jersey,EURO,7,3104,1,63
25-01-2021,JE,Jersey,EURO,12,3116,0,63
26-01-2021,JE,Jersey,EURO,6,3122,0,63
27-01-2021,JE,Jersey,EURO,5,3127,0,63
28-01-2021,JE,Jersey,EURO,3,3130,0,63
29-01-2021,JE,Jersey,EURO,4,3134,1,64
30-01-2021,JE,Jersey,EURO,6,3140,1,65
31-01-2021,JE,Jersey,EURO,3,3143,1,66
01-02-2021,JE,Jersey,EURO,3,3146,0,66
02-02-2021,JE,Jersey,EURO,6,3152,0,66
03-02-2021,JE,Jersey,EURO,2,3154,0,66
04-02-2021,JE,Jersey,EURO,7,3161,1,67
05-02-2021,JE,Jersey,EURO,4,3165,0,67
06-02-2021,JE,Jersey,EURO,6,3171,0,67
07-02-2021,JE,Jersey,EURO,2,3173,0,67
08-02-2021,JE,Jersey,EURO,1,3174,0,67
09-02-2021,JE,Jersey,EURO,2,3176,0,67
10-02-2021,JE,Jersey,EURO,1,3177,0,67
11-02-2021,JE,Jersey,EURO,10,3187,0,67
12-02-2021,JE,Jersey,EURO,3,3190,0,67
13-02-2021,JE,Jersey,EURO,1,3191,0,67
14-02-2021,JE,Jersey,EURO,7,3198,0,67
15-02-2021,JE,Jersey,EURO,2,3200,0,67
16-02-2021,JE,Jersey,EURO,2,3202,0,67
17-02-2021,JE,Jersey,EURO,1,3203,1,68
18-02-2021,JE,Jersey,EURO,2,3205,0,68
19-02-2021,JE,Jersey,EURO,2,3207,0,68
20-02-2021,JE,Jersey,EURO,1,3208,0,68
21-02-2021,JE,Jersey,EURO,5,3213,0,68
22-02-2021,JE,Jersey,EURO,0,3213,0,68
23-02-2021,JE,Jersey,EURO,0,3213,0,68
24-02-2021,JE,Jersey,EURO,0,3213,0,68
25-02-2021,JE,Jersey,EURO,0,3213,0,68
26-02-2021,JE,Jersey,EURO,0,3213,1,69
27-02-2021,JE,Jersey,EURO,1,3214,0,69
28-02-2021,JE,Jersey,EURO,1,3215,0,69
01-03-2021,JE,Jersey,EURO,1,3216,0,69
02-03-2021,JE,Jersey,EURO,1,3217,0,69
03-03-2021,JE,Jersey,EURO,0,3217,0,69
04-03-2021,JE,Jersey,EURO,1,3218,0,69
05-03-2021,JE,Jersey,EURO,1,3219,0,69
06-03-2021,JE,Jersey,EURO,1,3220,0,69
07-03-2021,JE,Jersey,EURO,0,3220,0,69
08-03-2021,JE,Jersey,EURO,0,3220,0,69
09-03-2021,JE,Jersey,EURO,0,3220,0,69
10-03-2021,JE,Jersey,EURO,0,3220,0,69
11-03-2021,JE,Jersey,EURO,2,3222,0,69
12-03-2021,JE,Jersey,EURO,0,3222,0,69
13-03-2021,JE,Jersey,EURO,0,3222,0,69
14-03-2021,JE,Jersey,EURO,0,3222,0,69
15-03-2021,JE,Jersey,EURO,0,3222,0,69
16-03-2021,JE,Jersey,EURO,0,3222,0,69
17-03-2021,JE,Jersey,EURO,1,3223,0,69
18-03-2021,JE,Jersey,EURO,1,3224,0,69
19-03-2021,JE,Jersey,EURO,0,3224,0,69
20-03-2021,JE,Jersey,EURO,0,3224,0,69
21-03-2021,JE,Jersey,EURO,0,3224,0,69
22-03-2021,JE,Jersey,EURO,0,3224,0,69
23-03-2021,JE,Jersey,EURO,0,3224,0,69
24-03-2021,JE,Jersey,EURO,0,3224,0,69
25-03-2021,JE,Jersey,EURO,1,3225,0,69
26-03-2021,JE,Jersey,EURO,0,3225,0,69
27-03-2021,JE,Jersey,EURO,0,3225,0,69
28-03-2021,JE,Jersey,EURO,0,3225,0,69
29-03-2021,JE,Jersey,EURO,0,3225,0,69
30-03-2021,JE,Jersey,EURO,0,3225,0,69
31-03-2021,JE,Jersey,EURO,2,3227,0,69
01-04-2021,JE,Jersey,EURO,1,3228,0,69
02-04-2021,JE,Jersey,EURO,0,3228,0,69
03-04-2021,JE,Jersey,EURO,1,3229,0,69
04-04-2021,JE,Jersey,EURO,0,3229,0,69
05-04-2021,JE,Jersey,EURO,0,3229,0,69
06-04-2021,JE,Jersey,EURO,0,3229,0,69
07-04-2021,JE,Jersey,EURO,0,3229,0,69
08-04-2021,JE,Jersey,EURO,1,3230,0,69
09-04-2021,JE,Jersey,EURO,0,3230,0,69
10-04-2021,JE,Jersey,EURO,0,3230,0,69
11-04-2021,JE,Jersey,EURO,0,3230,0,69
12-04-2021,JE,Jersey,EURO,0,3230,0,69
13-04-2021,JE,Jersey,EURO,0,3230,0,69
14-04-2021,JE,Jersey,EURO,1,3231,0,69
15-04-2021,JE,Jersey,EURO,1,3232,0,69
16-04-2021,JE,Jersey,EURO,0,3232,0,69
17-04-2021,JE,Jersey,EURO,0,3232,0,69
18-04-2021,JE,Jersey,EURO,0,3232,0,69
19-04-2021,JE,Jersey,EURO,0,3232,0,69
20-04-2021,JE,Jersey,EURO,0,3232,0,69
21-04-2021,JE,Jersey,EURO,1,3233,0,69
22-04-2021,JE,Jersey,EURO,0,3233,0,69
23-04-2021,JE,Jersey,EURO,0,3233,0,69
24-04-2021,JE,Jersey,EURO,0,3233,0,69
25-04-2021,JE,Jersey,EURO,0,3233,0,69
26-04-2021,JE,Jersey,EURO,0,3233,0,69
27-04-2021,JE,Jersey,EURO,0,3233,0,69
28-04-2021,JE,Jersey,EURO,0,3233,0,69
29-04-2021,JE,Jersey,EURO,0,3233,0,69
30-04-2021,JE,Jersey,EURO,0,3233,0,69
01-05-2021,JE,Jersey,EURO,1,3234,0,69
02-05-2021,JE,Jersey,EURO,0,3234,0,69
03-05-2021,JE,Jersey,EURO,0,3234,0,69
04-05-2021,JE,Jersey,EURO,0,3234,0,69
05-05-2021,JE,Jersey,EURO,0,3234,0,69
06-05-2021,JE,Jersey,EURO,0,3234,0,69
07-05-2021,JE,Jersey,EURO,0,3234,0,69
08-05-2021,JE,Jersey,EURO,0,3234,0,69
09-05-2021,JE,Jersey,EURO,0,3234,0,69
10-05-2021,JE,Jersey,EURO,0,3234,0,69
11-05-2021,JE,Jersey,EURO,0,3234,0,69
12-05-2021,JE,Jersey,EURO,1,3235,0,69
13-05-2021,JE,Jersey,EURO,1,3236,0,69
14-05-2021,JE,Jersey,EURO,0,3236,0,69
15-05-2021,JE,Jersey,EURO,0,3236,0,69
16-05-2021,JE,Jersey,EURO,0,3236,0,69
17-05-2021,JE,Jersey,EURO,0,3236,0,69
18-05-2021,JE,Jersey,EURO,0,3236,0,69
19-05-2021,JE,Jersey,EURO,1,3237,0,69
20-05-2021,JE,Jersey,EURO,0,3237,0,69
21-05-2021,JE,Jersey,EURO,0,3237,0,69
22-05-2021,JE,Jersey,EURO,1,3238,0,69
23-05-2021,JE,Jersey,EURO,0,3238,0,69
24-05-2021,JE,Jersey,EURO,0,3238,0,69
25-05-2021,JE,Jersey,EURO,0,3238,0,69
26-05-2021,JE,Jersey,EURO,5,3243,0,69
27-05-2021,JE,Jersey,EURO,0,3243,0,69
28-05-2021,JE,Jersey,EURO,0,3243,0,69
29-05-2021,JE,Jersey,EURO,0,3243,0,69
30-05-2021,JE,Jersey,EURO,0,3243,0,69
01-01-2021,JO,Jordan,EMRO,1427,294494,19,3834
02-01-2021,JO,Jordan,EMRO,1271,295765,17,3851
03-01-2021,JO,Jordan,EMRO,903,296668,26,3877
04-01-2021,JO,Jordan,EMRO,1540,298208,26,3903
05-01-2021,JO,Jordan,EMRO,1623,299831,16,3919
06-01-2021,JO,Jordan,EMRO,1472,301303,21,3940
07-01-2021,JO,Jordan,EMRO,1553,302856,15,3955
08-01-2021,JO,Jordan,EMRO,1215,304071,13,3968
09-01-2021,JO,Jordan,EMRO,1092,305163,21,3989
10-01-2021,JO,Jordan,EMRO,796,305959,20,4009
11-01-2021,JO,Jordan,EMRO,1250,307209,15,4024
12-01-2021,JO,Jordan,EMRO,1461,308670,19,4043
13-01-2021,JO,Jordan,EMRO,1176,309846,33,4076
14-01-2021,JO,Jordan,EMRO,1122,310968,15,4091
15-01-2021,JO,Jordan,EMRO,1075,312043,16,4107
16-01-2021,JO,Jordan,EMRO,808,312851,14,4121
17-01-2021,JO,Jordan,EMRO,706,313557,16,4137
18-01-2021,JO,Jordan,EMRO,957,314514,8,4145
19-01-2021,JO,Jordan,EMRO,1030,315544,8,4153
20-01-2021,JO,Jordan,EMRO,883,316427,17,4170
21-01-2021,JO,Jordan,EMRO,978,317405,17,4187
22-01-2021,JO,Jordan,EMRO,776,318181,11,4198
23-01-2021,JO,Jordan,EMRO,730,318911,9,4207
24-01-2021,JO,Jordan,EMRO,608,319519,10,4217
25-01-2021,JO,Jordan,EMRO,934,320453,7,4224
26-01-2021,JO,Jordan,EMRO,845,321298,15,4239
27-01-2021,JO,Jordan,EMRO,943,322241,9,4248
28-01-2021,JO,Jordan,EMRO,870,323111,14,4262
29-01-2021,JO,Jordan,EMRO,1058,324169,7,4269
30-01-2021,JO,Jordan,EMRO,864,325033,12,4281
31-01-2021,JO,Jordan,EMRO,641,325674,23,4304
01-02-2021,JO,Jordan,EMRO,1181,326855,12,4316
02-02-2021,JO,Jordan,EMRO,1207,328062,10,4326
03-02-2021,JO,Jordan,EMRO,1132,329194,8,4334
04-02-2021,JO,Jordan,EMRO,1280,330474,10,4344
05-02-2021,JO,Jordan,EMRO,1294,331768,10,4354
06-02-2021,JO,Jordan,EMRO,1222,332990,8,4362
07-02-2021,JO,Jordan,EMRO,865,333855,7,4369
08-02-2021,JO,Jordan,EMRO,1299,335154,10,4379
09-02-2021,JO,Jordan,EMRO,1685,336839,6,4385
10-02-2021,JO,Jordan,EMRO,1483,338322,10,4395
11-02-2021,JO,Jordan,EMRO,1855,340177,16,4411
12-02-2021,JO,Jordan,EMRO,1807,341984,10,4421
13-02-2021,JO,Jordan,EMRO,1579,343563,12,4433
14-02-2021,JO,Jordan,EMRO,1240,344803,11,4444
15-02-2021,JO,Jordan,EMRO,2447,347250,11,4455
16-02-2021,JO,Jordan,EMRO,2312,349562,18,4473
17-02-2021,JO,Jordan,EMRO,2657,352219,18,4491
18-02-2021,JO,Jordan,EMRO,2887,355106,12,4503
19-02-2021,JO,Jordan,EMRO,1638,356744,9,4512
20-02-2021,JO,Jordan,EMRO,867,357611,16,4528
21-02-2021,JO,Jordan,EMRO,2200,359811,15,4543
22-02-2021,JO,Jordan,EMRO,3917,363728,11,4554
23-02-2021,JO,Jordan,EMRO,4550,368278,16,4570
24-02-2021,JO,Jordan,EMRO,4139,372417,19,4589
25-02-2021,JO,Jordan,EMRO,4024,376441,22,4611
26-02-2021,JO,Jordan,EMRO,3827,380268,16,4627
27-02-2021,JO,Jordan,EMRO,3644,383912,23,4650
28-02-2021,JO,Jordan,EMRO,2584,386496,25,4675
01-03-2021,JO,Jordan,EMRO,4594,391090,26,4701
02-03-2021,JO,Jordan,EMRO,6068,397158,26,4727
03-03-2021,JO,Jordan,EMRO,5124,402282,29,4756
04-03-2021,JO,Jordan,EMRO,5335,407617,37,4793
05-03-2021,JO,Jordan,EMRO,5733,413350,40,4833
06-03-2021,JO,Jordan,EMRO,4584,417934,29,4862
07-03-2021,JO,Jordan,EMRO,3481,421415,38,4900
08-03-2021,JO,Jordan,EMRO,6302,427717,35,4935
09-03-2021,JO,Jordan,EMRO,7413,435130,52,4987
10-03-2021,JO,Jordan,EMRO,7072,442202,59,5046
11-03-2021,JO,Jordan,EMRO,6649,448851,60,5106
12-03-2021,JO,Jordan,EMRO,8300,457151,63,5169
13-03-2021,JO,Jordan,EMRO,7705,464856,55,5224
14-03-2021,JO,Jordan,EMRO,4144,469000,61,5285
15-03-2021,JO,Jordan,EMRO,8053,477053,61,5346
16-03-2021,JO,Jordan,EMRO,9417,486470,82,5428
17-03-2021,JO,Jordan,EMRO,8910,495380,69,5497
18-03-2021,JO,Jordan,EMRO,9535,504915,56,5553
19-03-2021,JO,Jordan,EMRO,9192,514107,74,5627
20-03-2021,JO,Jordan,EMRO,7354,521461,74,5701
21-03-2021,JO,Jordan,EMRO,5205,526666,87,5788
22-03-2021,JO,Jordan,EMRO,8789,535455,88,5876
23-03-2021,JO,Jordan,EMRO,9269,544724,109,5985
24-03-2021,JO,Jordan,EMRO,9003,553727,92,6077
25-03-2021,JO,Jordan,EMRO,9130,562857,104,6181
26-03-2021,JO,Jordan,EMRO,8433,571290,96,6277
27-03-2021,JO,Jordan,EMRO,6444,577734,97,6374
28-03-2021,JO,Jordan,EMRO,4399,582133,98,6472
29-03-2021,JO,Jordan,EMRO,7183,589316,82,6554
30-03-2021,JO,Jordan,EMRO,7940,597256,97,6651
31-03-2021,JO,Jordan,EMRO,7751,605007,96,6747
01-04-2021,JO,Jordan,EMRO,6570,611577,111,6858
02-04-2021,JO,Jordan,EMRO,6482,618059,82,6940
03-04-2021,JO,Jordan,EMRO,4774,622833,99,7039
04-04-2021,JO,Jordan,EMRO,4042,626875,91,7130
05-04-2021,JO,Jordan,EMRO,6032,632907,71,7201
06-04-2021,JO,Jordan,EMRO,6537,639444,82,7283
07-04-2021,JO,Jordan,EMRO,6005,645449,100,7383
08-04-2021,JO,Jordan,EMRO,5232,650681,86,7469
09-04-2021,JO,Jordan,EMRO,4775,655456,96,7565
10-04-2021,JO,Jordan,EMRO,3794,659250,81,7646
11-04-2021,JO,Jordan,EMRO,3145,662395,62,7708
12-04-2021,JO,Jordan,EMRO,3340,665735,65,7773
13-04-2021,JO,Jordan,EMRO,3565,669300,82,7855
14-04-2021,JO,Jordan,EMRO,2790,672090,82,7937
15-04-2021,JO,Jordan,EMRO,4085,676175,50,7987
16-04-2021,JO,Jordan,EMRO,2963,679138,70,8057
17-04-2021,JO,Jordan,EMRO,2732,681870,60,8117
18-04-2021,JO,Jordan,EMRO,1596,683466,61,8178
19-04-2021,JO,Jordan,EMRO,2507,685973,68,8246
20-04-2021,JO,Jordan,EMRO,3509,689482,62,8308
21-04-2021,JO,Jordan,EMRO,2699,692181,64,8372
22-04-2021,JO,Jordan,EMRO,3209,695390,57,8429
23-04-2021,JO,Jordan,EMRO,2097,697487,45,8474
24-04-2021,JO,Jordan,EMRO,1677,699164,40,8514
25-04-2021,JO,Jordan,EMRO,1259,700423,49,8563
26-04-2021,JO,Jordan,EMRO,1731,702154,52,8615
27-04-2021,JO,Jordan,EMRO,2386,704540,45,8660
28-04-2021,JO,Jordan,EMRO,1815,706355,47,8707
29-04-2021,JO,Jordan,EMRO,1910,708265,47,8754
30-04-2021,JO,Jordan,EMRO,1552,709817,47,8801
01-05-2021,JO,Jordan,EMRO,1556,711373,35,8836
02-05-2021,JO,Jordan,EMRO,704,712077,35,8871
03-05-2021,JO,Jordan,EMRO,824,712901,26,8897
04-05-2021,JO,Jordan,EMRO,1272,714173,28,8925
05-05-2021,JO,Jordan,EMRO,1530,715703,30,8955
06-05-2021,JO,Jordan,EMRO,1220,716923,33,8988
07-05-2021,JO,Jordan,EMRO,1007,717930,26,9014
08-05-2021,JO,Jordan,EMRO,702,718632,33,9047
09-05-2021,JO,Jordan,EMRO,601,719233,29,9076
10-05-2021,JO,Jordan,EMRO,743,719976,16,9092
11-05-2021,JO,Jordan,EMRO,1022,720998,33,9125
12-05-2021,JO,Jordan,EMRO,855,721853,26,9151
13-05-2021,JO,Jordan,EMRO,483,722336,29,9180
14-05-2021,JO,Jordan,EMRO,418,722754,23,9203
15-05-2021,JO,Jordan,EMRO,315,723069,21,9224
16-05-2021,JO,Jordan,EMRO,276,723345,19,9243
17-05-2021,JO,Jordan,EMRO,809,724154,16,9259
18-05-2021,JO,Jordan,EMRO,1104,725258,17,9276
19-05-2021,JO,Jordan,EMRO,1174,726432,19,9295
20-05-2021,JO,Jordan,EMRO,1180,727612,19,9314
21-05-2021,JO,Jordan,EMRO,937,728549,14,9328
22-05-2021,JO,Jordan,EMRO,636,729185,14,9342
23-05-2021,JO,Jordan,EMRO,521,729706,15,9357
24-05-2021,JO,Jordan,EMRO,840,730546,11,9368
25-05-2021,JO,Jordan,EMRO,890,731436,16,9384
26-05-2021,JO,Jordan,EMRO,920,732356,11,9395
27-05-2021,JO,Jordan,EMRO,842,733198,12,9407
28-05-2021,JO,Jordan,EMRO,841,734039,16,9423
29-05-2021,JO,Jordan,EMRO,620,734659,13,9436
30-05-2021,JO,Jordan,EMRO,480,735139,7,9443
01-01-2021,KZ,Kazakhstan,EURO,846,202159,0,2749
02-01-2021,KZ,Kazakhstan,EURO,721,202880,0,2749
03-01-2021,KZ,Kazakhstan,EURO,683,203563,96,2845
04-01-2021,KZ,Kazakhstan,EURO,730,204293,0,2845
05-01-2021,KZ,Kazakhstan,EURO,771,205064,0,2845
06-01-2021,KZ,Kazakhstan,EURO,869,205933,0,2845
07-01-2021,KZ,Kazakhstan,EURO,907,206840,0,2845
08-01-2021,KZ,Kazakhstan,EURO,871,207711,0,2845
09-01-2021,KZ,Kazakhstan,EURO,885,208596,0,2845
10-01-2021,KZ,Kazakhstan,EURO,773,209369,40,2885
11-01-2021,KZ,Kazakhstan,EURO,717,210086,0,2885
12-01-2021,KZ,Kazakhstan,EURO,890,210976,0,2885
13-01-2021,KZ,Kazakhstan,EURO,925,211901,0,2885
14-01-2021,KZ,Kazakhstan,EURO,911,212812,0,2885
15-01-2021,KZ,Kazakhstan,EURO,1043,213855,0,2885
16-01-2021,KZ,Kazakhstan,EURO,1072,214927,0,2885
17-01-2021,KZ,Kazakhstan,EURO,1020,215947,71,2956
18-01-2021,KZ,Kazakhstan,EURO,1017,216964,0,2956
19-01-2021,KZ,Kazakhstan,EURO,1252,218216,0,2956
20-01-2021,KZ,Kazakhstan,EURO,1311,219527,0,2956
21-01-2021,KZ,Kazakhstan,EURO,1526,221053,0,2956
22-01-2021,KZ,Kazakhstan,EURO,1648,222701,0,2956
23-01-2021,KZ,Kazakhstan,EURO,1694,224395,0,2956
24-01-2021,KZ,Kazakhstan,EURO,1496,225891,79,3035
25-01-2021,KZ,Kazakhstan,EURO,1274,227165,0,3035
26-01-2021,KZ,Kazakhstan,EURO,1527,228692,0,3035
27-01-2021,KZ,Kazakhstan,EURO,1496,230188,0,3035
28-01-2021,KZ,Kazakhstan,EURO,1528,231716,0,3035
29-01-2021,KZ,Kazakhstan,EURO,1440,233156,0,3035
30-01-2021,KZ,Kazakhstan,EURO,1413,234569,0,3035
31-01-2021,KZ,Kazakhstan,EURO,1275,235844,91,3126
01-02-2021,KZ,Kazakhstan,EURO,1185,237029,0,3126
02-02-2021,KZ,Kazakhstan,EURO,1335,238364,0,3126
03-02-2021,KZ,Kazakhstan,EURO,1362,239726,0,3126
04-02-2021,KZ,Kazakhstan,EURO,1257,240983,0,3126
05-02-2021,KZ,Kazakhstan,EURO,1209,242192,0,3126
06-02-2021,KZ,Kazakhstan,EURO,1215,243407,0,3126
07-02-2021,KZ,Kazakhstan,EURO,1021,244428,59,3185
08-02-2021,KZ,Kazakhstan,EURO,923,245351,0,3185
09-02-2021,KZ,Kazakhstan,EURO,1123,246474,0,3185
10-02-2021,KZ,Kazakhstan,EURO,1059,247533,0,3185
11-02-2021,KZ,Kazakhstan,EURO,1033,248566,0,3185
12-02-2021,KZ,Kazakhstan,EURO,996,249562,0,3185
13-02-2021,KZ,Kazakhstan,EURO,914,250476,0,3185
14-02-2021,KZ,Kazakhstan,EURO,791,251267,61,3246
15-02-2021,KZ,Kazakhstan,EURO,692,251959,0,3246
16-02-2021,KZ,Kazakhstan,EURO,862,252821,0,3246
17-02-2021,KZ,Kazakhstan,EURO,930,253751,0,3246
18-02-2021,KZ,Kazakhstan,EURO,961,254712,0,3246
19-02-2021,KZ,Kazakhstan,EURO,872,255584,0,3246
20-02-2021,KZ,Kazakhstan,EURO,804,256388,0,3246
21-02-2021,KZ,Kazakhstan,EURO,712,257100,65,3311
22-02-2021,KZ,Kazakhstan,EURO,700,257800,0,3311
23-02-2021,KZ,Kazakhstan,EURO,809,258609,0,3311
24-02-2021,KZ,Kazakhstan,EURO,869,259478,0,3311
25-02-2021,KZ,Kazakhstan,EURO,906,260384,0,3311
26-02-2021,KZ,Kazakhstan,EURO,860,261244,0,3311
27-02-2021,KZ,Kazakhstan,EURO,849,262093,0,3311
28-02-2021,KZ,Kazakhstan,EURO,632,262725,78,3389
01-03-2021,KZ,Kazakhstan,EURO,671,263396,0,3389
02-03-2021,KZ,Kazakhstan,EURO,782,264178,0,3389
03-03-2021,KZ,Kazakhstan,EURO,850,265028,0,3389
04-03-2021,KZ,Kazakhstan,EURO,901,265929,0,3389
05-03-2021,KZ,Kazakhstan,EURO,874,266803,0,3389
06-03-2021,KZ,Kazakhstan,EURO,854,267657,0,3389
07-03-2021,KZ,Kazakhstan,EURO,670,268327,0,3389
08-03-2021,KZ,Kazakhstan,EURO,575,268902,67,3456
09-03-2021,KZ,Kazakhstan,EURO,697,269599,0,3456
10-03-2021,KZ,Kazakhstan,EURO,800,270399,0,3456
11-03-2021,KZ,Kazakhstan,EURO,964,271363,0,3456
12-03-2021,KZ,Kazakhstan,EURO,1057,272420,0,3456
13-03-2021,KZ,Kazakhstan,EURO,1101,273521,0,3456
14-03-2021,KZ,Kazakhstan,EURO,1020,274541,55,3511
15-03-2021,KZ,Kazakhstan,EURO,961,275502,0,3511
16-03-2021,KZ,Kazakhstan,EURO,1161,276663,0,3511
17-03-2021,KZ,Kazakhstan,EURO,1243,277906,0,3511
18-03-2021,KZ,Kazakhstan,EURO,1314,279220,0,3511
19-03-2021,KZ,Kazakhstan,EURO,1356,280576,0,3511
20-03-2021,KZ,Kazakhstan,EURO,1222,281798,0,3511
21-03-2021,KZ,Kazakhstan,EURO,1229,283027,2291,5802
22-03-2021,KZ,Kazakhstan,EURO,1111,284138,0,5802
23-03-2021,KZ,Kazakhstan,EURO,1103,285241,0,5802
24-03-2021,KZ,Kazakhstan,EURO,1111,286352,0,5802
25-03-2021,KZ,Kazakhstan,EURO,1163,287515,0,5802
26-03-2021,KZ,Kazakhstan,EURO,1587,289102,0,5802
27-03-2021,KZ,Kazakhstan,EURO,1690,290792,0,5802
28-03-2021,KZ,Kazakhstan,EURO,1514,292306,110,5912
29-03-2021,KZ,Kazakhstan,EURO,1455,293761,0,5912
30-03-2021,KZ,Kazakhstan,EURO,1745,295506,0,5912
31-03-2021,KZ,Kazakhstan,EURO,1966,297472,0,5912
01-04-2021,KZ,Kazakhstan,EURO,2154,299626,0,5912
02-04-2021,KZ,Kazakhstan,EURO,2192,301818,0,5912
03-04-2021,KZ,Kazakhstan,EURO,2104,303922,0,5912
04-04-2021,KZ,Kazakhstan,EURO,1938,305860,116,6028
05-04-2021,KZ,Kazakhstan,EURO,1816,307676,0,6028
06-04-2021,KZ,Kazakhstan,EURO,2196,309872,0,6028
07-04-2021,KZ,Kazakhstan,EURO,2686,312558,0,6028
08-04-2021,KZ,Kazakhstan,EURO,2544,315102,0,6028
09-04-2021,KZ,Kazakhstan,EURO,2835,317937,0,6028
10-04-2021,KZ,Kazakhstan,EURO,2944,320881,0,6028
11-04-2021,KZ,Kazakhstan,EURO,2327,323208,151,6179
12-04-2021,KZ,Kazakhstan,EURO,2026,325234,0,6179
13-04-2021,KZ,Kazakhstan,EURO,2359,327593,0,6179
14-04-2021,KZ,Kazakhstan,EURO,2726,330319,0,6179
15-04-2021,KZ,Kazakhstan,EURO,2727,333046,0,6179
16-04-2021,KZ,Kazakhstan,EURO,2890,335936,0,6179
17-04-2021,KZ,Kazakhstan,EURO,2909,338845,0,6179
18-04-2021,KZ,Kazakhstan,EURO,2754,341599,194,6373
19-04-2021,KZ,Kazakhstan,EURO,2541,344140,0,6373
20-04-2021,KZ,Kazakhstan,EURO,2831,346971,0,6373
21-04-2021,KZ,Kazakhstan,EURO,3016,349987,0,6373
22-04-2021,KZ,Kazakhstan,EURO,3001,352988,0,6373
23-04-2021,KZ,Kazakhstan,EURO,2930,355918,0,6373
24-04-2021,KZ,Kazakhstan,EURO,2916,358834,0,6373
25-04-2021,KZ,Kazakhstan,EURO,2741,361575,188,6561
26-04-2021,KZ,Kazakhstan,EURO,2296,363871,0,6561
27-04-2021,KZ,Kazakhstan,EURO,2838,366709,0,6561
28-04-2021,KZ,Kazakhstan,EURO,2995,369704,0,6561
29-04-2021,KZ,Kazakhstan,EURO,2958,372662,0,6561
30-04-2021,KZ,Kazakhstan,EURO,2975,375637,0,6561
01-05-2021,KZ,Kazakhstan,EURO,2933,378570,0,6561
02-05-2021,KZ,Kazakhstan,EURO,2508,381078,197,6758
03-05-2021,KZ,Kazakhstan,EURO,2086,383164,0,6758
04-05-2021,KZ,Kazakhstan,EURO,2327,385491,0,6758
05-05-2021,KZ,Kazakhstan,EURO,2620,388111,0,6758
06-05-2021,KZ,Kazakhstan,EURO,2941,391052,0,6758
07-05-2021,KZ,Kazakhstan,EURO,2706,393758,0,6758
08-05-2021,KZ,Kazakhstan,EURO,2372,396130,0,6758
09-05-2021,KZ,Kazakhstan,EURO,2165,398295,218,6976
10-05-2021,KZ,Kazakhstan,EURO,1773,400068,0,6976
11-05-2021,KZ,Kazakhstan,EURO,1824,401892,0,6976
12-05-2021,KZ,Kazakhstan,EURO,2456,404348,0,6976
13-05-2021,KZ,Kazakhstan,EURO,2676,407024,0,6976
14-05-2021,KZ,Kazakhstan,EURO,2635,409659,0,6976
15-05-2021,KZ,Kazakhstan,EURO,2577,412236,0,6976
16-05-2021,KZ,Kazakhstan,EURO,2109,414345,173,7149
17-05-2021,KZ,Kazakhstan,EURO,1838,416183,0,7149
18-05-2021,KZ,Kazakhstan,EURO,2142,418325,0,7149
19-05-2021,KZ,Kazakhstan,EURO,2538,420863,0,7149
20-05-2021,KZ,Kazakhstan,EURO,2388,423251,0,7149
21-05-2021,KZ,Kazakhstan,EURO,2369,425620,0,7149
22-05-2021,KZ,Kazakhstan,EURO,2253,427873,0,7149
23-05-2021,KZ,Kazakhstan,EURO,1847,429720,0,7149
24-05-2021,KZ,Kazakhstan,EURO,1568,431288,0,7149
25-05-2021,KZ,Kazakhstan,EURO,1860,433148,0,7149
26-05-2021,KZ,Kazakhstan,EURO,1956,435104,0,7149
27-05-2021,KZ,Kazakhstan,EURO,1827,436931,0,7149
28-05-2021,KZ,Kazakhstan,EURO,1784,438715,0,7149
29-05-2021,KZ,Kazakhstan,EURO,0,438715,0,7149
30-05-2021,KZ,Kazakhstan,EURO,0,438715,0,7149
01-01-2021,KE,Kenya,AFRO,207,96458,3,1670
02-01-2021,KE,Kenya,AFRO,0,96458,0,1670
03-01-2021,KE,Kenya,AFRO,220,96678,15,1685
04-01-2021,KE,Kenya,AFRO,124,96802,0,1685
05-01-2021,KE,Kenya,AFRO,106,96908,1,1686
06-01-2021,KE,Kenya,AFRO,219,97127,4,1690
07-01-2021,KE,Kenya,AFRO,271,97398,4,1694
08-01-2021,KE,Kenya,AFRO,335,97733,8,1702
09-01-2021,KE,Kenya,AFRO,221,97954,1,1703
10-01-2021,KE,Kenya,AFRO,230,98184,1,1704
11-01-2021,KE,Kenya,AFRO,87,98271,6,1710
12-01-2021,KE,Kenya,AFRO,63,98334,3,1713
13-01-2021,KE,Kenya,AFRO,98,98432,3,1716
14-01-2021,KE,Kenya,AFRO,123,98555,4,1720
15-01-2021,KE,Kenya,AFRO,138,98693,3,1723
16-01-2021,KE,Kenya,AFRO,166,98859,3,1726
17-01-2021,KE,Kenya,AFRO,223,99082,2,1728
18-01-2021,KE,Kenya,AFRO,80,99162,3,1731
19-01-2021,KE,Kenya,AFRO,65,99227,3,1734
20-01-2021,KE,Kenya,AFRO,81,99308,0,1734
21-01-2021,KE,Kenya,AFRO,136,99444,2,1736
22-01-2021,KE,Kenya,AFRO,186,99630,3,1739
23-01-2021,KE,Kenya,AFRO,139,99769,1,1740
24-01-2021,KE,Kenya,AFRO,129,99898,0,1740
25-01-2021,KE,Kenya,AFRO,85,99983,4,1744
26-01-2021,KE,Kenya,AFRO,69,100052,0,1744
27-01-2021,KE,Kenya,AFRO,141,100193,6,1750
28-01-2021,KE,Kenya,AFRO,130,100323,1,1751
29-01-2021,KE,Kenya,AFRO,99,100422,2,1753
30-01-2021,KE,Kenya,AFRO,141,100563,0,1753
31-01-2021,KE,Kenya,AFRO,112,100675,2,1755
01-02-2021,KE,Kenya,AFRO,98,100773,8,1763
02-02-2021,KE,Kenya,AFRO,83,100856,3,1766
03-02-2021,KE,Kenya,AFRO,153,101009,0,1766
04-02-2021,KE,Kenya,AFRO,150,101159,3,1769
05-02-2021,KE,Kenya,AFRO,180,101339,4,1773
06-02-2021,KE,Kenya,AFRO,195,101534,3,1776
07-02-2021,KE,Kenya,AFRO,156,101690,0,1776
08-02-2021,KE,Kenya,AFRO,129,101819,3,1779
09-02-2021,KE,Kenya,AFRO,125,101944,7,1786
10-02-2021,KE,Kenya,AFRO,104,102048,3,1789
11-02-2021,KE,Kenya,AFRO,173,102221,2,1791
12-02-2021,KE,Kenya,AFRO,132,102353,3,1794
13-02-2021,KE,Kenya,AFRO,260,102613,0,1794
14-02-2021,KE,Kenya,AFRO,179,102792,1,1795
15-02-2021,KE,Kenya,AFRO,75,102867,0,1795
16-02-2021,KE,Kenya,AFRO,147,103014,0,1795
17-02-2021,KE,Kenya,AFRO,174,103188,2,1797
18-02-2021,KE,Kenya,AFRO,144,103332,4,1801
19-02-2021,KE,Kenya,AFRO,283,103615,6,1807
20-02-2021,KE,Kenya,AFRO,226,103841,6,1813
21-02-2021,KE,Kenya,AFRO,152,103993,4,1817
22-02-2021,KE,Kenya,AFRO,208,104201,6,1823
23-02-2021,KE,Kenya,AFRO,105,104306,4,1827
24-02-2021,KE,Kenya,AFRO,194,104500,10,1837
25-02-2021,KE,Kenya,AFRO,280,104780,2,1839
26-02-2021,KE,Kenya,AFRO,277,105057,8,1847
27-02-2021,KE,Kenya,AFRO,0,105057,0,1847
28-02-2021,KE,Kenya,AFRO,591,105648,7,1854
01-03-2021,KE,Kenya,AFRO,325,105973,2,1856
02-03-2021,KE,Kenya,AFRO,152,106125,3,1859
03-03-2021,KE,Kenya,AFRO,345,106470,4,1863
04-03-2021,KE,Kenya,AFRO,331,106801,3,1866
05-03-2021,KE,Kenya,AFRO,528,107329,4,1870
06-03-2021,KE,Kenya,AFRO,400,107729,3,1873
07-03-2021,KE,Kenya,AFRO,633,108362,1,1874
08-03-2021,KE,Kenya,AFRO,465,108827,2,1876
09-03-2021,KE,Kenya,AFRO,337,109164,3,1879
10-03-2021,KE,Kenya,AFRO,479,109643,7,1886
11-03-2021,KE,Kenya,AFRO,713,110356,12,1898
12-03-2021,KE,Kenya,AFRO,829,111185,1,1899
13-03-2021,KE,Kenya,AFRO,750,111935,2,1901
14-03-2021,KE,Kenya,AFRO,870,112805,7,1908
15-03-2021,KE,Kenya,AFRO,431,113236,5,1913
16-03-2021,KE,Kenya,AFRO,731,113967,5,1918
17-03-2021,KE,Kenya,AFRO,1064,115031,7,1925
18-03-2021,KE,Kenya,AFRO,1279,116310,12,1937
19-03-2021,KE,Kenya,AFRO,1225,117535,17,1954
20-03-2021,KE,Kenya,AFRO,1354,118889,28,1982
21-03-2021,KE,Kenya,AFRO,1274,120163,5,1987
22-03-2021,KE,Kenya,AFRO,747,120910,24,2011
23-03-2021,KE,Kenya,AFRO,1130,122040,12,2023
24-03-2021,KE,Kenya,AFRO,1127,123167,25,2048
25-03-2021,KE,Kenya,AFRO,1540,124707,18,2066
26-03-2021,KE,Kenya,AFRO,1463,126170,26,2092
27-03-2021,KE,Kenya,AFRO,2008,128178,6,2098
28-03-2021,KE,Kenya,AFRO,1152,129330,6,2104
29-03-2021,KE,Kenya,AFRO,884,130214,13,2117
30-03-2021,KE,Kenya,AFRO,902,131116,18,2135
31-03-2021,KE,Kenya,AFRO,1530,132646,12,2147
01-04-2021,KE,Kenya,AFRO,1412,134058,6,2153
02-04-2021,KE,Kenya,AFRO,984,135042,14,2167
03-04-2021,KE,Kenya,AFRO,1851,136893,19,2186
04-04-2021,KE,Kenya,AFRO,1184,138077,20,2206
05-04-2021,KE,Kenya,AFRO,911,138988,18,2224
06-04-2021,KE,Kenya,AFRO,460,139448,20,2244
07-04-2021,KE,Kenya,AFRO,394,139842,14,2258
08-04-2021,KE,Kenya,AFRO,1523,141365,18,2276
09-04-2021,KE,Kenya,AFRO,1698,143063,16,2292
10-04-2021,KE,Kenya,AFRO,1091,144154,17,2309
11-04-2021,KE,Kenya,AFRO,1030,145184,21,2330
12-04-2021,KE,Kenya,AFRO,486,145670,18,2348
13-04-2021,KE,Kenya,AFRO,486,146156,20,2368
14-04-2021,KE,Kenya,AFRO,991,147147,26,2394
15-04-2021,KE,Kenya,AFRO,981,148128,26,2420
16-04-2021,KE,Kenya,AFRO,1091,149219,4,2424
17-04-2021,KE,Kenya,AFRO,0,149219,0,2424
18-04-2021,KE,Kenya,AFRO,2068,151287,39,2463
19-04-2021,KE,Kenya,AFRO,366,151653,18,2481
20-04-2021,KE,Kenya,AFRO,241,151894,20,2501
21-04-2021,KE,Kenya,AFRO,629,152523,18,2519
22-04-2021,KE,Kenya,AFRO,965,153488,21,2540
23-04-2021,KE,Kenya,AFRO,904,154392,20,2560
24-04-2021,KE,Kenya,AFRO,773,155165,23,2583
25-04-2021,KE,Kenya,AFRO,1153,156318,20,2603
26-04-2021,KE,Kenya,AFRO,469,156787,19,2622
27-04-2021,KE,Kenya,AFRO,194,156981,21,2643
28-04-2021,KE,Kenya,AFRO,511,157492,22,2665
29-04-2021,KE,Kenya,AFRO,834,158326,23,2688
30-04-2021,KE,Kenya,AFRO,495,158821,19,2707
01-05-2021,KE,Kenya,AFRO,497,159318,17,2724
02-05-2021,KE,Kenya,AFRO,735,160053,20,2744
03-05-2021,KE,Kenya,AFRO,369,160422,19,2763
04-05-2021,KE,Kenya,AFRO,137,160559,18,2781
05-05-2021,KE,Kenya,AFRO,345,160904,24,2805
06-05-2021,KE,Kenya,AFRO,489,161393,20,2825
07-05-2021,KE,Kenya,AFRO,705,162098,25,2850
08-05-2021,KE,Kenya,AFRO,568,162666,15,2865
09-05-2021,KE,Kenya,AFRO,572,163238,18,2883
10-05-2021,KE,Kenya,AFRO,316,163554,12,2895
11-05-2021,KE,Kenya,AFRO,66,163620,12,2907
12-05-2021,KE,Kenya,AFRO,356,163976,21,2928
13-05-2021,KE,Kenya,AFRO,410,164386,22,2950
14-05-2021,KE,Kenya,AFRO,334,164720,18,2968
15-05-2021,KE,Kenya,AFRO,392,165112,8,2976
16-05-2021,KE,Kenya,AFRO,267,165379,25,3001
17-05-2021,KE,Kenya,AFRO,86,165465,2,3003
18-05-2021,KE,Kenya,AFRO,72,165537,10,3013
19-05-2021,KE,Kenya,AFRO,469,166006,8,3021
20-05-2021,KE,Kenya,AFRO,376,166382,14,3035
21-05-2021,KE,Kenya,AFRO,494,166876,5,3040
22-05-2021,KE,Kenya,AFRO,659,167535,3,3043
23-05-2021,KE,Kenya,AFRO,573,168108,6,3049
24-05-2021,KE,Kenya,AFRO,324,168432,10,3059
25-05-2021,KE,Kenya,AFRO,111,168543,14,3073
26-05-2021,KE,Kenya,AFRO,382,168925,14,3087
27-05-2021,KE,Kenya,AFRO,431,169356,10,3097
28-05-2021,KE,Kenya,AFRO,341,169697,11,3108
29-05-2021,KE,Kenya,AFRO,344,170041,16,3124
30-05-2021,KE,Kenya,AFRO,444,170485,17,3141
01-01-2021,KI,Kiribati,WPRO,0,0,0,0
02-01-2021,KI,Kiribati,WPRO,0,0,0,0
03-01-2021,KI,Kiribati,WPRO,0,0,0,0
04-01-2021,KI,Kiribati,WPRO,0,0,0,0
05-01-2021,KI,Kiribati,WPRO,0,0,0,0
06-01-2021,KI,Kiribati,WPRO,0,0,0,0
07-01-2021,KI,Kiribati,WPRO,0,0,0,0
08-01-2021,KI,Kiribati,WPRO,0,0,0,0
09-01-2021,KI,Kiribati,WPRO,0,0,0,0
10-01-2021,KI,Kiribati,WPRO,0,0,0,0
11-01-2021,KI,Kiribati,WPRO,0,0,0,0
12-01-2021,KI,Kiribati,WPRO,0,0,0,0
13-01-2021,KI,Kiribati,WPRO,0,0,0,0
14-01-2021,KI,Kiribati,WPRO,0,0,0,0
15-01-2021,KI,Kiribati,WPRO,0,0,0,0
16-01-2021,KI,Kiribati,WPRO,0,0,0,0
17-01-2021,KI,Kiribati,WPRO,0,0,0,0
18-01-2021,KI,Kiribati,WPRO,0,0,0,0
19-01-2021,KI,Kiribati,WPRO,0,0,0,0
20-01-2021,KI,Kiribati,WPRO,0,0,0,0
21-01-2021,KI,Kiribati,WPRO,0,0,0,0
22-01-2021,KI,Kiribati,WPRO,0,0,0,0
23-01-2021,KI,Kiribati,WPRO,0,0,0,0
24-01-2021,KI,Kiribati,WPRO,0,0,0,0
25-01-2021,KI,Kiribati,WPRO,0,0,0,0
26-01-2021,KI,Kiribati,WPRO,0,0,0,0
27-01-2021,KI,Kiribati,WPRO,0,0,0,0
28-01-2021,KI,Kiribati,WPRO,0,0,0,0
29-01-2021,KI,Kiribati,WPRO,0,0,0,0
30-01-2021,KI,Kiribati,WPRO,0,0,0,0
31-01-2021,KI,Kiribati,WPRO,0,0,0,0
01-02-2021,KI,Kiribati,WPRO,0,0,0,0
02-02-2021,KI,Kiribati,WPRO,0,0,0,0
03-02-2021,KI,Kiribati,WPRO,0,0,0,0
04-02-2021,KI,Kiribati,WPRO,0,0,0,0
05-02-2021,KI,Kiribati,WPRO,0,0,0,0
06-02-2021,KI,Kiribati,WPRO,0,0,0,0
07-02-2021,KI,Kiribati,WPRO,0,0,0,0
08-02-2021,KI,Kiribati,WPRO,0,0,0,0
09-02-2021,KI,Kiribati,WPRO,0,0,0,0
10-02-2021,KI,Kiribati,WPRO,0,0,0,0
11-02-2021,KI,Kiribati,WPRO,0,0,0,0
12-02-2021,KI,Kiribati,WPRO,0,0,0,0
13-02-2021,KI,Kiribati,WPRO,0,0,0,0
14-02-2021,KI,Kiribati,WPRO,0,0,0,0
15-02-2021,KI,Kiribati,WPRO,0,0,0,0
16-02-2021,KI,Kiribati,WPRO,0,0,0,0
17-02-2021,KI,Kiribati,WPRO,0,0,0,0
18-02-2021,KI,Kiribati,WPRO,0,0,0,0
19-02-2021,KI,Kiribati,WPRO,0,0,0,0
20-02-2021,KI,Kiribati,WPRO,0,0,0,0
21-02-2021,KI,Kiribati,WPRO,0,0,0,0
22-02-2021,KI,Kiribati,WPRO,0,0,0,0
23-02-2021,KI,Kiribati,WPRO,0,0,0,0
24-02-2021,KI,Kiribati,WPRO,0,0,0,0
25-02-2021,KI,Kiribati,WPRO,0,0,0,0
26-02-2021,KI,Kiribati,WPRO,0,0,0,0
27-02-2021,KI,Kiribati,WPRO,0,0,0,0
28-02-2021,KI,Kiribati,WPRO,0,0,0,0
01-03-2021,KI,Kiribati,WPRO,0,0,0,0
02-03-2021,KI,Kiribati,WPRO,0,0,0,0
03-03-2021,KI,Kiribati,WPRO,0,0,0,0
04-03-2021,KI,Kiribati,WPRO,0,0,0,0
05-03-2021,KI,Kiribati,WPRO,0,0,0,0
06-03-2021,KI,Kiribati,WPRO,0,0,0,0
07-03-2021,KI,Kiribati,WPRO,0,0,0,0
08-03-2021,KI,Kiribati,WPRO,0,0,0,0
09-03-2021,KI,Kiribati,WPRO,0,0,0,0
10-03-2021,KI,Kiribati,WPRO,0,0,0,0
11-03-2021,KI,Kiribati,WPRO,0,0,0,0
12-03-2021,KI,Kiribati,WPRO,0,0,0,0
13-03-2021,KI,Kiribati,WPRO,0,0,0,0
14-03-2021,KI,Kiribati,WPRO,0,0,0,0
15-03-2021,KI,Kiribati,WPRO,0,0,0,0
16-03-2021,KI,Kiribati,WPRO,0,0,0,0
17-03-2021,KI,Kiribati,WPRO,0,0,0,0
18-03-2021,KI,Kiribati,WPRO,0,0,0,0
19-03-2021,KI,Kiribati,WPRO,0,0,0,0
20-03-2021,KI,Kiribati,WPRO,0,0,0,0
21-03-2021,KI,Kiribati,WPRO,0,0,0,0
22-03-2021,KI,Kiribati,WPRO,0,0,0,0
23-03-2021,KI,Kiribati,WPRO,0,0,0,0
24-03-2021,KI,Kiribati,WPRO,0,0,0,0
25-03-2021,KI,Kiribati,WPRO,0,0,0,0
26-03-2021,KI,Kiribati,WPRO,0,0,0,0
27-03-2021,KI,Kiribati,WPRO,0,0,0,0
28-03-2021,KI,Kiribati,WPRO,0,0,0,0
29-03-2021,KI,Kiribati,WPRO,0,0,0,0
30-03-2021,KI,Kiribati,WPRO,0,0,0,0
31-03-2021,KI,Kiribati,WPRO,0,0,0,0
01-04-2021,KI,Kiribati,WPRO,0,0,0,0
02-04-2021,KI,Kiribati,WPRO,0,0,0,0
03-04-2021,KI,Kiribati,WPRO,0,0,0,0
04-04-2021,KI,Kiribati,WPRO,0,0,0,0
05-04-2021,KI,Kiribati,WPRO,0,0,0,0
06-04-2021,KI,Kiribati,WPRO,0,0,0,0
07-04-2021,KI,Kiribati,WPRO,0,0,0,0
08-04-2021,KI,Kiribati,WPRO,0,0,0,0
09-04-2021,KI,Kiribati,WPRO,0,0,0,0
10-04-2021,KI,Kiribati,WPRO,0,0,0,0
11-04-2021,KI,Kiribati,WPRO,0,0,0,0
12-04-2021,KI,Kiribati,WPRO,0,0,0,0
13-04-2021,KI,Kiribati,WPRO,0,0,0,0
14-04-2021,KI,Kiribati,WPRO,0,0,0,0
15-04-2021,KI,Kiribati,WPRO,0,0,0,0
16-04-2021,KI,Kiribati,WPRO,0,0,0,0
17-04-2021,KI,Kiribati,WPRO,0,0,0,0
18-04-2021,KI,Kiribati,WPRO,0,0,0,0
19-04-2021,KI,Kiribati,WPRO,0,0,0,0
20-04-2021,KI,Kiribati,WPRO,0,0,0,0
21-04-2021,KI,Kiribati,WPRO,0,0,0,0
22-04-2021,KI,Kiribati,WPRO,0,0,0,0
23-04-2021,KI,Kiribati,WPRO,0,0,0,0
24-04-2021,KI,Kiribati,WPRO,0,0,0,0
25-04-2021,KI,Kiribati,WPRO,0,0,0,0
26-04-2021,KI,Kiribati,WPRO,0,0,0,0
27-04-2021,KI,Kiribati,WPRO,0,0,0,0
28-04-2021,KI,Kiribati,WPRO,0,0,0,0
29-04-2021,KI,Kiribati,WPRO,0,0,0,0
30-04-2021,KI,Kiribati,WPRO,0,0,0,0
01-05-2021,KI,Kiribati,WPRO,0,0,0,0
02-05-2021,KI,Kiribati,WPRO,0,0,0,0
03-05-2021,KI,Kiribati,WPRO,0,0,0,0
04-05-2021,KI,Kiribati,WPRO,0,0,0,0
05-05-2021,KI,Kiribati,WPRO,0,0,0,0
06-05-2021,KI,Kiribati,WPRO,0,0,0,0
07-05-2021,KI,Kiribati,WPRO,0,0,0,0
08-05-2021,KI,Kiribati,WPRO,0,0,0,0
09-05-2021,KI,Kiribati,WPRO,0,0,0,0
10-05-2021,KI,Kiribati,WPRO,0,0,0,0
11-05-2021,KI,Kiribati,WPRO,0,0,0,0
12-05-2021,KI,Kiribati,WPRO,0,0,0,0
13-05-2021,KI,Kiribati,WPRO,0,0,0,0
14-05-2021,KI,Kiribati,WPRO,0,0,0,0
15-05-2021,KI,Kiribati,WPRO,0,0,0,0
16-05-2021,KI,Kiribati,WPRO,0,0,0,0
17-05-2021,KI,Kiribati,WPRO,0,0,0,0
18-05-2021,KI,Kiribati,WPRO,0,0,0,0
19-05-2021,KI,Kiribati,WPRO,0,0,0,0
20-05-2021,KI,Kiribati,WPRO,0,0,0,0
21-05-2021,KI,Kiribati,WPRO,0,0,0,0
22-05-2021,KI,Kiribati,WPRO,0,0,0,0
23-05-2021,KI,Kiribati,WPRO,0,0,0,0
24-05-2021,KI,Kiribati,WPRO,0,0,0,0
25-05-2021,KI,Kiribati,WPRO,0,0,0,0
26-05-2021,KI,Kiribati,WPRO,0,0,0,0
27-05-2021,KI,Kiribati,WPRO,0,0,0,0
28-05-2021,KI,Kiribati,WPRO,0,0,0,0
29-05-2021,KI,Kiribati,WPRO,0,0,0,0
30-05-2021,KI,Kiribati,WPRO,0,0,0,0
01-01-2021,XK,Kosovo[1],EURO,184,51285,3,1325
02-01-2021,XK,Kosovo[1],EURO,174,51459,1,1326
03-01-2021,XK,Kosovo[1],EURO,229,51688,4,1330
04-01-2021,XK,Kosovo[1],EURO,234,51922,4,1334
05-01-2021,XK,Kosovo[1],EURO,169,52091,7,1341
06-01-2021,XK,Kosovo[1],EURO,199,52290,4,1345
07-01-2021,XK,Kosovo[1],EURO,301,52591,2,1347
08-01-2021,XK,Kosovo[1],EURO,309,52900,6,1353
09-01-2021,XK,Kosovo[1],EURO,321,53221,5,1358
10-01-2021,XK,Kosovo[1],EURO,259,53480,7,1365
11-01-2021,XK,Kosovo[1],EURO,253,53733,2,1367
12-01-2021,XK,Kosovo[1],EURO,206,53939,6,1373
13-01-2021,XK,Kosovo[1],EURO,279,54218,4,1377
14-01-2021,XK,Kosovo[1],EURO,299,54517,1,1378
15-01-2021,XK,Kosovo[1],EURO,279,54796,4,1382
16-01-2021,XK,Kosovo[1],EURO,296,55092,7,1389
17-01-2021,XK,Kosovo[1],EURO,363,55455,6,1395
18-01-2021,XK,Kosovo[1],EURO,353,55808,5,1400
19-01-2021,XK,Kosovo[1],EURO,267,56075,1,1401
20-01-2021,XK,Kosovo[1],EURO,297,56372,9,1410
21-01-2021,XK,Kosovo[1],EURO,320,56692,6,1416
22-01-2021,XK,Kosovo[1],EURO,296,56988,7,1423
23-01-2021,XK,Kosovo[1],EURO,289,57277,14,1437
24-01-2021,XK,Kosovo[1],EURO,379,57656,3,1440
25-01-2021,XK,Kosovo[1],EURO,392,58048,6,1446
26-01-2021,XK,Kosovo[1],EURO,311,58359,10,1456
27-01-2021,XK,Kosovo[1],EURO,288,58647,5,1461
28-01-2021,XK,Kosovo[1],EURO,301,58948,8,1469
29-01-2021,XK,Kosovo[1],EURO,316,59264,3,1472
30-01-2021,XK,Kosovo[1],EURO,342,59606,5,1477
31-01-2021,XK,Kosovo[1],EURO,285,59891,5,1482
01-02-2021,XK,Kosovo[1],EURO,287,60178,6,1488
02-02-2021,XK,Kosovo[1],EURO,282,60460,5,1493
03-02-2021,XK,Kosovo[1],EURO,245,60705,3,1496
04-02-2021,XK,Kosovo[1],EURO,314,61019,3,1499
05-02-2021,XK,Kosovo[1],EURO,318,61337,5,1504
06-02-2021,XK,Kosovo[1],EURO,308,61645,5,1509
07-02-2021,XK,Kosovo[1],EURO,321,61966,1,1510
08-02-2021,XK,Kosovo[1],EURO,249,62215,3,1513
09-02-2021,XK,Kosovo[1],EURO,290,62505,3,1516
10-02-2021,XK,Kosovo[1],EURO,234,62739,2,1518
11-02-2021,XK,Kosovo[1],EURO,307,63046,4,1522
12-02-2021,XK,Kosovo[1],EURO,344,63390,2,1524
13-02-2021,XK,Kosovo[1],EURO,372,63762,6,1530
14-02-2021,XK,Kosovo[1],EURO,290,64052,4,1534
15-02-2021,XK,Kosovo[1],EURO,246,64298,0,1534
16-02-2021,XK,Kosovo[1],EURO,178,64476,1,1535
17-02-2021,XK,Kosovo[1],EURO,249,64725,3,1538
18-02-2021,XK,Kosovo[1],EURO,297,65022,5,1543
19-02-2021,XK,Kosovo[1],EURO,285,65307,5,1548
20-02-2021,XK,Kosovo[1],EURO,340,65647,10,1558
21-02-2021,XK,Kosovo[1],EURO,292,65939,3,1561
22-02-2021,XK,Kosovo[1],EURO,398,66337,1,1562
23-02-2021,XK,Kosovo[1],EURO,260,66597,3,1565
24-02-2021,XK,Kosovo[1],EURO,368,66965,4,1569
25-02-2021,XK,Kosovo[1],EURO,497,67462,3,1572
26-02-2021,XK,Kosovo[1],EURO,437,67899,5,1577
27-02-2021,XK,Kosovo[1],EURO,435,68334,5,1582
28-02-2021,XK,Kosovo[1],EURO,426,68760,3,1585
01-03-2021,XK,Kosovo[1],EURO,453,69213,4,1589
02-03-2021,XK,Kosovo[1],EURO,467,69680,9,1598
03-03-2021,XK,Kosovo[1],EURO,488,70168,8,1606
04-03-2021,XK,Kosovo[1],EURO,568,70736,4,1610
05-03-2021,XK,Kosovo[1],EURO,591,71327,7,1617
06-03-2021,XK,Kosovo[1],EURO,564,71891,7,1624
07-03-2021,XK,Kosovo[1],EURO,566,72457,6,1630
08-03-2021,XK,Kosovo[1],EURO,548,73005,9,1639
09-03-2021,XK,Kosovo[1],EURO,727,73732,6,1645
10-03-2021,XK,Kosovo[1],EURO,444,74176,13,1658
11-03-2021,XK,Kosovo[1],EURO,529,74705,6,1664
12-03-2021,XK,Kosovo[1],EURO,632,75337,8,1672
13-03-2021,XK,Kosovo[1],EURO,730,76067,6,1678
14-03-2021,XK,Kosovo[1],EURO,578,76645,8,1686
15-03-2021,XK,Kosovo[1],EURO,565,77210,6,1692
16-03-2021,XK,Kosovo[1],EURO,574,77784,13,1705
17-03-2021,XK,Kosovo[1],EURO,553,78337,8,1713
18-03-2021,XK,Kosovo[1],EURO,709,79046,8,1721
19-03-2021,XK,Kosovo[1],EURO,704,79750,5,1726
20-03-2021,XK,Kosovo[1],EURO,828,80578,8,1734
21-03-2021,XK,Kosovo[1],EURO,771,81349,8,1742
22-03-2021,XK,Kosovo[1],EURO,793,82142,8,1750
23-03-2021,XK,Kosovo[1],EURO,827,82969,16,1766
24-03-2021,XK,Kosovo[1],EURO,705,83674,10,1776
25-03-2021,XK,Kosovo[1],EURO,781,84455,17,1793
26-03-2021,XK,Kosovo[1],EURO,836,85291,10,1803
27-03-2021,XK,Kosovo[1],EURO,860,86151,6,1809
28-03-2021,XK,Kosovo[1],EURO,873,87024,11,1820
29-03-2021,XK,Kosovo[1],EURO,914,87938,10,1830
30-03-2021,XK,Kosovo[1],EURO,774,88712,4,1834
31-03-2021,XK,Kosovo[1],EURO,752,89464,14,1848
01-04-2021,XK,Kosovo[1],EURO,923,90387,14,1862
02-04-2021,XK,Kosovo[1],EURO,975,91362,14,1876
03-04-2021,XK,Kosovo[1],EURO,793,92155,8,1884
04-04-2021,XK,Kosovo[1],EURO,777,92932,12,1896
05-04-2021,XK,Kosovo[1],EURO,680,93612,9,1905
06-04-2021,XK,Kosovo[1],EURO,512,94124,11,1916
07-04-2021,XK,Kosovo[1],EURO,489,94613,8,1924
08-04-2021,XK,Kosovo[1],EURO,685,95298,14,1938
09-04-2021,XK,Kosovo[1],EURO,871,96169,12,1950
10-04-2021,XK,Kosovo[1],EURO,684,96853,7,1957
11-04-2021,XK,Kosovo[1],EURO,571,97424,9,1966
12-04-2021,XK,Kosovo[1],EURO,529,97953,12,1978
13-04-2021,XK,Kosovo[1],EURO,345,98298,8,1986
14-04-2021,XK,Kosovo[1],EURO,494,98792,12,1998
15-04-2021,XK,Kosovo[1],EURO,701,99493,14,2012
16-04-2021,XK,Kosovo[1],EURO,599,100092,17,2029
17-04-2021,XK,Kosovo[1],EURO,520,100612,14,2043
18-04-2021,XK,Kosovo[1],EURO,498,101110,8,2051
19-04-2021,XK,Kosovo[1],EURO,364,101474,11,2062
20-04-2021,XK,Kosovo[1],EURO,277,101751,14,2076
21-04-2021,XK,Kosovo[1],EURO,442,102193,14,2090
22-04-2021,XK,Kosovo[1],EURO,506,102699,5,2095
23-04-2021,XK,Kosovo[1],EURO,382,103081,5,2100
24-04-2021,XK,Kosovo[1],EURO,356,103437,8,2108
25-04-2021,XK,Kosovo[1],EURO,335,103772,0,2108
26-04-2021,XK,Kosovo[1],EURO,227,103999,11,2119
27-04-2021,XK,Kosovo[1],EURO,154,104153,11,2130
28-04-2021,XK,Kosovo[1],EURO,194,104347,8,2138
29-04-2021,XK,Kosovo[1],EURO,327,104674,5,2143
30-04-2021,XK,Kosovo[1],EURO,269,104943,9,2152
01-05-2021,XK,Kosovo[1],EURO,202,105145,11,2163
02-05-2021,XK,Kosovo[1],EURO,187,105332,5,2168
03-05-2021,XK,Kosovo[1],EURO,160,105492,5,2173
04-05-2021,XK,Kosovo[1],EURO,101,105593,4,2177
05-05-2021,XK,Kosovo[1],EURO,75,105668,4,2181
06-05-2021,XK,Kosovo[1],EURO,153,105821,4,2185
07-05-2021,XK,Kosovo[1],EURO,158,105979,3,2188
08-05-2021,XK,Kosovo[1],EURO,170,106149,4,2192
09-05-2021,XK,Kosovo[1],EURO,153,106302,1,2193
10-05-2021,XK,Kosovo[1],EURO,97,106399,5,2198
11-05-2021,XK,Kosovo[1],EURO,47,106446,2,2200
12-05-2021,XK,Kosovo[1],EURO,49,106495,3,2203
13-05-2021,XK,Kosovo[1],EURO,113,106608,4,2207
14-05-2021,XK,Kosovo[1],EURO,103,106711,1,2208
15-05-2021,XK,Kosovo[1],EURO,49,106760,2,2210
16-05-2021,XK,Kosovo[1],EURO,40,106800,3,2213
17-05-2021,XK,Kosovo[1],EURO,71,106871,2,2215
18-05-2021,XK,Kosovo[1],EURO,25,106896,1,2216
19-05-2021,XK,Kosovo[1],EURO,64,106960,1,2217
20-05-2021,XK,Kosovo[1],EURO,62,107022,8,2225
21-05-2021,XK,Kosovo[1],EURO,55,107077,2,2227
22-05-2021,XK,Kosovo[1],EURO,58,107135,2,2229
23-05-2021,XK,Kosovo[1],EURO,35,107170,0,2229
24-05-2021,XK,Kosovo[1],EURO,31,107201,0,2229
25-05-2021,XK,Kosovo[1],EURO,14,107215,1,2230
26-05-2021,XK,Kosovo[1],EURO,11,107226,1,2231
27-05-2021,XK,Kosovo[1],EURO,44,107270,0,2231
28-05-2021,XK,Kosovo[1],EURO,23,107293,1,2232
29-05-2021,XK,Kosovo[1],EURO,18,107311,0,2232
30-05-2021,XK,Kosovo[1],EURO,28,107339,1,2233
01-01-2021,KW,Kuwait,EMRO,286,150584,1,934
02-01-2021,KW,Kuwait,EMRO,285,150869,2,936
03-01-2021,KW,Kuwait,EMRO,205,151074,1,937
04-01-2021,KW,Kuwait,EMRO,269,151343,0,937
05-01-2021,KW,Kuwait,EMRO,372,151715,1,938
06-01-2021,KW,Kuwait,EMRO,312,152027,0,938
07-01-2021,KW,Kuwait,EMRO,411,152438,0,938
08-01-2021,KW,Kuwait,EMRO,540,152978,0,938
09-01-2021,KW,Kuwait,EMRO,495,153473,2,940
10-01-2021,KW,Kuwait,EMRO,427,153900,2,942
11-01-2021,KW,Kuwait,EMRO,414,154314,1,943
12-01-2021,KW,Kuwait,EMRO,527,154841,2,945
13-01-2021,KW,Kuwait,EMRO,494,155335,1,946
14-01-2021,KW,Kuwait,EMRO,539,155874,0,946
15-01-2021,KW,Kuwait,EMRO,560,156434,0,946
16-01-2021,KW,Kuwait,EMRO,530,156964,1,947
17-01-2021,KW,Kuwait,EMRO,435,157399,0,947
18-01-2021,KW,Kuwait,EMRO,378,157777,0,947
19-01-2021,KW,Kuwait,EMRO,467,158244,1,948
20-01-2021,KW,Kuwait,EMRO,578,158822,2,950
21-01-2021,KW,Kuwait,EMRO,442,159264,1,951
22-01-2021,KW,Kuwait,EMRO,570,159834,0,951
23-01-2021,KW,Kuwait,EMRO,533,160367,1,952
24-01-2021,KW,Kuwait,EMRO,534,160901,0,952
25-01-2021,KW,Kuwait,EMRO,384,161285,0,952
26-01-2021,KW,Kuwait,EMRO,492,161777,2,954
27-01-2021,KW,Kuwait,EMRO,505,162282,3,957
28-01-2021,KW,Kuwait,EMRO,580,162862,0,957
29-01-2021,KW,Kuwait,EMRO,588,163450,1,958
30-01-2021,KW,Kuwait,EMRO,658,164108,0,958
31-01-2021,KW,Kuwait,EMRO,514,164622,1,959
01-02-2021,KW,Kuwait,EMRO,635,165257,0,959
02-02-2021,KW,Kuwait,EMRO,586,165843,0,959
03-02-2021,KW,Kuwait,EMRO,811,166654,0,959
04-02-2021,KW,Kuwait,EMRO,756,167410,2,961
05-02-2021,KW,Kuwait,EMRO,840,168250,1,962
06-02-2021,KW,Kuwait,EMRO,940,169190,2,964
07-02-2021,KW,Kuwait,EMRO,846,170036,0,964
08-02-2021,KW,Kuwait,EMRO,962,170998,2,966
09-02-2021,KW,Kuwait,EMRO,996,171994,3,969
10-02-2021,KW,Kuwait,EMRO,1002,172996,6,975
11-02-2021,KW,Kuwait,EMRO,987,173983,5,980
12-02-2021,KW,Kuwait,EMRO,1048,175031,5,985
13-02-2021,KW,Kuwait,EMRO,1021,176052,7,992
14-02-2021,KW,Kuwait,EMRO,851,176903,6,998
15-02-2021,KW,Kuwait,EMRO,798,177701,5,1003
16-02-2021,KW,Kuwait,EMRO,823,178524,6,1009
17-02-2021,KW,Kuwait,EMRO,964,179488,5,1014
18-02-2021,KW,Kuwait,EMRO,1017,180505,5,1019
19-02-2021,KW,Kuwait,EMRO,979,181484,8,1027
20-02-2021,KW,Kuwait,EMRO,976,182460,7,1034
21-02-2021,KW,Kuwait,EMRO,862,183322,5,1039
22-02-2021,KW,Kuwait,EMRO,768,184090,5,1044
23-02-2021,KW,Kuwait,EMRO,899,184989,5,1049
24-02-2021,KW,Kuwait,EMRO,1015,186004,8,1057
25-02-2021,KW,Kuwait,EMRO,1001,187005,5,1062
26-02-2021,KW,Kuwait,EMRO,1019,188024,5,1067
27-02-2021,KW,Kuwait,EMRO,1022,189046,5,1072
28-02-2021,KW,Kuwait,EMRO,844,189890,6,1078
01-03-2021,KW,Kuwait,EMRO,962,190852,5,1083
02-03-2021,KW,Kuwait,EMRO,1179,192031,2,1085
03-03-2021,KW,Kuwait,EMRO,1341,193372,7,1092
04-03-2021,KW,Kuwait,EMRO,1409,194781,5,1097
05-03-2021,KW,Kuwait,EMRO,1716,196497,8,1105
06-03-2021,KW,Kuwait,EMRO,1613,198110,8,1113
07-03-2021,KW,Kuwait,EMRO,1318,199428,7,1120
08-03-2021,KW,Kuwait,EMRO,1144,200572,7,1127
09-03-2021,KW,Kuwait,EMRO,1326,201898,6,1133
10-03-2021,KW,Kuwait,EMRO,1157,203055,8,1141
11-03-2021,KW,Kuwait,EMRO,1333,204388,3,1144
12-03-2021,KW,Kuwait,EMRO,1505,205893,4,1148
13-03-2021,KW,Kuwait,EMRO,1356,207249,8,1156
14-03-2021,KW,Kuwait,EMRO,1211,208460,9,1165
15-03-2021,KW,Kuwait,EMRO,1063,209523,7,1172
16-03-2021,KW,Kuwait,EMRO,1332,210855,7,1179
17-03-2021,KW,Kuwait,EMRO,1314,212169,7,1186
18-03-2021,KW,Kuwait,EMRO,1504,213673,8,1194
19-03-2021,KW,Kuwait,EMRO,1394,215067,8,1202
20-03-2021,KW,Kuwait,EMRO,1519,216586,8,1210
21-03-2021,KW,Kuwait,EMRO,1347,217933,5,1215
22-03-2021,KW,Kuwait,EMRO,1192,219125,11,1226
23-03-2021,KW,Kuwait,EMRO,1330,220455,7,1233
24-03-2021,KW,Kuwait,EMRO,1288,221743,13,1246
25-03-2021,KW,Kuwait,EMRO,1299,223042,10,1256
26-03-2021,KW,Kuwait,EMRO,1390,224432,2,1258
27-03-2021,KW,Kuwait,EMRO,1548,225980,12,1270
28-03-2021,KW,Kuwait,EMRO,1198,227178,9,1279
29-03-2021,KW,Kuwait,EMRO,1121,228299,7,1286
30-03-2021,KW,Kuwait,EMRO,1251,229550,12,1298
31-03-2021,KW,Kuwait,EMRO,1271,230821,10,1308
01-04-2021,KW,Kuwait,EMRO,1282,232103,5,1313
02-04-2021,KW,Kuwait,EMRO,1418,233521,6,1319
03-04-2021,KW,Kuwait,EMRO,1233,234754,8,1327
04-04-2021,KW,Kuwait,EMRO,1235,235989,12,1339
05-04-2021,KW,Kuwait,EMRO,1203,237192,14,1353
06-04-2021,KW,Kuwait,EMRO,1357,238549,12,1365
07-04-2021,KW,Kuwait,EMRO,1403,239952,8,1373
08-04-2021,KW,Kuwait,EMRO,1517,241469,6,1379
09-04-2021,KW,Kuwait,EMRO,1379,242848,4,1383
10-04-2021,KW,Kuwait,EMRO,1477,244325,10,1393
11-04-2021,KW,Kuwait,EMRO,1379,245704,10,1403
12-04-2021,KW,Kuwait,EMRO,1390,247094,4,1407
13-04-2021,KW,Kuwait,EMRO,1635,248729,5,1412
14-04-2021,KW,Kuwait,EMRO,1544,250273,7,1419
15-04-2021,KW,Kuwait,EMRO,1402,251675,4,1423
16-04-2021,KW,Kuwait,EMRO,1391,253066,5,1428
17-04-2021,KW,Kuwait,EMRO,1406,254472,8,1436
18-04-2021,KW,Kuwait,EMRO,1388,255860,4,1440
19-04-2021,KW,Kuwait,EMRO,1127,256987,8,1448
20-04-2021,KW,Kuwait,EMRO,1510,258497,8,1456
21-04-2021,KW,Kuwait,EMRO,1371,259868,12,1468
22-04-2021,KW,Kuwait,EMRO,1439,261307,14,1482
23-04-2021,KW,Kuwait,EMRO,1459,262766,11,1493
24-04-2021,KW,Kuwait,EMRO,1432,264198,9,1502
25-04-2021,KW,Kuwait,EMRO,1206,265404,9,1511
26-04-2021,KW,Kuwait,EMRO,1545,266949,5,1516
27-04-2021,KW,Kuwait,EMRO,1286,268235,11,1527
28-04-2021,KW,Kuwait,EMRO,1446,269681,8,1535
29-04-2021,KW,Kuwait,EMRO,1464,271145,11,1546
30-04-2021,KW,Kuwait,EMRO,1417,272562,8,1554
01-05-2021,KW,Kuwait,EMRO,1429,273991,9,1563
02-05-2021,KW,Kuwait,EMRO,1279,275270,6,1569
03-05-2021,KW,Kuwait,EMRO,1316,276586,9,1578
04-05-2021,KW,Kuwait,EMRO,1246,277832,12,1590
05-05-2021,KW,Kuwait,EMRO,1253,279085,11,1601
06-05-2021,KW,Kuwait,EMRO,1451,280536,9,1610
07-05-2021,KW,Kuwait,EMRO,1236,281772,11,1621
08-05-2021,KW,Kuwait,EMRO,1209,282981,7,1628
09-05-2021,KW,Kuwait,EMRO,1095,284076,7,1635
10-05-2021,KW,Kuwait,EMRO,992,285068,10,1645
11-05-2021,KW,Kuwait,EMRO,978,286046,7,1652
12-05-2021,KW,Kuwait,EMRO,1153,287199,8,1660
13-05-2021,KW,Kuwait,EMRO,985,288184,9,1669
14-05-2021,KW,Kuwait,EMRO,1059,289243,5,1674
15-05-2021,KW,Kuwait,EMRO,763,290006,7,1681
16-05-2021,KW,Kuwait,EMRO,795,290801,6,1687
17-05-2021,KW,Kuwait,EMRO,828,291629,6,1693
18-05-2021,KW,Kuwait,EMRO,861,292490,3,1696
19-05-2021,KW,Kuwait,EMRO,1084,293574,5,1701
20-05-2021,KW,Kuwait,EMRO,1119,294693,2,1703
21-05-2021,KW,Kuwait,EMRO,1168,295861,8,1711
22-05-2021,KW,Kuwait,EMRO,1345,297206,8,1719
23-05-2021,KW,Kuwait,EMRO,1017,298223,5,1724
24-05-2021,KW,Kuwait,EMRO,992,299215,10,1734
25-05-2021,KW,Kuwait,EMRO,1240,300455,7,1741
26-05-2021,KW,Kuwait,EMRO,1408,301863,5,1746
27-05-2021,KW,Kuwait,EMRO,1176,303039,5,1751
28-05-2021,KW,Kuwait,EMRO,1160,304199,4,1755
29-05-2021,KW,Kuwait,EMRO,1384,305583,5,1760
30-05-2021,KW,Kuwait,EMRO,1134,306717,4,1764
01-01-2021,KG,Kyrgyzstan,EURO,122,81156,1,1356
02-01-2021,KG,Kyrgyzstan,EURO,58,81214,2,1358
03-01-2021,KG,Kyrgyzstan,EURO,91,81305,1,1359
04-01-2021,KG,Kyrgyzstan,EURO,83,81388,1,1360
05-01-2021,KG,Kyrgyzstan,EURO,124,81512,0,1360
06-01-2021,KG,Kyrgyzstan,EURO,144,81656,1,1361
07-01-2021,KG,Kyrgyzstan,EURO,170,81826,2,1363
08-01-2021,KG,Kyrgyzstan,EURO,165,81991,2,1365
09-01-2021,KG,Kyrgyzstan,EURO,147,82138,2,1367
10-01-2021,KG,Kyrgyzstan,EURO,135,82273,2,1369
11-01-2021,KG,Kyrgyzstan,EURO,107,82380,2,1371
12-01-2021,KG,Kyrgyzstan,EURO,115,82495,3,1374
13-01-2021,KG,Kyrgyzstan,EURO,92,82587,1,1375
14-01-2021,KG,Kyrgyzstan,EURO,136,82723,3,1378
15-01-2021,KG,Kyrgyzstan,EURO,134,82857,3,1381
16-01-2021,KG,Kyrgyzstan,EURO,129,82986,1,1382
17-01-2021,KG,Kyrgyzstan,EURO,123,83109,2,1384
18-01-2021,KG,Kyrgyzstan,EURO,69,83178,3,1387
19-01-2021,KG,Kyrgyzstan,EURO,90,83268,3,1390
20-01-2021,KG,Kyrgyzstan,EURO,162,83430,2,1392
21-01-2021,KG,Kyrgyzstan,EURO,155,83585,2,1394
22-01-2021,KG,Kyrgyzstan,EURO,118,83703,2,1396
23-01-2021,KG,Kyrgyzstan,EURO,93,83796,2,1398
24-01-2021,KG,Kyrgyzstan,EURO,104,83900,2,1400
25-01-2021,KG,Kyrgyzstan,EURO,71,83971,1,1401
26-01-2021,KG,Kyrgyzstan,EURO,97,84068,1,1402
27-01-2021,KG,Kyrgyzstan,EURO,107,84175,3,1405
28-01-2021,KG,Kyrgyzstan,EURO,128,84303,3,1408
29-01-2021,KG,Kyrgyzstan,EURO,74,84377,1,1409
30-01-2021,KG,Kyrgyzstan,EURO,76,84453,2,1411
31-01-2021,KG,Kyrgyzstan,EURO,76,84529,1,1412
01-02-2021,KG,Kyrgyzstan,EURO,59,84588,0,1412
02-02-2021,KG,Kyrgyzstan,EURO,58,84646,2,1414
03-02-2021,KG,Kyrgyzstan,EURO,116,84762,1,1415
04-02-2021,KG,Kyrgyzstan,EURO,70,84832,3,1418
05-02-2021,KG,Kyrgyzstan,EURO,88,84920,2,1420
06-02-2021,KG,Kyrgyzstan,EURO,72,84992,3,1423
07-02-2021,KG,Kyrgyzstan,EURO,79,85071,3,1426
08-02-2021,KG,Kyrgyzstan,EURO,42,85113,5,1431
09-02-2021,KG,Kyrgyzstan,EURO,58,85171,2,1433
10-02-2021,KG,Kyrgyzstan,EURO,82,85253,3,1436
11-02-2021,KG,Kyrgyzstan,EURO,75,85328,1,1437
12-02-2021,KG,Kyrgyzstan,EURO,70,85398,2,1439
13-02-2021,KG,Kyrgyzstan,EURO,43,85441,2,1441
14-02-2021,KG,Kyrgyzstan,EURO,34,85475,0,1441
15-02-2021,KG,Kyrgyzstan,EURO,41,85516,1,1442
16-02-2021,KG,Kyrgyzstan,EURO,48,85564,2,1444
17-02-2021,KG,Kyrgyzstan,EURO,55,85619,2,1446
18-02-2021,KG,Kyrgyzstan,EURO,70,85689,1,1447
19-02-2021,KG,Kyrgyzstan,EURO,83,85772,3,1450
20-02-2021,KG,Kyrgyzstan,EURO,59,85831,2,1452
21-02-2021,KG,Kyrgyzstan,EURO,54,85885,6,1458
22-02-2021,KG,Kyrgyzstan,EURO,44,85929,0,1458
23-02-2021,KG,Kyrgyzstan,EURO,72,86001,2,1460
24-02-2021,KG,Kyrgyzstan,EURO,24,86025,0,1460
25-02-2021,KG,Kyrgyzstan,EURO,66,86091,3,1463
26-02-2021,KG,Kyrgyzstan,EURO,51,86142,0,1463
27-02-2021,KG,Kyrgyzstan,EURO,43,86185,0,1463
28-02-2021,KG,Kyrgyzstan,EURO,44,86229,1,1464
01-03-2021,KG,Kyrgyzstan,EURO,22,86251,2,1466
02-03-2021,KG,Kyrgyzstan,EURO,57,86308,1,1467
03-03-2021,KG,Kyrgyzstan,EURO,48,86356,1,1468
04-03-2021,KG,Kyrgyzstan,EURO,54,86410,0,1468
05-03-2021,KG,Kyrgyzstan,EURO,41,86451,2,1470
06-03-2021,KG,Kyrgyzstan,EURO,55,86506,1,1471
07-03-2021,KG,Kyrgyzstan,EURO,44,86550,0,1471
08-03-2021,KG,Kyrgyzstan,EURO,33,86583,2,1473
09-03-2021,KG,Kyrgyzstan,EURO,23,86606,2,1475
10-03-2021,KG,Kyrgyzstan,EURO,34,86640,1,1476
11-03-2021,KG,Kyrgyzstan,EURO,52,86692,0,1476
12-03-2021,KG,Kyrgyzstan,EURO,63,86755,4,1480
13-03-2021,KG,Kyrgyzstan,EURO,63,86818,0,1480
14-03-2021,KG,Kyrgyzstan,EURO,32,86850,1,1481
15-03-2021,KG,Kyrgyzstan,EURO,67,86917,2,1483
16-03-2021,KG,Kyrgyzstan,EURO,73,86990,1,1484
17-03-2021,KG,Kyrgyzstan,EURO,55,87045,1,1485
18-03-2021,KG,Kyrgyzstan,EURO,98,87143,0,1485
19-03-2021,KG,Kyrgyzstan,EURO,96,87239,2,1487
20-03-2021,KG,Kyrgyzstan,EURO,82,87321,1,1488
21-03-2021,KG,Kyrgyzstan,EURO,68,87389,2,1490
22-03-2021,KG,Kyrgyzstan,EURO,73,87462,0,1490
23-03-2021,KG,Kyrgyzstan,EURO,75,87537,0,1490
24-03-2021,KG,Kyrgyzstan,EURO,115,87652,2,1492
25-03-2021,KG,Kyrgyzstan,EURO,106,87758,2,1494
26-03-2021,KG,Kyrgyzstan,EURO,100,87858,0,1494
27-03-2021,KG,Kyrgyzstan,EURO,88,87946,0,1494
28-03-2021,KG,Kyrgyzstan,EURO,146,88092,1,1495
29-03-2021,KG,Kyrgyzstan,EURO,71,88163,2,1497
30-03-2021,KG,Kyrgyzstan,EURO,113,88276,1,1498
31-03-2021,KG,Kyrgyzstan,EURO,98,88374,1,1499
01-04-2021,KG,Kyrgyzstan,EURO,164,88538,1,1500
02-04-2021,KG,Kyrgyzstan,EURO,162,88700,0,1500
03-04-2021,KG,Kyrgyzstan,EURO,142,88842,2,1502
04-04-2021,KG,Kyrgyzstan,EURO,172,89014,4,1506
05-04-2021,KG,Kyrgyzstan,EURO,139,89153,1,1507
06-04-2021,KG,Kyrgyzstan,EURO,124,89277,2,1509
07-04-2021,KG,Kyrgyzstan,EURO,161,89438,3,1512
08-04-2021,KG,Kyrgyzstan,EURO,222,89660,4,1516
09-04-2021,KG,Kyrgyzstan,EURO,151,89811,0,1516
10-04-2021,KG,Kyrgyzstan,EURO,208,90019,3,1519
11-04-2021,KG,Kyrgyzstan,EURO,208,90227,3,1522
12-04-2021,KG,Kyrgyzstan,EURO,145,90372,6,1528
13-04-2021,KG,Kyrgyzstan,EURO,227,90599,4,1532
14-04-2021,KG,Kyrgyzstan,EURO,240,90839,2,1534
15-04-2021,KG,Kyrgyzstan,EURO,305,91144,6,1540
16-04-2021,KG,Kyrgyzstan,EURO,230,91374,4,1544
17-04-2021,KG,Kyrgyzstan,EURO,265,91639,2,1546
18-04-2021,KG,Kyrgyzstan,EURO,244,91883,3,1549
19-04-2021,KG,Kyrgyzstan,EURO,212,92095,6,1555
20-04-2021,KG,Kyrgyzstan,EURO,225,92320,2,1557
21-04-2021,KG,Kyrgyzstan,EURO,306,92626,4,1561
22-04-2021,KG,Kyrgyzstan,EURO,380,93006,5,1566
23-04-2021,KG,Kyrgyzstan,EURO,272,93278,7,1573
24-04-2021,KG,Kyrgyzstan,EURO,325,93603,5,1578
25-04-2021,KG,Kyrgyzstan,EURO,228,93831,4,1582
26-04-2021,KG,Kyrgyzstan,EURO,199,94030,2,1584
27-04-2021,KG,Kyrgyzstan,EURO,247,94277,5,1589
28-04-2021,KG,Kyrgyzstan,EURO,322,94599,3,1592
29-04-2021,KG,Kyrgyzstan,EURO,345,94944,6,1598
30-04-2021,KG,Kyrgyzstan,EURO,331,95275,6,1604
01-05-2021,KG,Kyrgyzstan,EURO,477,95752,8,1612
02-05-2021,KG,Kyrgyzstan,EURO,308,96060,7,1619
03-05-2021,KG,Kyrgyzstan,EURO,277,96337,3,1622
04-05-2021,KG,Kyrgyzstan,EURO,224,96561,8,1630
05-05-2021,KG,Kyrgyzstan,EURO,397,96958,7,1637
06-05-2021,KG,Kyrgyzstan,EURO,320,97278,3,1640
07-05-2021,KG,Kyrgyzstan,EURO,385,97663,3,1643
08-05-2021,KG,Kyrgyzstan,EURO,416,98079,6,1649
09-05-2021,KG,Kyrgyzstan,EURO,321,98400,6,1655
10-05-2021,KG,Kyrgyzstan,EURO,254,98654,5,1660
11-05-2021,KG,Kyrgyzstan,EURO,379,99033,7,1667
12-05-2021,KG,Kyrgyzstan,EURO,283,99316,8,1675
13-05-2021,KG,Kyrgyzstan,EURO,329,99645,6,1681
14-05-2021,KG,Kyrgyzstan,EURO,200,99845,6,1687
15-05-2021,KG,Kyrgyzstan,EURO,404,100249,8,1695
16-05-2021,KG,Kyrgyzstan,EURO,224,100473,8,1703
17-05-2021,KG,Kyrgyzstan,EURO,259,100732,8,1711
18-05-2021,KG,Kyrgyzstan,EURO,234,100966,7,1718
19-05-2021,KG,Kyrgyzstan,EURO,253,101219,7,1725
20-05-2021,KG,Kyrgyzstan,EURO,361,101580,4,1729
21-05-2021,KG,Kyrgyzstan,EURO,298,101878,6,1735
22-05-2021,KG,Kyrgyzstan,EURO,308,102186,8,1743
23-05-2021,KG,Kyrgyzstan,EURO,325,102511,8,1751
24-05-2021,KG,Kyrgyzstan,EURO,191,102702,6,1757
25-05-2021,KG,Kyrgyzstan,EURO,298,103000,8,1765
26-05-2021,KG,Kyrgyzstan,EURO,207,103207,8,1773
27-05-2021,KG,Kyrgyzstan,EURO,376,103583,8,1781
28-05-2021,KG,Kyrgyzstan,EURO,283,103866,7,1788
29-05-2021,KG,Kyrgyzstan,EURO,356,104222,9,1797
30-05-2021,KG,Kyrgyzstan,EURO,333,104555,6,1803
01-01-2021,LA,Lao People's Democratic Republic,WPRO,0,41,0,0
02-01-2021,LA,Lao People's Democratic Republic,WPRO,0,41,0,0
03-01-2021,LA,Lao People's Democratic Republic,WPRO,0,41,0,0
04-01-2021,LA,Lao People's Democratic Republic,WPRO,0,41,0,0
05-01-2021,LA,Lao People's Democratic Republic,WPRO,0,41,0,0
06-01-2021,LA,Lao People's Democratic Republic,WPRO,0,41,0,0
07-01-2021,LA,Lao People's Democratic Republic,WPRO,0,41,0,0
08-01-2021,LA,Lao People's Democratic Republic,WPRO,0,41,0,0
09-01-2021,LA,Lao People's Democratic Republic,WPRO,0,41,0,0
10-01-2021,LA,Lao People's Democratic Republic,WPRO,0,41,0,0
11-01-2021,LA,Lao People's Democratic Republic,WPRO,0,41,0,0
12-01-2021,LA,Lao People's Democratic Republic,WPRO,0,41,0,0
13-01-2021,LA,Lao People's Democratic Republic,WPRO,0,41,0,0
14-01-2021,LA,Lao People's Democratic Republic,WPRO,0,41,0,0
15-01-2021,LA,Lao People's Democratic Republic,WPRO,0,41,0,0
16-01-2021,LA,Lao People's Democratic Republic,WPRO,0,41,0,0
17-01-2021,LA,Lao People's Democratic Republic,WPRO,0,41,0,0
18-01-2021,LA,Lao People's Democratic Republic,WPRO,0,41,0,0
19-01-2021,LA,Lao People's Democratic Republic,WPRO,0,41,0,0
20-01-2021,LA,Lao People's Democratic Republic,WPRO,0,41,0,0
21-01-2021,LA,Lao People's Democratic Republic,WPRO,0,41,0,0
22-01-2021,LA,Lao People's Democratic Republic,WPRO,0,41,0,0
23-01-2021,LA,Lao People's Democratic Republic,WPRO,2,43,0,0
24-01-2021,LA,Lao People's Democratic Republic,WPRO,0,43,0,0
25-01-2021,LA,Lao People's Democratic Republic,WPRO,0,43,0,0
26-01-2021,LA,Lao People's Democratic Republic,WPRO,1,44,0,0
27-01-2021,LA,Lao People's Democratic Republic,WPRO,0,44,0,0
28-01-2021,LA,Lao People's Democratic Republic,WPRO,0,44,0,0
29-01-2021,LA,Lao People's Democratic Republic,WPRO,0,44,0,0
30-01-2021,LA,Lao People's Democratic Republic,WPRO,0,44,0,0
31-01-2021,LA,Lao People's Democratic Republic,WPRO,0,44,0,0
01-02-2021,LA,Lao People's Democratic Republic,WPRO,0,44,0,0
02-02-2021,LA,Lao People's Democratic Republic,WPRO,0,44,0,0
03-02-2021,LA,Lao People's Democratic Republic,WPRO,0,44,0,0
04-02-2021,LA,Lao People's Democratic Republic,WPRO,1,45,0,0
05-02-2021,LA,Lao People's Democratic Republic,WPRO,0,45,0,0
06-02-2021,LA,Lao People's Democratic Republic,WPRO,0,45,0,0
07-02-2021,LA,Lao People's Democratic Republic,WPRO,0,45,0,0
08-02-2021,LA,Lao People's Democratic Republic,WPRO,0,45,0,0
09-02-2021,LA,Lao People's Democratic Republic,WPRO,0,45,0,0
10-02-2021,LA,Lao People's Democratic Republic,WPRO,0,45,0,0
11-02-2021,LA,Lao People's Democratic Republic,WPRO,0,45,0,0
12-02-2021,LA,Lao People's Democratic Republic,WPRO,0,45,0,0
13-02-2021,LA,Lao People's Democratic Republic,WPRO,0,45,0,0
14-02-2021,LA,Lao People's Democratic Republic,WPRO,0,45,0,0
15-02-2021,LA,Lao People's Democratic Republic,WPRO,0,45,0,0
16-02-2021,LA,Lao People's Democratic Republic,WPRO,0,45,0,0
17-02-2021,LA,Lao People's Democratic Republic,WPRO,0,45,0,0
18-02-2021,LA,Lao People's Democratic Republic,WPRO,0,45,0,0
19-02-2021,LA,Lao People's Democratic Republic,WPRO,0,45,0,0
20-02-2021,LA,Lao People's Democratic Republic,WPRO,0,45,0,0
21-02-2021,LA,Lao People's Democratic Republic,WPRO,0,45,0,0
22-02-2021,LA,Lao People's Democratic Republic,WPRO,0,45,0,0
23-02-2021,LA,Lao People's Democratic Republic,WPRO,0,45,0,0
24-02-2021,LA,Lao People's Democratic Republic,WPRO,0,45,0,0
25-02-2021,LA,Lao People's Democratic Republic,WPRO,0,45,0,0
26-02-2021,LA,Lao People's Democratic Republic,WPRO,0,45,0,0
27-02-2021,LA,Lao People's Democratic Republic,WPRO,0,45,0,0
28-02-2021,LA,Lao People's Democratic Republic,WPRO,0,45,0,0
01-03-2021,LA,Lao People's Democratic Republic,WPRO,0,45,0,0
02-03-2021,LA,Lao People's Democratic Republic,WPRO,0,45,0,0
03-03-2021,LA,Lao People's Democratic Republic,WPRO,0,45,0,0
04-03-2021,LA,Lao People's Democratic Republic,WPRO,0,45,0,0
05-03-2021,LA,Lao People's Democratic Republic,WPRO,0,45,0,0
06-03-2021,LA,Lao People's Democratic Republic,WPRO,2,47,0,0
07-03-2021,LA,Lao People's Democratic Republic,WPRO,0,47,0,0
08-03-2021,LA,Lao People's Democratic Republic,WPRO,0,47,0,0
09-03-2021,LA,Lao People's Democratic Republic,WPRO,0,47,0,0
10-03-2021,LA,Lao People's Democratic Republic,WPRO,0,47,0,0
11-03-2021,LA,Lao People's Democratic Republic,WPRO,1,48,0,0
12-03-2021,LA,Lao People's Democratic Republic,WPRO,0,48,0,0
13-03-2021,LA,Lao People's Democratic Republic,WPRO,0,48,0,0
14-03-2021,LA,Lao People's Democratic Republic,WPRO,1,49,0,0
15-03-2021,LA,Lao People's Democratic Republic,WPRO,0,49,0,0
16-03-2021,LA,Lao People's Democratic Republic,WPRO,0,49,0,0
17-03-2021,LA,Lao People's Democratic Republic,WPRO,0,49,0,0
18-03-2021,LA,Lao People's Democratic Republic,WPRO,0,49,0,0
19-03-2021,LA,Lao People's Democratic Republic,WPRO,0,49,0,0
20-03-2021,LA,Lao People's Democratic Republic,WPRO,0,49,0,0
21-03-2021,LA,Lao People's Democratic Republic,WPRO,0,49,0,0
22-03-2021,LA,Lao People's Democratic Republic,WPRO,0,49,0,0
23-03-2021,LA,Lao People's Democratic Republic,WPRO,0,49,0,0
24-03-2021,LA,Lao People's Democratic Republic,WPRO,0,49,0,0
25-03-2021,LA,Lao People's Democratic Republic,WPRO,0,49,0,0
26-03-2021,LA,Lao People's Democratic Republic,WPRO,0,49,0,0
27-03-2021,LA,Lao People's Democratic Republic,WPRO,0,49,0,0
28-03-2021,LA,Lao People's Democratic Republic,WPRO,0,49,0,0
29-03-2021,LA,Lao People's Democratic Republic,WPRO,0,49,0,0
30-03-2021,LA,Lao People's Democratic Republic,WPRO,0,49,0,0
31-03-2021,LA,Lao People's Democratic Republic,WPRO,0,49,0,0
01-04-2021,LA,Lao People's Democratic Republic,WPRO,0,49,0,0
02-04-2021,LA,Lao People's Democratic Republic,WPRO,0,49,0,0
03-04-2021,LA,Lao People's Democratic Republic,WPRO,0,49,0,0
04-04-2021,LA,Lao People's Democratic Republic,WPRO,0,49,0,0
05-04-2021,LA,Lao People's Democratic Republic,WPRO,0,49,0,0
06-04-2021,LA,Lao People's Democratic Republic,WPRO,0,49,0,0
07-04-2021,LA,Lao People's Democratic Republic,WPRO,0,49,0,0
08-04-2021,LA,Lao People's Democratic Republic,WPRO,0,49,0,0
09-04-2021,LA,Lao People's Democratic Republic,WPRO,0,49,0,0
10-04-2021,LA,Lao People's Democratic Republic,WPRO,0,49,0,0
11-04-2021,LA,Lao People's Democratic Republic,WPRO,0,49,0,0
12-04-2021,LA,Lao People's Democratic Republic,WPRO,2,51,0,0
13-04-2021,LA,Lao People's Democratic Republic,WPRO,1,52,0,0
14-04-2021,LA,Lao People's Democratic Republic,WPRO,0,52,0,0
15-04-2021,LA,Lao People's Democratic Republic,WPRO,1,53,0,0
16-04-2021,LA,Lao People's Democratic Republic,WPRO,0,53,0,0
17-04-2021,LA,Lao People's Democratic Republic,WPRO,1,54,0,0
18-04-2021,LA,Lao People's Democratic Republic,WPRO,4,58,0,0
19-04-2021,LA,Lao People's Democratic Republic,WPRO,0,58,0,0
20-04-2021,LA,Lao People's Democratic Republic,WPRO,0,58,0,0
21-04-2021,LA,Lao People's Democratic Republic,WPRO,2,60,0,0
22-04-2021,LA,Lao People's Democratic Republic,WPRO,28,88,0,0
23-04-2021,LA,Lao People's Democratic Republic,WPRO,6,94,0,0
24-04-2021,LA,Lao People's Democratic Republic,WPRO,65,159,0,0
25-04-2021,LA,Lao People's Democratic Republic,WPRO,88,247,0,0
26-04-2021,LA,Lao People's Democratic Republic,WPRO,76,323,0,0
27-04-2021,LA,Lao People's Democratic Republic,WPRO,113,436,0,0
28-04-2021,LA,Lao People's Democratic Republic,WPRO,75,511,0,0
29-04-2021,LA,Lao People's Democratic Republic,WPRO,93,604,0,0
30-04-2021,LA,Lao People's Democratic Republic,WPRO,68,672,0,0
01-05-2021,LA,Lao People's Democratic Republic,WPRO,85,757,0,0
02-05-2021,LA,Lao People's Democratic Republic,WPRO,64,821,0,0
03-05-2021,LA,Lao People's Democratic Republic,WPRO,112,933,0,0
04-05-2021,LA,Lao People's Democratic Republic,WPRO,33,966,0,0
05-05-2021,LA,Lao People's Democratic Republic,WPRO,60,1026,0,0
06-05-2021,LA,Lao People's Democratic Republic,WPRO,46,1072,0,0
07-05-2021,LA,Lao People's Democratic Republic,WPRO,105,1177,0,0
08-05-2021,LA,Lao People's Democratic Republic,WPRO,28,1205,0,0
09-05-2021,LA,Lao People's Democratic Republic,WPRO,28,1233,0,0
10-05-2021,LA,Lao People's Democratic Republic,WPRO,69,1302,1,1
11-05-2021,LA,Lao People's Democratic Republic,WPRO,25,1327,0,1
12-05-2021,LA,Lao People's Democratic Republic,WPRO,35,1362,0,1
13-05-2021,LA,Lao People's Democratic Republic,WPRO,55,1417,0,1
14-05-2021,LA,Lao People's Democratic Republic,WPRO,65,1482,0,1
15-05-2021,LA,Lao People's Democratic Republic,WPRO,16,1498,1,2
16-05-2021,LA,Lao People's Democratic Republic,WPRO,72,1570,0,2
17-05-2021,LA,Lao People's Democratic Republic,WPRO,21,1591,0,2
18-05-2021,LA,Lao People's Democratic Republic,WPRO,47,1638,0,2
19-05-2021,LA,Lao People's Democratic Republic,WPRO,49,1687,0,2
20-05-2021,LA,Lao People's Democratic Republic,WPRO,50,1737,0,2
21-05-2021,LA,Lao People's Democratic Republic,WPRO,14,1751,0,2
22-05-2021,LA,Lao People's Democratic Republic,WPRO,12,1763,0,2
23-05-2021,LA,Lao People's Democratic Republic,WPRO,19,1782,0,2
24-05-2021,LA,Lao People's Democratic Republic,WPRO,19,1801,0,2
25-05-2021,LA,Lao People's Democratic Republic,WPRO,21,1822,0,2
26-05-2021,LA,Lao People's Democratic Republic,WPRO,56,1878,0,2
27-05-2021,LA,Lao People's Democratic Republic,WPRO,5,1883,0,2
28-05-2021,LA,Lao People's Democratic Republic,WPRO,12,1895,0,2
29-05-2021,LA,Lao People's Democratic Republic,WPRO,10,1905,1,3
30-05-2021,LA,Lao People's Democratic Republic,WPRO,3,1908,0,3
01-01-2021,LV,Latvia,EURO,1861,40904,9,635
02-01-2021,LV,Latvia,EURO,711,41615,9,644
03-01-2021,LV,Latvia,EURO,314,41929,24,668
04-01-2021,LV,Latvia,EURO,568,42497,12,680
05-01-2021,LV,Latvia,EURO,621,43118,12,692
06-01-2021,LV,Latvia,EURO,824,43942,30,722
07-01-2021,LV,Latvia,EURO,1229,45171,32,754
08-01-2021,LV,Latvia,EURO,1374,46545,36,790
09-01-2021,LV,Latvia,EURO,1237,47782,11,801
10-01-2021,LV,Latvia,EURO,1170,48952,17,818
11-01-2021,LV,Latvia,EURO,616,49568,31,849
12-01-2021,LV,Latvia,EURO,331,49899,15,864
13-01-2021,LV,Latvia,EURO,878,50777,18,882
14-01-2021,LV,Latvia,EURO,1255,52032,27,909
15-01-2021,LV,Latvia,EURO,950,52982,11,920
16-01-2021,LV,Latvia,EURO,1084,54066,0,920
17-01-2021,LV,Latvia,EURO,1031,55097,41,961
18-01-2021,LV,Latvia,EURO,567,55664,17,978
19-01-2021,LV,Latvia,EURO,244,55908,5,983
20-01-2021,LV,Latvia,EURO,812,56720,29,1012
21-01-2021,LV,Latvia,EURO,1088,57808,20,1032
22-01-2021,LV,Latvia,EURO,902,58710,25,1057
23-01-2021,LV,Latvia,EURO,876,59586,19,1076
24-01-2021,LV,Latvia,EURO,910,60496,21,1097
25-01-2021,LV,Latvia,EURO,512,61008,14,1111
26-01-2021,LV,Latvia,EURO,223,61231,3,1114
27-01-2021,LV,Latvia,EURO,693,61924,12,1126
28-01-2021,LV,Latvia,EURO,1103,63027,12,1138
29-01-2021,LV,Latvia,EURO,965,63992,10,1148
30-01-2021,LV,Latvia,EURO,931,64923,18,1166
31-01-2021,LV,Latvia,EURO,785,65708,14,1180
01-02-2021,LV,Latvia,EURO,533,66241,15,1195
02-02-2021,LV,Latvia,EURO,411,66652,7,1202
03-02-2021,LV,Latvia,EURO,775,67427,17,1219
04-02-2021,LV,Latvia,EURO,1231,68658,31,1250
05-02-2021,LV,Latvia,EURO,742,69400,31,1281
06-02-2021,LV,Latvia,EURO,876,70276,28,1309
07-02-2021,LV,Latvia,EURO,1044,71320,18,1327
08-02-2021,LV,Latvia,EURO,480,71800,12,1339
09-02-2021,LV,Latvia,EURO,288,72088,8,1347
10-02-2021,LV,Latvia,EURO,781,72869,16,1363
11-02-2021,LV,Latvia,EURO,990,73859,32,1395
12-02-2021,LV,Latvia,EURO,842,74701,21,1416
13-02-2021,LV,Latvia,EURO,808,75509,15,1431
14-02-2021,LV,Latvia,EURO,773,76282,12,1443
15-02-2021,LV,Latvia,EURO,424,76706,8,1451
16-02-2021,LV,Latvia,EURO,278,76984,17,1468
17-02-2021,LV,Latvia,EURO,713,77697,18,1486
18-02-2021,LV,Latvia,EURO,946,78643,22,1508
19-02-2021,LV,Latvia,EURO,708,79351,13,1521
20-02-2021,LV,Latvia,EURO,689,80040,12,1533
21-02-2021,LV,Latvia,EURO,1069,81109,5,1538
22-02-2021,LV,Latvia,EURO,410,81519,4,1542
23-02-2021,LV,Latvia,EURO,274,81793,4,1546
24-02-2021,LV,Latvia,EURO,669,82462,24,1570
25-02-2021,LV,Latvia,EURO,983,83445,17,1587
26-02-2021,LV,Latvia,EURO,813,84258,6,1593
27-02-2021,LV,Latvia,EURO,725,84983,8,1601
28-02-2021,LV,Latvia,EURO,827,85810,13,1614
01-03-2021,LV,Latvia,EURO,376,86186,4,1618
02-03-2021,LV,Latvia,EURO,272,86458,3,1621
03-03-2021,LV,Latvia,EURO,645,87103,17,1638
04-03-2021,LV,Latvia,EURO,919,88022,16,1654
05-03-2021,LV,Latvia,EURO,646,88668,12,1666
06-03-2021,LV,Latvia,EURO,746,89414,14,1680
07-03-2021,LV,Latvia,EURO,595,90009,7,1687
08-03-2021,LV,Latvia,EURO,322,90331,8,1695
09-03-2021,LV,Latvia,EURO,194,90525,4,1699
10-03-2021,LV,Latvia,EURO,472,90997,6,1705
11-03-2021,LV,Latvia,EURO,639,91636,21,1726
12-03-2021,LV,Latvia,EURO,638,92274,11,1737
13-03-2021,LV,Latvia,EURO,632,92906,9,1746
14-03-2021,LV,Latvia,EURO,578,93484,11,1757
15-03-2021,LV,Latvia,EURO,307,93791,10,1767
16-03-2021,LV,Latvia,EURO,166,93957,2,1769
17-03-2021,LV,Latvia,EURO,645,94602,8,1777
18-03-2021,LV,Latvia,EURO,818,95420,12,1789
19-03-2021,LV,Latvia,EURO,482,95902,12,1801
20-03-2021,LV,Latvia,EURO,622,96524,10,1811
21-03-2021,LV,Latvia,EURO,625,97149,10,1821
22-03-2021,LV,Latvia,EURO,260,97409,5,1826
23-03-2021,LV,Latvia,EURO,177,97586,2,1828
24-03-2021,LV,Latvia,EURO,508,98094,12,1840
25-03-2021,LV,Latvia,EURO,776,98870,11,1851
26-03-2021,LV,Latvia,EURO,606,99476,13,1864
27-03-2021,LV,Latvia,EURO,638,100114,3,1867
28-03-2021,LV,Latvia,EURO,602,100716,5,1872
29-03-2021,LV,Latvia,EURO,324,101040,6,1878
30-03-2021,LV,Latvia,EURO,167,101207,5,1883
31-03-2021,LV,Latvia,EURO,526,101733,10,1893
01-04-2021,LV,Latvia,EURO,630,102363,6,1899
02-04-2021,LV,Latvia,EURO,638,103001,14,1913
03-04-2021,LV,Latvia,EURO,587,103588,9,1922
04-04-2021,LV,Latvia,EURO,279,103867,1,1923
05-04-2021,LV,Latvia,EURO,238,104105,8,1931
06-04-2021,LV,Latvia,EURO,119,104224,3,1934
07-04-2021,LV,Latvia,EURO,309,104533,3,1937
08-04-2021,LV,Latvia,EURO,643,105176,9,1946
09-04-2021,LV,Latvia,EURO,740,105916,17,1963
10-04-2021,LV,Latvia,EURO,658,106574,18,1981
11-04-2021,LV,Latvia,EURO,666,107240,5,1986
12-04-2021,LV,Latvia,EURO,368,107608,0,1986
13-04-2021,LV,Latvia,EURO,210,107818,4,1990
14-04-2021,LV,Latvia,EURO,537,108355,12,2002
15-04-2021,LV,Latvia,EURO,733,109088,17,2019
16-04-2021,LV,Latvia,EURO,643,109731,11,2030
17-04-2021,LV,Latvia,EURO,612,110343,12,2042
18-04-2021,LV,Latvia,EURO,654,110997,6,2048
19-04-2021,LV,Latvia,EURO,337,111334,5,2053
20-04-2021,LV,Latvia,EURO,202,111536,3,2056
21-04-2021,LV,Latvia,EURO,688,112224,15,2071
22-04-2021,LV,Latvia,EURO,759,112983,8,2079
23-04-2021,LV,Latvia,EURO,578,113561,9,2088
24-04-2021,LV,Latvia,EURO,683,114244,6,2094
25-04-2021,LV,Latvia,EURO,711,114955,7,2101
26-04-2021,LV,Latvia,EURO,361,115316,1,2102
27-04-2021,LV,Latvia,EURO,220,115536,4,2106
28-04-2021,LV,Latvia,EURO,596,116132,4,2110
29-04-2021,LV,Latvia,EURO,967,117099,8,2118
30-04-2021,LV,Latvia,EURO,696,117795,7,2125
01-05-2021,LV,Latvia,EURO,763,118558,6,2131
02-05-2021,LV,Latvia,EURO,812,119370,8,2139
03-05-2021,LV,Latvia,EURO,380,119750,5,2144
04-05-2021,LV,Latvia,EURO,203,119953,10,2154
05-05-2021,LV,Latvia,EURO,425,120378,5,2159
06-05-2021,LV,Latvia,EURO,358,120736,7,2166
07-05-2021,LV,Latvia,EURO,773,121509,12,2178
08-05-2021,LV,Latvia,EURO,1036,122545,19,2197
09-05-2021,LV,Latvia,EURO,786,123331,11,2208
10-05-2021,LV,Latvia,EURO,632,123963,4,2212
11-05-2021,LV,Latvia,EURO,338,124301,1,2213
12-05-2021,LV,Latvia,EURO,659,124960,4,2217
13-05-2021,LV,Latvia,EURO,729,125689,6,2223
14-05-2021,LV,Latvia,EURO,698,126387,17,2240
15-05-2021,LV,Latvia,EURO,666,127053,8,2248
16-05-2021,LV,Latvia,EURO,544,127597,9,2257
17-05-2021,LV,Latvia,EURO,381,127978,9,2266
18-05-2021,LV,Latvia,EURO,147,128125,3,2269
19-05-2021,LV,Latvia,EURO,563,128688,11,2280
20-05-2021,LV,Latvia,EURO,609,129297,18,2298
21-05-2021,LV,Latvia,EURO,497,129794,3,2301
22-05-2021,LV,Latvia,EURO,477,130271,8,2309
23-05-2021,LV,Latvia,EURO,441,130712,14,2323
24-05-2021,LV,Latvia,EURO,233,130945,3,2326
25-05-2021,LV,Latvia,EURO,134,131079,2,2328
26-05-2021,LV,Latvia,EURO,435,131514,14,2342
27-05-2021,LV,Latvia,EURO,396,131910,6,2348
28-05-2021,LV,Latvia,EURO,348,132258,7,2355
29-05-2021,LV,Latvia,EURO,354,132612,4,2359
30-05-2021,LV,Latvia,EURO,306,132918,11,2370
01-01-2021,LB,Lebanon,EMRO,3507,181503,12,1455
02-01-2021,LB,Lebanon,EMRO,2385,183888,11,1466
03-01-2021,LB,Lebanon,EMRO,2520,186408,10,1476
04-01-2021,LB,Lebanon,EMRO,2870,189278,10,1486
05-01-2021,LB,Lebanon,EMRO,2861,192139,13,1499
06-01-2021,LB,Lebanon,EMRO,3620,195759,17,1516
07-01-2021,LB,Lebanon,EMRO,4166,199925,21,1537
08-01-2021,LB,Lebanon,EMRO,4774,204699,16,1553
09-01-2021,LB,Lebanon,EMRO,5440,210139,17,1570
10-01-2021,LB,Lebanon,EMRO,5414,215553,20,1590
11-01-2021,LB,Lebanon,EMRO,3743,219296,16,1606
12-01-2021,LB,Lebanon,EMRO,3095,222391,23,1629
13-01-2021,LB,Lebanon,EMRO,4557,226948,76,1705
14-01-2021,LB,Lebanon,EMRO,4988,231936,35,1740
15-01-2021,LB,Lebanon,EMRO,5196,237132,41,1781
16-01-2021,LB,Lebanon,EMRO,6154,243286,44,1825
17-01-2021,LB,Lebanon,EMRO,5872,249158,41,1866
18-01-2021,LB,Lebanon,EMRO,3654,252812,40,1906
19-01-2021,LB,Lebanon,EMRO,3144,255956,53,1959
20-01-2021,LB,Lebanon,EMRO,4359,260315,61,2020
21-01-2021,LB,Lebanon,EMRO,4332,264647,64,2084
22-01-2021,LB,Lebanon,EMRO,4594,269241,67,2151
23-01-2021,LB,Lebanon,EMRO,3170,272411,67,2218
24-01-2021,LB,Lebanon,EMRO,4176,276587,62,2280
25-01-2021,LB,Lebanon,EMRO,3010,279597,60,2340
26-01-2021,LB,Lebanon,EMRO,2652,282249,54,2394
27-01-2021,LB,Lebanon,EMRO,3505,285754,83,2477
28-01-2021,LB,Lebanon,EMRO,3906,289660,76,2553
29-01-2021,LB,Lebanon,EMRO,3497,293157,68,2621
30-01-2021,LB,Lebanon,EMRO,3125,296282,59,2680
31-01-2021,LB,Lebanon,EMRO,2631,298913,351,3031
01-02-2021,LB,Lebanon,EMRO,2139,301052,51,3082
02-02-2021,LB,Lebanon,EMRO,2020,303072,63,3145
03-02-2021,LB,Lebanon,EMRO,2770,305842,81,3226
04-02-2021,LB,Lebanon,EMRO,3320,309162,89,3315
05-02-2021,LB,Lebanon,EMRO,3107,312269,82,3397
06-02-2021,LB,Lebanon,EMRO,3071,315340,98,3495
07-02-2021,LB,Lebanon,EMRO,2496,317836,67,3562
08-02-2021,LB,Lebanon,EMRO,2081,319917,54,3616
09-02-2021,LB,Lebanon,EMRO,2063,321980,61,3677
10-02-2021,LB,Lebanon,EMRO,2879,324859,60,3737
11-02-2021,LB,Lebanon,EMRO,3157,328016,66,3803
12-02-2021,LB,Lebanon,EMRO,3136,331152,63,3866
13-02-2021,LB,Lebanon,EMRO,2934,334086,49,3915
14-02-2021,LB,Lebanon,EMRO,2906,336992,46,3961
15-02-2021,LB,Lebanon,EMRO,2130,339122,32,3993
16-02-2021,LB,Lebanon,EMRO,1739,340861,44,4037
17-02-2021,LB,Lebanon,EMRO,2723,343584,55,4092
18-02-2021,LB,Lebanon,EMRO,2479,346063,60,4152
19-02-2021,LB,Lebanon,EMRO,2730,348793,54,4206
20-02-2021,LB,Lebanon,EMRO,2255,351048,51,4257
21-02-2021,LB,Lebanon,EMRO,2323,353371,40,4297
22-02-2021,LB,Lebanon,EMRO,1685,355056,43,4340
23-02-2021,LB,Lebanon,EMRO,1541,356597,47,4387
24-02-2021,LB,Lebanon,EMRO,2723,359320,59,4446
25-02-2021,LB,Lebanon,EMRO,3513,362833,62,4508
26-02-2021,LB,Lebanon,EMRO,3469,366302,52,4560
27-02-2021,LB,Lebanon,EMRO,3373,369675,50,4610
28-02-2021,LB,Lebanon,EMRO,3100,372775,42,4652
01-03-2021,LB,Lebanon,EMRO,2258,375033,40,4692
02-03-2021,LB,Lebanon,EMRO,1888,376921,51,4743
03-03-2021,LB,Lebanon,EMRO,3098,380019,62,4805
04-03-2021,LB,Lebanon,EMRO,3463,383482,61,4866
05-03-2021,LB,Lebanon,EMRO,3369,386851,53,4919
06-03-2021,LB,Lebanon,EMRO,3202,390053,52,4971
07-03-2021,LB,Lebanon,EMRO,3158,393211,42,5013
08-03-2021,LB,Lebanon,EMRO,2377,395588,33,5046
09-03-2021,LB,Lebanon,EMRO,2283,397871,43,5089
10-03-2021,LB,Lebanon,EMRO,3939,401810,45,5134
11-03-2021,LB,Lebanon,EMRO,3581,405391,46,5180
12-03-2021,LB,Lebanon,EMRO,3518,408909,50,5230
13-03-2021,LB,Lebanon,EMRO,2930,411839,48,5278
14-03-2021,LB,Lebanon,EMRO,3523,415362,56,5334
15-03-2021,LB,Lebanon,EMRO,3086,418448,46,5380
16-03-2021,LB,Lebanon,EMRO,1505,419953,42,5422
17-03-2021,LB,Lebanon,EMRO,3480,423433,52,5474
18-03-2021,LB,Lebanon,EMRO,3544,426977,62,5536
19-03-2021,LB,Lebanon,EMRO,3757,430734,73,5609
20-03-2021,LB,Lebanon,EMRO,3588,434322,55,5664
21-03-2021,LB,Lebanon,EMRO,2253,436575,51,5715
22-03-2021,LB,Lebanon,EMRO,4439,441014,93,5808
23-03-2021,LB,Lebanon,EMRO,3851,444865,42,5850
24-03-2021,LB,Lebanon,EMRO,3856,448721,53,5903
25-03-2021,LB,Lebanon,EMRO,0,448721,0,5903
26-03-2021,LB,Lebanon,EMRO,3560,452281,61,5964
27-03-2021,LB,Lebanon,EMRO,3100,455381,49,6013
28-03-2021,LB,Lebanon,EMRO,2957,458338,45,6058
29-03-2021,LB,Lebanon,EMRO,2724,461062,38,6096
30-03-2021,LB,Lebanon,EMRO,1277,462339,40,6136
31-03-2021,LB,Lebanon,EMRO,2668,465007,48,6184
01-04-2021,LB,Lebanon,EMRO,3393,468400,50,6234
02-04-2021,LB,Lebanon,EMRO,3562,471962,52,6286
03-04-2021,LB,Lebanon,EMRO,2963,474925,60,6346
04-04-2021,LB,Lebanon,EMRO,2188,477113,33,6379
05-04-2021,LB,Lebanon,EMRO,2388,479501,30,6409
06-04-2021,LB,Lebanon,EMRO,1001,480502,34,6443
07-04-2021,LB,Lebanon,EMRO,2296,482798,36,6479
08-04-2021,LB,Lebanon,EMRO,3120,485918,33,6512
09-04-2021,LB,Lebanon,EMRO,3510,489428,37,6549
10-04-2021,LB,Lebanon,EMRO,2500,491928,43,6592
11-04-2021,LB,Lebanon,EMRO,2705,494633,38,6630
12-04-2021,LB,Lebanon,EMRO,2213,496846,31,6661
13-04-2021,LB,Lebanon,EMRO,1008,497854,42,6703
14-04-2021,LB,Lebanon,EMRO,1985,499839,35,6738
15-04-2021,LB,Lebanon,EMRO,2460,502299,40,6778
16-04-2021,LB,Lebanon,EMRO,2501,504800,31,6809
17-04-2021,LB,Lebanon,EMRO,2008,506808,45,6854
18-04-2021,LB,Lebanon,EMRO,1695,508503,32,6886
19-04-2021,LB,Lebanon,EMRO,1900,510403,39,6925
20-04-2021,LB,Lebanon,EMRO,995,511398,34,6959
21-04-2021,LB,Lebanon,EMRO,1608,513006,36,6995
22-04-2021,LB,Lebanon,EMRO,2082,515088,32,7027
23-04-2021,LB,Lebanon,EMRO,1512,516600,30,7057
24-04-2021,LB,Lebanon,EMRO,1504,518104,33,7090
25-04-2021,LB,Lebanon,EMRO,1511,519615,26,7116
26-04-2021,LB,Lebanon,EMRO,1324,520939,26,7142
27-04-2021,LB,Lebanon,EMRO,642,521581,29,7171
28-04-2021,LB,Lebanon,EMRO,1182,522763,26,7197
29-04-2021,LB,Lebanon,EMRO,1478,524241,27,7224
30-04-2021,LB,Lebanon,EMRO,1336,525577,25,7249
01-05-2021,LB,Lebanon,EMRO,1001,526578,29,7278
02-05-2021,LB,Lebanon,EMRO,930,527508,24,7302
03-05-2021,LB,Lebanon,EMRO,700,528208,22,7324
04-05-2021,LB,Lebanon,EMRO,249,528457,21,7345
05-05-2021,LB,Lebanon,EMRO,748,529205,23,7368
06-05-2021,LB,Lebanon,EMRO,1012,530217,22,7390
07-05-2021,LB,Lebanon,EMRO,1017,531234,25,7415
08-05-2021,LB,Lebanon,EMRO,600,531834,21,7436
09-05-2021,LB,Lebanon,EMRO,435,532269,24,7460
10-05-2021,LB,Lebanon,EMRO,570,532839,26,7486
11-05-2021,LB,Lebanon,EMRO,302,533141,21,7507
12-05-2021,LB,Lebanon,EMRO,544,533685,20,7527
13-05-2021,LB,Lebanon,EMRO,703,534388,22,7549
14-05-2021,LB,Lebanon,EMRO,580,534968,20,7569
15-05-2021,LB,Lebanon,EMRO,0,534968,0,7569
16-05-2021,LB,Lebanon,EMRO,265,535233,16,7585
17-05-2021,LB,Lebanon,EMRO,255,535488,19,7604
18-05-2021,LB,Lebanon,EMRO,466,535954,27,7631
19-05-2021,LB,Lebanon,EMRO,600,536554,10,7641
20-05-2021,LB,Lebanon,EMRO,489,537043,10,7651
21-05-2021,LB,Lebanon,EMRO,394,537437,7,7658
22-05-2021,LB,Lebanon,EMRO,450,537887,6,7664
23-05-2021,LB,Lebanon,EMRO,331,538218,6,7670
24-05-2021,LB,Lebanon,EMRO,300,538518,7,7677
25-05-2021,LB,Lebanon,EMRO,150,538668,7,7684
26-05-2021,LB,Lebanon,EMRO,323,538991,6,7690
27-05-2021,LB,Lebanon,EMRO,280,539271,7,7697
28-05-2021,LB,Lebanon,EMRO,319,539590,8,7705
29-05-2021,LB,Lebanon,EMRO,298,539888,6,7711
30-05-2021,LB,Lebanon,EMRO,244,540132,7,7718
01-01-2021,LS,Lesotho,AFRO,0,2577,0,50
02-01-2021,LS,Lesotho,AFRO,0,2577,0,50
03-01-2021,LS,Lesotho,AFRO,0,2577,0,50
04-01-2021,LS,Lesotho,AFRO,0,2577,0,50
05-01-2021,LS,Lesotho,AFRO,0,2577,0,50
06-01-2021,LS,Lesotho,AFRO,0,2577,0,50
07-01-2021,LS,Lesotho,AFRO,0,2577,0,50
08-01-2021,LS,Lesotho,AFRO,0,2577,0,50
09-01-2021,LS,Lesotho,AFRO,0,2577,0,50
10-01-2021,LS,Lesotho,AFRO,0,2577,0,50
11-01-2021,LS,Lesotho,AFRO,0,2577,0,50
12-01-2021,LS,Lesotho,AFRO,2593,5170,29,79
13-01-2021,LS,Lesotho,AFRO,764,5934,6,85
14-01-2021,LS,Lesotho,AFRO,307,6241,2,87
15-01-2021,LS,Lesotho,AFRO,115,6356,2,89
16-01-2021,LS,Lesotho,AFRO,15,6371,4,93
17-01-2021,LS,Lesotho,AFRO,0,6371,4,97
18-01-2021,LS,Lesotho,AFRO,0,6371,-4,93
19-01-2021,LS,Lesotho,AFRO,0,6371,0,93
20-01-2021,LS,Lesotho,AFRO,647,7018,8,101
21-01-2021,LS,Lesotho,AFRO,17,7035,0,101
22-01-2021,LS,Lesotho,AFRO,520,7555,12,113
23-01-2021,LS,Lesotho,AFRO,0,7555,0,113
24-01-2021,LS,Lesotho,AFRO,101,7656,10,123
25-01-2021,LS,Lesotho,AFRO,0,7656,0,123
26-01-2021,LS,Lesotho,AFRO,388,8044,11,134
27-01-2021,LS,Lesotho,AFRO,3,8047,12,146
28-01-2021,LS,Lesotho,AFRO,95,8142,14,160
29-01-2021,LS,Lesotho,AFRO,0,8142,0,160
30-01-2021,LS,Lesotho,AFRO,136,8278,0,160
31-01-2021,LS,Lesotho,AFRO,0,8278,0,160
01-02-2021,LS,Lesotho,AFRO,0,8278,0,160
02-02-2021,LS,Lesotho,AFRO,622,8900,12,172
03-02-2021,LS,Lesotho,AFRO,0,8900,0,172
04-02-2021,LS,Lesotho,AFRO,69,8969,6,178
05-02-2021,LS,Lesotho,AFRO,0,8969,0,178
06-02-2021,LS,Lesotho,AFRO,411,9380,5,183
07-02-2021,LS,Lesotho,AFRO,0,9380,0,183
08-02-2021,LS,Lesotho,AFRO,0,9380,0,183
09-02-2021,LS,Lesotho,AFRO,0,9380,0,183
10-02-2021,LS,Lesotho,AFRO,338,9718,24,207
11-02-2021,LS,Lesotho,AFRO,86,9804,3,210
12-02-2021,LS,Lesotho,AFRO,14,9818,2,212
13-02-2021,LS,Lesotho,AFRO,34,9852,13,225
14-02-2021,LS,Lesotho,AFRO,0,9852,0,225
15-02-2021,LS,Lesotho,AFRO,113,9965,5,230
16-02-2021,LS,Lesotho,AFRO,289,10254,13,243
17-02-2021,LS,Lesotho,AFRO,96,10350,11,254
18-02-2021,LS,Lesotho,AFRO,25,10375,25,279
19-02-2021,LS,Lesotho,AFRO,80,10455,6,285
20-02-2021,LS,Lesotho,AFRO,0,10455,0,285
21-02-2021,LS,Lesotho,AFRO,6,10461,0,285
22-02-2021,LS,Lesotho,AFRO,0,10461,0,285
23-02-2021,LS,Lesotho,AFRO,5,10466,3,288
24-02-2021,LS,Lesotho,AFRO,1,10467,3,291
25-02-2021,LS,Lesotho,AFRO,0,10467,0,291
26-02-2021,LS,Lesotho,AFRO,1,10468,1,292
27-02-2021,LS,Lesotho,AFRO,0,10468,0,292
28-02-2021,LS,Lesotho,AFRO,23,10491,0,292
01-03-2021,LS,Lesotho,AFRO,0,10491,0,292
02-03-2021,LS,Lesotho,AFRO,4,10495,3,295
03-03-2021,LS,Lesotho,AFRO,0,10495,0,295
04-03-2021,LS,Lesotho,AFRO,26,10521,10,305
05-03-2021,LS,Lesotho,AFRO,0,10521,0,305
06-03-2021,LS,Lesotho,AFRO,1,10522,2,307
07-03-2021,LS,Lesotho,AFRO,1,10523,0,307
08-03-2021,LS,Lesotho,AFRO,0,10523,0,307
09-03-2021,LS,Lesotho,AFRO,0,10523,1,308
10-03-2021,LS,Lesotho,AFRO,0,10523,0,308
11-03-2021,LS,Lesotho,AFRO,2,10525,1,309
12-03-2021,LS,Lesotho,AFRO,3,10528,0,309
13-03-2021,LS,Lesotho,AFRO,0,10528,0,309
14-03-2021,LS,Lesotho,AFRO,2,10530,0,309
15-03-2021,LS,Lesotho,AFRO,0,10530,0,309
16-03-2021,LS,Lesotho,AFRO,0,10530,0,309
17-03-2021,LS,Lesotho,AFRO,0,10530,0,309
18-03-2021,LS,Lesotho,AFRO,0,10530,0,309
19-03-2021,LS,Lesotho,AFRO,0,10530,0,309
20-03-2021,LS,Lesotho,AFRO,5,10535,0,309
21-03-2021,LS,Lesotho,AFRO,0,10535,0,309
22-03-2021,LS,Lesotho,AFRO,0,10535,0,309
23-03-2021,LS,Lesotho,AFRO,3,10538,0,309
24-03-2021,LS,Lesotho,AFRO,147,10685,5,314
25-03-2021,LS,Lesotho,AFRO,1,10686,1,315
26-03-2021,LS,Lesotho,AFRO,0,10686,0,315
27-03-2021,LS,Lesotho,AFRO,0,10686,0,315
28-03-2021,LS,Lesotho,AFRO,0,10686,0,315
29-03-2021,LS,Lesotho,AFRO,0,10686,0,315
30-03-2021,LS,Lesotho,AFRO,0,10686,0,315
31-03-2021,LS,Lesotho,AFRO,0,10686,0,315
01-04-2021,LS,Lesotho,AFRO,0,10686,0,315
02-04-2021,LS,Lesotho,AFRO,20,10706,0,315
03-04-2021,LS,Lesotho,AFRO,0,10706,0,315
04-04-2021,LS,Lesotho,AFRO,1,10707,0,315
05-04-2021,LS,Lesotho,AFRO,0,10707,0,315
06-04-2021,LS,Lesotho,AFRO,0,10707,0,315
07-04-2021,LS,Lesotho,AFRO,0,10707,0,315
08-04-2021,LS,Lesotho,AFRO,0,10707,0,315
09-04-2021,LS,Lesotho,AFRO,0,10707,0,315
10-04-2021,LS,Lesotho,AFRO,0,10707,0,315
11-04-2021,LS,Lesotho,AFRO,0,10707,0,315
12-04-2021,LS,Lesotho,AFRO,0,10707,0,315
13-04-2021,LS,Lesotho,AFRO,2,10709,0,315
14-04-2021,LS,Lesotho,AFRO,0,10709,0,315
15-04-2021,LS,Lesotho,AFRO,0,10709,0,315
16-04-2021,LS,Lesotho,AFRO,0,10709,0,315
17-04-2021,LS,Lesotho,AFRO,0,10709,0,315
18-04-2021,LS,Lesotho,AFRO,0,10709,0,315
19-04-2021,LS,Lesotho,AFRO,0,10709,0,315
20-04-2021,LS,Lesotho,AFRO,11,10720,1,316
21-04-2021,LS,Lesotho,AFRO,0,10720,0,316
22-04-2021,LS,Lesotho,AFRO,0,10720,0,316
23-04-2021,LS,Lesotho,AFRO,0,10720,0,316
24-04-2021,LS,Lesotho,AFRO,3,10723,0,316
25-04-2021,LS,Lesotho,AFRO,5,10728,0,316
26-04-2021,LS,Lesotho,AFRO,0,10728,0,316
27-04-2021,LS,Lesotho,AFRO,0,10728,0,316
28-04-2021,LS,Lesotho,AFRO,0,10728,0,316
29-04-2021,LS,Lesotho,AFRO,2,10730,0,316
30-04-2021,LS,Lesotho,AFRO,1,10731,0,316
01-05-2021,LS,Lesotho,AFRO,0,10731,0,316
02-05-2021,LS,Lesotho,AFRO,0,10731,0,316
03-05-2021,LS,Lesotho,AFRO,2,10733,2,318
04-05-2021,LS,Lesotho,AFRO,0,10733,0,318
05-05-2021,LS,Lesotho,AFRO,0,10733,0,318
06-05-2021,LS,Lesotho,AFRO,16,10749,1,319
07-05-2021,LS,Lesotho,AFRO,0,10749,0,319
08-05-2021,LS,Lesotho,AFRO,12,10761,0,319
09-05-2021,LS,Lesotho,AFRO,12,10773,0,319
10-05-2021,LS,Lesotho,AFRO,0,10773,0,319
11-05-2021,LS,Lesotho,AFRO,0,10773,0,319
12-05-2021,LS,Lesotho,AFRO,1,10774,0,319
13-05-2021,LS,Lesotho,AFRO,4,10778,1,320
14-05-2021,LS,Lesotho,AFRO,0,10778,0,320
15-05-2021,LS,Lesotho,AFRO,4,10782,0,320
16-05-2021,LS,Lesotho,AFRO,8,10790,0,320
17-05-2021,LS,Lesotho,AFRO,0,10790,0,320
18-05-2021,LS,Lesotho,AFRO,0,10790,0,320
19-05-2021,LS,Lesotho,AFRO,0,10790,0,320
20-05-2021,LS,Lesotho,AFRO,16,10806,0,320
21-05-2021,LS,Lesotho,AFRO,0,10806,0,320
22-05-2021,LS,Lesotho,AFRO,0,10806,0,320
23-05-2021,LS,Lesotho,AFRO,0,10806,0,320
24-05-2021,LS,Lesotho,AFRO,16,10822,6,326
25-05-2021,LS,Lesotho,AFRO,0,10822,0,326
26-05-2021,LS,Lesotho,AFRO,0,10822,0,326
27-05-2021,LS,Lesotho,AFRO,0,10822,0,326
28-05-2021,LS,Lesotho,AFRO,2,10824,0,326
29-05-2021,LS,Lesotho,AFRO,1,10825,0,326
30-05-2021,LS,Lesotho,AFRO,0,10825,0,326
01-01-2021,LR,Liberia,AFRO,0,1800,0,83
02-01-2021,LR,Liberia,AFRO,0,1800,0,83
03-01-2021,LR,Liberia,AFRO,0,1800,0,83
04-01-2021,LR,Liberia,AFRO,0,1800,0,83
05-01-2021,LR,Liberia,AFRO,0,1800,0,83
06-01-2021,LR,Liberia,AFRO,0,1800,0,83
07-01-2021,LR,Liberia,AFRO,0,1800,0,83
08-01-2021,LR,Liberia,AFRO,0,1800,0,83
09-01-2021,LR,Liberia,AFRO,0,1800,0,83
10-01-2021,LR,Liberia,AFRO,0,1800,0,83
11-01-2021,LR,Liberia,AFRO,0,1800,0,83
12-01-2021,LR,Liberia,AFRO,0,1800,0,83
13-01-2021,LR,Liberia,AFRO,76,1876,1,84
14-01-2021,LR,Liberia,AFRO,1,1877,0,84
15-01-2021,LR,Liberia,AFRO,0,1877,0,84
16-01-2021,LR,Liberia,AFRO,5,1882,0,84
17-01-2021,LR,Liberia,AFRO,5,1887,0,84
18-01-2021,LR,Liberia,AFRO,0,1887,0,84
19-01-2021,LR,Liberia,AFRO,9,1896,0,84
20-01-2021,LR,Liberia,AFRO,2,1898,0,84
21-01-2021,LR,Liberia,AFRO,3,1901,0,84
22-01-2021,LR,Liberia,AFRO,0,1901,0,84
23-01-2021,LR,Liberia,AFRO,13,1914,0,84
24-01-2021,LR,Liberia,AFRO,0,1914,0,84
25-01-2021,LR,Liberia,AFRO,0,1914,0,84
26-01-2021,LR,Liberia,AFRO,13,1927,0,84
27-01-2021,LR,Liberia,AFRO,5,1932,0,84
28-01-2021,LR,Liberia,AFRO,4,1936,0,84
29-01-2021,LR,Liberia,AFRO,0,1936,0,84
30-01-2021,LR,Liberia,AFRO,3,1939,0,84
31-01-2021,LR,Liberia,AFRO,0,1939,0,84
01-02-2021,LR,Liberia,AFRO,0,1939,0,84
02-02-2021,LR,Liberia,AFRO,5,1944,0,84
03-02-2021,LR,Liberia,AFRO,0,1944,0,84
04-02-2021,LR,Liberia,AFRO,1,1945,0,84
05-02-2021,LR,Liberia,AFRO,0,1945,0,84
06-02-2021,LR,Liberia,AFRO,0,1945,0,84
07-02-2021,LR,Liberia,AFRO,11,1956,0,84
08-02-2021,LR,Liberia,AFRO,0,1956,0,84
09-02-2021,LR,Liberia,AFRO,0,1956,0,84
10-02-2021,LR,Liberia,AFRO,0,1956,0,84
11-02-2021,LR,Liberia,AFRO,0,1956,0,84
12-02-2021,LR,Liberia,AFRO,13,1969,0,84
13-02-2021,LR,Liberia,AFRO,0,1969,0,84
14-02-2021,LR,Liberia,AFRO,0,1969,0,84
15-02-2021,LR,Liberia,AFRO,0,1969,0,84
16-02-2021,LR,Liberia,AFRO,16,1985,0,84
17-02-2021,LR,Liberia,AFRO,0,1985,0,84
18-02-2021,LR,Liberia,AFRO,0,1985,1,85
19-02-2021,LR,Liberia,AFRO,0,1985,0,85
20-02-2021,LR,Liberia,AFRO,3,1988,0,85
21-02-2021,LR,Liberia,AFRO,0,1988,0,85
22-02-2021,LR,Liberia,AFRO,0,1988,0,85
23-02-2021,LR,Liberia,AFRO,8,1996,0,85
24-02-2021,LR,Liberia,AFRO,2,1998,0,85
25-02-2021,LR,Liberia,AFRO,4,2002,0,85
26-02-2021,LR,Liberia,AFRO,7,2009,0,85
27-02-2021,LR,Liberia,AFRO,1,2010,0,85
28-02-2021,LR,Liberia,AFRO,0,2010,0,85
01-03-2021,LR,Liberia,AFRO,0,2010,0,85
02-03-2021,LR,Liberia,AFRO,4,2014,0,85
03-03-2021,LR,Liberia,AFRO,0,2014,0,85
04-03-2021,LR,Liberia,AFRO,3,2017,0,85
05-03-2021,LR,Liberia,AFRO,0,2017,0,85
06-03-2021,LR,Liberia,AFRO,0,2017,0,85
07-03-2021,LR,Liberia,AFRO,7,2024,0,85
08-03-2021,LR,Liberia,AFRO,0,2024,0,85
09-03-2021,LR,Liberia,AFRO,0,2024,0,85
10-03-2021,LR,Liberia,AFRO,0,2024,0,85
11-03-2021,LR,Liberia,AFRO,2,2026,0,85
12-03-2021,LR,Liberia,AFRO,0,2026,0,85
13-03-2021,LR,Liberia,AFRO,4,2030,0,85
14-03-2021,LR,Liberia,AFRO,0,2030,0,85
15-03-2021,LR,Liberia,AFRO,0,2030,0,85
16-03-2021,LR,Liberia,AFRO,0,2030,0,85
17-03-2021,LR,Liberia,AFRO,0,2030,0,85
18-03-2021,LR,Liberia,AFRO,12,2042,0,85
19-03-2021,LR,Liberia,AFRO,0,2042,0,85
20-03-2021,LR,Liberia,AFRO,0,2042,0,85
21-03-2021,LR,Liberia,AFRO,0,2042,0,85
22-03-2021,LR,Liberia,AFRO,0,2042,0,85
23-03-2021,LR,Liberia,AFRO,0,2042,0,85
24-03-2021,LR,Liberia,AFRO,5,2047,0,85
25-03-2021,LR,Liberia,AFRO,5,2052,0,85
26-03-2021,LR,Liberia,AFRO,0,2052,0,85
27-03-2021,LR,Liberia,AFRO,0,2052,0,85
28-03-2021,LR,Liberia,AFRO,1,2053,0,85
29-03-2021,LR,Liberia,AFRO,0,2053,0,85
30-03-2021,LR,Liberia,AFRO,0,2053,0,85
31-03-2021,LR,Liberia,AFRO,0,2053,0,85
01-04-2021,LR,Liberia,AFRO,0,2053,0,85
02-04-2021,LR,Liberia,AFRO,0,2053,0,85
03-04-2021,LR,Liberia,AFRO,0,2053,0,85
04-04-2021,LR,Liberia,AFRO,8,2061,0,85
05-04-2021,LR,Liberia,AFRO,0,2061,0,85
06-04-2021,LR,Liberia,AFRO,0,2061,0,85
07-04-2021,LR,Liberia,AFRO,0,2061,0,85
08-04-2021,LR,Liberia,AFRO,5,2066,0,85
09-04-2021,LR,Liberia,AFRO,0,2066,0,85
10-04-2021,LR,Liberia,AFRO,0,2066,0,85
11-04-2021,LR,Liberia,AFRO,0,2066,0,85
12-04-2021,LR,Liberia,AFRO,0,2066,0,85
13-04-2021,LR,Liberia,AFRO,0,2066,0,85
14-04-2021,LR,Liberia,AFRO,5,2071,0,85
15-04-2021,LR,Liberia,AFRO,0,2071,0,85
16-04-2021,LR,Liberia,AFRO,0,2071,0,85
17-04-2021,LR,Liberia,AFRO,0,2071,0,85
18-04-2021,LR,Liberia,AFRO,0,2071,0,85
19-04-2021,LR,Liberia,AFRO,9,2080,0,85
20-04-2021,LR,Liberia,AFRO,0,2080,0,85
21-04-2021,LR,Liberia,AFRO,0,2080,0,85
22-04-2021,LR,Liberia,AFRO,6,2086,0,85
23-04-2021,LR,Liberia,AFRO,0,2086,0,85
24-04-2021,LR,Liberia,AFRO,0,2086,0,85
25-04-2021,LR,Liberia,AFRO,0,2086,0,85
26-04-2021,LR,Liberia,AFRO,11,2097,0,85
27-04-2021,LR,Liberia,AFRO,1,2098,0,85
28-04-2021,LR,Liberia,AFRO,0,2098,0,85
29-04-2021,LR,Liberia,AFRO,1,2099,0,85
30-04-2021,LR,Liberia,AFRO,0,2099,0,85
01-05-2021,LR,Liberia,AFRO,0,2099,0,85
02-05-2021,LR,Liberia,AFRO,0,2099,0,85
03-05-2021,LR,Liberia,AFRO,0,2099,0,85
04-05-2021,LR,Liberia,AFRO,11,2110,0,85
05-05-2021,LR,Liberia,AFRO,0,2110,0,85
06-05-2021,LR,Liberia,AFRO,3,2113,0,85
07-05-2021,LR,Liberia,AFRO,0,2113,0,85
08-05-2021,LR,Liberia,AFRO,0,2113,0,85
09-05-2021,LR,Liberia,AFRO,1,2114,0,85
10-05-2021,LR,Liberia,AFRO,3,2117,0,85
11-05-2021,LR,Liberia,AFRO,1,2118,0,85
12-05-2021,LR,Liberia,AFRO,0,2118,0,85
13-05-2021,LR,Liberia,AFRO,7,2125,0,85
14-05-2021,LR,Liberia,AFRO,0,2125,0,85
15-05-2021,LR,Liberia,AFRO,3,2128,0,85
16-05-2021,LR,Liberia,AFRO,0,2128,0,85
17-05-2021,LR,Liberia,AFRO,1,2129,0,85
18-05-2021,LR,Liberia,AFRO,2,2131,0,85
19-05-2021,LR,Liberia,AFRO,0,2131,0,85
20-05-2021,LR,Liberia,AFRO,11,2142,0,85
21-05-2021,LR,Liberia,AFRO,0,2142,0,85
22-05-2021,LR,Liberia,AFRO,0,2142,0,85
23-05-2021,LR,Liberia,AFRO,0,2142,0,85
24-05-2021,LR,Liberia,AFRO,0,2142,0,85
25-05-2021,LR,Liberia,AFRO,0,2142,0,85
26-05-2021,LR,Liberia,AFRO,19,2161,1,86
27-05-2021,LR,Liberia,AFRO,13,2174,0,86
28-05-2021,LR,Liberia,AFRO,0,2174,0,86
29-05-2021,LR,Liberia,AFRO,5,2179,0,86
30-05-2021,LR,Liberia,AFRO,0,2179,0,86
01-01-2021,LY,Libya,EMRO,342,100277,19,1478
02-01-2021,LY,Libya,EMRO,467,100744,9,1487
03-01-2021,LY,Libya,EMRO,0,100744,0,1487
04-01-2021,LY,Libya,EMRO,670,101414,23,1510
05-01-2021,LY,Libya,EMRO,561,101975,16,1526
06-01-2021,LY,Libya,EMRO,481,102456,10,1536
07-01-2021,LY,Libya,EMRO,424,102880,10,1546
08-01-2021,LY,Libya,EMRO,635,103515,12,1558
09-01-2021,LY,Libya,EMRO,487,104002,10,1568
10-01-2021,LY,Libya,EMRO,0,104002,0,1568
11-01-2021,LY,Libya,EMRO,743,104745,13,1581
12-01-2021,LY,Libya,EMRO,633,105378,8,1589
13-01-2021,LY,Libya,EMRO,652,106030,33,1622
14-01-2021,LY,Libya,EMRO,640,106670,7,1629
15-01-2021,LY,Libya,EMRO,764,107434,16,1645
16-01-2021,LY,Libya,EMRO,583,108017,6,1651
17-01-2021,LY,Libya,EMRO,0,108017,0,1651
18-01-2021,LY,Libya,EMRO,1071,109088,14,1665
19-01-2021,LY,Libya,EMRO,781,109869,33,1698
20-01-2021,LY,Libya,EMRO,596,110465,2,1700
21-01-2021,LY,Libya,EMRO,659,111124,15,1715
22-01-2021,LY,Libya,EMRO,622,111746,1,1716
23-01-2021,LY,Libya,EMRO,794,112540,21,1737
24-01-2021,LY,Libya,EMRO,0,112540,0,1737
25-01-2021,LY,Libya,EMRO,1148,113688,26,1763
26-01-2021,LY,Libya,EMRO,742,114430,19,1782
27-01-2021,LY,Libya,EMRO,869,115299,7,1789
28-01-2021,LY,Libya,EMRO,765,116064,13,1802
29-01-2021,LY,Libya,EMRO,715,116779,30,1832
30-01-2021,LY,Libya,EMRO,871,117650,10,1842
31-01-2021,LY,Libya,EMRO,0,117650,0,1842
01-02-2021,LY,Libya,EMRO,981,118631,35,1877
02-02-2021,LY,Libya,EMRO,771,119402,6,1883
03-02-2021,LY,Libya,EMRO,1032,120434,13,1896
04-02-2021,LY,Libya,EMRO,809,121243,18,1914
05-02-2021,LY,Libya,EMRO,770,122013,5,1919
06-02-2021,LY,Libya,EMRO,881,122894,17,1936
07-02-2021,LY,Libya,EMRO,0,122894,0,1936
08-02-2021,LY,Libya,EMRO,1132,124026,17,1953
09-02-2021,LY,Libya,EMRO,856,124882,21,1974
10-02-2021,LY,Libya,EMRO,679,125561,8,1982
11-02-2021,LY,Libya,EMRO,467,126028,7,1989
12-02-2021,LY,Libya,EMRO,333,126361,20,2009
13-02-2021,LY,Libya,EMRO,520,126881,5,2014
14-02-2021,LY,Libya,EMRO,0,126881,0,2014
15-02-2021,LY,Libya,EMRO,473,127354,4,2018
16-02-2021,LY,Libya,EMRO,351,127705,24,2042
17-02-2021,LY,Libya,EMRO,331,128036,9,2051
18-02-2021,LY,Libya,EMRO,312,128348,5,2056
19-02-2021,LY,Libya,EMRO,392,128740,5,2061
20-02-2021,LY,Libya,EMRO,585,129325,27,2088
21-02-2021,LY,Libya,EMRO,0,129325,0,2088
22-02-2021,LY,Libya,EMRO,472,129797,26,2114
23-02-2021,LY,Libya,EMRO,415,130212,2,2116
24-02-2021,LY,Libya,EMRO,489,130701,9,2125
25-02-2021,LY,Libya,EMRO,561,131262,26,2151
26-02-2021,LY,Libya,EMRO,571,131833,5,2156
27-02-2021,LY,Libya,EMRO,625,132458,18,2174
28-02-2021,LY,Libya,EMRO,0,132458,0,2174
01-03-2021,LY,Libya,EMRO,880,133338,5,2179
02-03-2021,LY,Libya,EMRO,789,134127,31,2210
03-03-2021,LY,Libya,EMRO,840,134967,6,2216
04-03-2021,LY,Libya,EMRO,618,135585,3,2219
05-03-2021,LY,Libya,EMRO,1002,136587,14,2233
06-03-2021,LY,Libya,EMRO,895,137482,3,2236
07-03-2021,LY,Libya,EMRO,0,137482,0,2236
08-03-2021,LY,Libya,EMRO,1158,138640,37,2273
09-03-2021,LY,Libya,EMRO,1018,139658,15,2288
10-03-2021,LY,Libya,EMRO,1030,140688,9,2297
11-03-2021,LY,Libya,EMRO,910,141598,33,2330
12-03-2021,LY,Libya,EMRO,1073,142671,10,2340
13-03-2021,LY,Libya,EMRO,972,143643,8,2348
14-03-2021,LY,Libya,EMRO,0,143643,0,2348
15-03-2021,LY,Libya,EMRO,1350,144993,38,2386
16-03-2021,LY,Libya,EMRO,1087,146080,16,2402
17-03-2021,LY,Libya,EMRO,1041,147121,4,2406
18-03-2021,LY,Libya,EMRO,1054,148175,16,2422
19-03-2021,LY,Libya,EMRO,1032,149207,13,2435
20-03-2021,LY,Libya,EMRO,1134,150341,52,2487
21-03-2021,LY,Libya,EMRO,0,150341,0,2487
22-03-2021,LY,Libya,EMRO,1264,151605,19,2506
23-03-2021,LY,Libya,EMRO,905,152510,7,2513
24-03-2021,LY,Libya,EMRO,901,153411,51,2564
25-03-2021,LY,Libya,EMRO,909,154320,18,2582
26-03-2021,LY,Libya,EMRO,912,155232,9,2591
27-03-2021,LY,Libya,EMRO,884,156116,11,2602
28-03-2021,LY,Libya,EMRO,0,156116,0,2602
29-03-2021,LY,Libya,EMRO,733,156849,16,2618
30-03-2021,LY,Libya,EMRO,696,157545,35,2653
31-03-2021,LY,Libya,EMRO,706,158251,5,2658
01-04-2021,LY,Libya,EMRO,706,158957,9,2667
02-04-2021,LY,Libya,EMRO,1023,159980,13,2680
03-04-2021,LY,Libya,EMRO,1108,161088,4,2684
04-04-2021,LY,Libya,EMRO,0,161088,0,2684
05-04-2021,LY,Libya,EMRO,1206,162294,53,2737
06-04-2021,LY,Libya,EMRO,1148,163442,20,2757
07-04-2021,LY,Libya,EMRO,876,164318,8,2765
08-04-2021,LY,Libya,EMRO,969,165287,7,2772
09-04-2021,LY,Libya,EMRO,869,166156,27,2799
10-04-2021,LY,Libya,EMRO,732,166888,8,2807
11-04-2021,LY,Libya,EMRO,0,166888,0,2807
12-04-2021,LY,Libya,EMRO,937,167825,16,2823
13-04-2021,LY,Libya,EMRO,851,168676,5,2828
14-04-2021,LY,Libya,EMRO,828,169504,2,2830
15-04-2021,LY,Libya,EMRO,541,170045,4,2834
16-04-2021,LY,Libya,EMRO,513,170558,39,2873
17-04-2021,LY,Libya,EMRO,573,171131,9,2882
18-04-2021,LY,Libya,EMRO,0,171131,0,2882
19-04-2021,LY,Libya,EMRO,749,171880,14,2896
20-04-2021,LY,Libya,EMRO,584,172464,12,2908
21-04-2021,LY,Libya,EMRO,625,173089,11,2919
22-04-2021,LY,Libya,EMRO,594,173683,5,2924
23-04-2021,LY,Libya,EMRO,533,174216,12,2936
24-04-2021,LY,Libya,EMRO,536,174752,11,2947
25-04-2021,LY,Libya,EMRO,0,174752,0,2947
26-04-2021,LY,Libya,EMRO,534,175286,49,2996
27-04-2021,LY,Libya,EMRO,467,175753,9,3005
28-04-2021,LY,Libya,EMRO,501,176254,5,3010
29-04-2021,LY,Libya,EMRO,447,176701,9,3019
30-04-2021,LY,Libya,EMRO,371,177072,4,3023
01-05-2021,LY,Libya,EMRO,436,177508,6,3029
02-05-2021,LY,Libya,EMRO,0,177508,0,3029
03-05-2021,LY,Libya,EMRO,363,177871,10,3039
04-05-2021,LY,Libya,EMRO,464,178335,8,3047
05-05-2021,LY,Libya,EMRO,337,178672,2,3049
06-05-2021,LY,Libya,EMRO,255,178927,9,3058
07-05-2021,LY,Libya,EMRO,266,179193,1,3059
08-05-2021,LY,Libya,EMRO,504,179697,4,3063
09-05-2021,LY,Libya,EMRO,0,179697,0,3063
10-05-2021,LY,Libya,EMRO,273,179970,7,3070
11-05-2021,LY,Libya,EMRO,256,180226,2,3072
12-05-2021,LY,Libya,EMRO,466,180692,5,3077
13-05-2021,LY,Libya,EMRO,253,180945,5,3082
14-05-2021,LY,Libya,EMRO,234,181179,3,3085
15-05-2021,LY,Libya,EMRO,0,181179,0,3085
16-05-2021,LY,Libya,EMRO,0,181179,0,3085
17-05-2021,LY,Libya,EMRO,231,181410,3,3088
18-05-2021,LY,Libya,EMRO,304,181714,4,3092
19-05-2021,LY,Libya,EMRO,298,182012,5,3097
20-05-2021,LY,Libya,EMRO,338,182350,0,3097
21-05-2021,LY,Libya,EMRO,299,182649,5,3102
22-05-2021,LY,Libya,EMRO,250,182899,3,3105
23-05-2021,LY,Libya,EMRO,0,182899,0,3105
24-05-2021,LY,Libya,EMRO,412,183311,6,3111
25-05-2021,LY,Libya,EMRO,281,183592,1,3112
26-05-2021,LY,Libya,EMRO,340,183932,2,3114
27-05-2021,LY,Libya,EMRO,219,184151,1,3115
28-05-2021,LY,Libya,EMRO,321,184472,0,3115
29-05-2021,LY,Libya,EMRO,343,184815,1,3116
30-05-2021,LY,Libya,EMRO,0,184815,0,3116
01-01-2021,LI,Liechtenstein,EURO,24,2245,0,44
02-01-2021,LI,Liechtenstein,EURO,14,2259,0,44
03-01-2021,LI,Liechtenstein,EURO,23,2282,0,44
04-01-2021,LI,Liechtenstein,EURO,19,2301,2,46
05-01-2021,LI,Liechtenstein,EURO,31,2332,2,48
06-01-2021,LI,Liechtenstein,EURO,30,2362,0,48
07-01-2021,LI,Liechtenstein,EURO,10,2372,0,48
08-01-2021,LI,Liechtenstein,EURO,10,2382,2,50
09-01-2021,LI,Liechtenstein,EURO,13,2395,0,50
10-01-2021,LI,Liechtenstein,EURO,8,2403,0,50
11-01-2021,LI,Liechtenstein,EURO,9,2412,0,50
12-01-2021,LI,Liechtenstein,EURO,16,2428,0,50
13-01-2021,LI,Liechtenstein,EURO,9,2437,0,50
14-01-2021,LI,Liechtenstein,EURO,4,2441,0,50
15-01-2021,LI,Liechtenstein,EURO,1,2442,0,50
16-01-2021,LI,Liechtenstein,EURO,4,2446,0,50
17-01-2021,LI,Liechtenstein,EURO,6,2452,0,50
18-01-2021,LI,Liechtenstein,EURO,6,2458,1,51
19-01-2021,LI,Liechtenstein,EURO,10,2468,0,51
20-01-2021,LI,Liechtenstein,EURO,10,2478,1,52
21-01-2021,LI,Liechtenstein,EURO,17,2495,0,52
22-01-2021,LI,Liechtenstein,EURO,5,2500,1,53
23-01-2021,LI,Liechtenstein,EURO,6,2506,0,53
24-01-2021,LI,Liechtenstein,EURO,5,2511,0,53
25-01-2021,LI,Liechtenstein,EURO,11,2522,0,53
26-01-2021,LI,Liechtenstein,EURO,4,2526,0,53
27-01-2021,LI,Liechtenstein,EURO,17,2543,0,53
28-01-2021,LI,Liechtenstein,EURO,9,2552,0,53
29-01-2021,LI,Liechtenstein,EURO,9,2561,0,53
30-01-2021,LI,Liechtenstein,EURO,2,2563,0,53
31-01-2021,LI,Liechtenstein,EURO,2,2565,0,53
01-02-2021,LI,Liechtenstein,EURO,2,2567,0,53
02-02-2021,LI,Liechtenstein,EURO,12,2579,0,53
03-02-2021,LI,Liechtenstein,EURO,3,2582,0,53
04-02-2021,LI,Liechtenstein,EURO,5,2587,0,53
05-02-2021,LI,Liechtenstein,EURO,1,2588,0,53
06-02-2021,LI,Liechtenstein,EURO,3,2591,0,53
07-02-2021,LI,Liechtenstein,EURO,4,2595,0,53
08-02-2021,LI,Liechtenstein,EURO,3,2598,1,54
09-02-2021,LI,Liechtenstein,EURO,5,2603,0,54
10-02-2021,LI,Liechtenstein,EURO,4,2607,0,54
11-02-2021,LI,Liechtenstein,EURO,2,2609,0,54
12-02-2021,LI,Liechtenstein,EURO,3,2612,0,54
13-02-2021,LI,Liechtenstein,EURO,0,2612,1,55
14-02-2021,LI,Liechtenstein,EURO,1,2613,0,55
15-02-2021,LI,Liechtenstein,EURO,1,2614,0,55
16-02-2021,LI,Liechtenstein,EURO,1,2615,0,55
17-02-2021,LI,Liechtenstein,EURO,1,2616,0,55
18-02-2021,LI,Liechtenstein,EURO,1,2617,0,55
19-02-2021,LI,Liechtenstein,EURO,2,2619,0,55
20-02-2021,LI,Liechtenstein,EURO,0,2619,0,55
21-02-2021,LI,Liechtenstein,EURO,1,2620,0,55
22-02-2021,LI,Liechtenstein,EURO,4,2624,0,55
23-02-2021,LI,Liechtenstein,EURO,3,2627,0,55
24-02-2021,LI,Liechtenstein,EURO,6,2633,0,55
25-02-2021,LI,Liechtenstein,EURO,7,2640,0,55
26-02-2021,LI,Liechtenstein,EURO,2,2642,0,55
27-02-2021,LI,Liechtenstein,EURO,1,2643,0,55
28-02-2021,LI,Liechtenstein,EURO,5,2648,0,55
01-03-2021,LI,Liechtenstein,EURO,4,2652,0,55
02-03-2021,LI,Liechtenstein,EURO,1,2653,0,55
03-03-2021,LI,Liechtenstein,EURO,5,2658,0,55
04-03-2021,LI,Liechtenstein,EURO,5,2663,0,55
05-03-2021,LI,Liechtenstein,EURO,2,2665,1,56
06-03-2021,LI,Liechtenstein,EURO,1,2666,0,56
07-03-2021,LI,Liechtenstein,EURO,2,2668,0,56
08-03-2021,LI,Liechtenstein,EURO,2,2670,0,56
09-03-2021,LI,Liechtenstein,EURO,0,2670,0,56
10-03-2021,LI,Liechtenstein,EURO,0,2670,0,56
11-03-2021,LI,Liechtenstein,EURO,7,2677,0,56
12-03-2021,LI,Liechtenstein,EURO,1,2678,0,56
13-03-2021,LI,Liechtenstein,EURO,4,2682,0,56
14-03-2021,LI,Liechtenstein,EURO,6,2688,0,56
15-03-2021,LI,Liechtenstein,EURO,3,2691,0,56
16-03-2021,LI,Liechtenstein,EURO,2,2693,0,56
17-03-2021,LI,Liechtenstein,EURO,3,2696,0,56
18-03-2021,LI,Liechtenstein,EURO,3,2699,0,56
19-03-2021,LI,Liechtenstein,EURO,3,2702,0,56
20-03-2021,LI,Liechtenstein,EURO,4,2706,0,56
21-03-2021,LI,Liechtenstein,EURO,3,2709,0,56
22-03-2021,LI,Liechtenstein,EURO,2,2711,0,56
23-03-2021,LI,Liechtenstein,EURO,3,2714,0,56
24-03-2021,LI,Liechtenstein,EURO,6,2720,0,56
25-03-2021,LI,Liechtenstein,EURO,3,2723,0,56
26-03-2021,LI,Liechtenstein,EURO,4,2727,0,56
27-03-2021,LI,Liechtenstein,EURO,3,2730,0,56
28-03-2021,LI,Liechtenstein,EURO,7,2737,0,56
29-03-2021,LI,Liechtenstein,EURO,6,2743,0,56
30-03-2021,LI,Liechtenstein,EURO,6,2749,0,56
31-03-2021,LI,Liechtenstein,EURO,4,2753,0,56
01-04-2021,LI,Liechtenstein,EURO,3,2756,0,56
02-04-2021,LI,Liechtenstein,EURO,3,2759,0,56
03-04-2021,LI,Liechtenstein,EURO,7,2766,0,56
04-04-2021,LI,Liechtenstein,EURO,8,2774,0,56
05-04-2021,LI,Liechtenstein,EURO,5,2779,0,56
06-04-2021,LI,Liechtenstein,EURO,5,2784,0,56
07-04-2021,LI,Liechtenstein,EURO,4,2788,0,56
08-04-2021,LI,Liechtenstein,EURO,15,2803,0,56
09-04-2021,LI,Liechtenstein,EURO,16,2819,0,56
10-04-2021,LI,Liechtenstein,EURO,10,2829,0,56
11-04-2021,LI,Liechtenstein,EURO,6,2835,0,56
12-04-2021,LI,Liechtenstein,EURO,7,2842,0,56
13-04-2021,LI,Liechtenstein,EURO,9,2851,0,56
14-04-2021,LI,Liechtenstein,EURO,9,2860,0,56
15-04-2021,LI,Liechtenstein,EURO,12,2872,0,56
16-04-2021,LI,Liechtenstein,EURO,14,2886,0,56
17-04-2021,LI,Liechtenstein,EURO,11,2897,0,56
18-04-2021,LI,Liechtenstein,EURO,10,2907,0,56
19-04-2021,LI,Liechtenstein,EURO,7,2914,0,56
20-04-2021,LI,Liechtenstein,EURO,11,2925,0,56
21-04-2021,LI,Liechtenstein,EURO,11,2936,0,56
22-04-2021,LI,Liechtenstein,EURO,4,2940,0,56
23-04-2021,LI,Liechtenstein,EURO,7,2947,0,56
24-04-2021,LI,Liechtenstein,EURO,15,2962,0,56
25-04-2021,LI,Liechtenstein,EURO,9,2971,0,56
26-04-2021,LI,Liechtenstein,EURO,5,2976,0,56
27-04-2021,LI,Liechtenstein,EURO,16,2992,0,56
28-04-2021,LI,Liechtenstein,EURO,12,3004,0,56
29-04-2021,LI,Liechtenstein,EURO,7,3011,0,56
30-04-2021,LI,Liechtenstein,EURO,10,3021,0,56
01-05-2021,LI,Liechtenstein,EURO,7,3028,0,56
02-05-2021,LI,Liechtenstein,EURO,5,3033,0,56
03-05-2021,LI,Liechtenstein,EURO,1,3034,1,57
04-05-2021,LI,Liechtenstein,EURO,7,3041,0,57
05-05-2021,LI,Liechtenstein,EURO,5,3046,0,57
06-05-2021,LI,Liechtenstein,EURO,4,3050,0,57
07-05-2021,LI,Liechtenstein,EURO,4,3054,0,57
08-05-2021,LI,Liechtenstein,EURO,3,3057,0,57
09-05-2021,LI,Liechtenstein,EURO,3,3060,0,57
10-05-2021,LI,Liechtenstein,EURO,4,3064,0,57
11-05-2021,LI,Liechtenstein,EURO,4,3068,0,57
12-05-2021,LI,Liechtenstein,EURO,1,3069,0,57
13-05-2021,LI,Liechtenstein,EURO,1,3070,0,57
14-05-2021,LI,Liechtenstein,EURO,1,3071,0,57
15-05-2021,LI,Liechtenstein,EURO,3,3074,0,57
16-05-2021,LI,Liechtenstein,EURO,3,3077,0,57
17-05-2021,LI,Liechtenstein,EURO,3,3080,0,57
18-05-2021,LI,Liechtenstein,EURO,2,3082,0,57
19-05-2021,LI,Liechtenstein,EURO,0,3082,0,57
20-05-2021,LI,Liechtenstein,EURO,1,3083,0,57
21-05-2021,LI,Liechtenstein,EURO,4,3087,0,57
22-05-2021,LI,Liechtenstein,EURO,2,3089,0,57
23-05-2021,LI,Liechtenstein,EURO,1,3090,0,57
24-05-2021,LI,Liechtenstein,EURO,2,3092,0,57
25-05-2021,LI,Liechtenstein,EURO,0,3092,0,57
26-05-2021,LI,Liechtenstein,EURO,2,3094,0,57
27-05-2021,LI,Liechtenstein,EURO,3,3097,0,57
28-05-2021,LI,Liechtenstein,EURO,2,3099,0,57
29-05-2021,LI,Liechtenstein,EURO,0,3099,0,57
30-05-2021,LI,Liechtenstein,EURO,0,3099,0,57
01-01-2021,LT,Lithuania,EURO,2713,147989,41,1843
02-01-2021,LT,Lithuania,EURO,1174,149163,51,1894
03-01-2021,LT,Lithuania,EURO,1404,150567,50,1944
04-01-2021,LT,Lithuania,EURO,1248,151815,38,1982
05-01-2021,LT,Lithuania,EURO,2272,154087,40,2022
06-01-2021,LT,Lithuania,EURO,2653,156740,34,2056
07-01-2021,LT,Lithuania,EURO,2217,158957,43,2099
08-01-2021,LT,Lithuania,EURO,1971,160928,41,2140
09-01-2021,LT,Lithuania,EURO,1752,162680,41,2181
10-01-2021,LT,Lithuania,EURO,1372,164052,29,2210
11-01-2021,LT,Lithuania,EURO,596,164648,43,2253
12-01-2021,LT,Lithuania,EURO,1348,165996,34,2287
13-01-2021,LT,Lithuania,EURO,1664,167660,38,2325
14-01-2021,LT,Lithuania,EURO,1311,168971,33,2358
15-01-2021,LT,Lithuania,EURO,1132,170103,35,2393
16-01-2021,LT,Lithuania,EURO,1242,171345,34,2427
17-01-2021,LT,Lithuania,EURO,703,172048,31,2458
18-01-2021,LT,Lithuania,EURO,430,172478,26,2484
19-01-2021,LT,Lithuania,EURO,918,173396,22,2506
20-01-2021,LT,Lithuania,EURO,1257,174653,25,2531
21-01-2021,LT,Lithuania,EURO,1132,175785,39,2570
22-01-2021,LT,Lithuania,EURO,1012,176797,36,2606
23-01-2021,LT,Lithuania,EURO,1143,177940,34,2640
24-01-2021,LT,Lithuania,EURO,647,178587,23,2663
25-01-2021,LT,Lithuania,EURO,469,179056,20,2683
26-01-2021,LT,Lithuania,EURO,843,179899,17,2700
27-01-2021,LT,Lithuania,EURO,1288,181187,29,2729
28-01-2021,LT,Lithuania,EURO,932,182119,29,2758
29-01-2021,LT,Lithuania,EURO,882,183001,17,2775
30-01-2021,LT,Lithuania,EURO,797,183798,25,2800
31-01-2021,LT,Lithuania,EURO,677,184475,17,2817
01-02-2021,LT,Lithuania,EURO,305,184780,23,2840
02-02-2021,LT,Lithuania,EURO,690,185470,20,2860
03-02-2021,LT,Lithuania,EURO,728,186198,19,2879
04-02-2021,LT,Lithuania,EURO,721,186919,15,2894
05-02-2021,LT,Lithuania,EURO,668,187587,24,2918
06-02-2021,LT,Lithuania,EURO,697,188284,16,2934
07-02-2021,LT,Lithuania,EURO,386,188670,16,2950
08-02-2021,LT,Lithuania,EURO,275,188945,17,2967
09-02-2021,LT,Lithuania,EURO,503,189448,15,2982
10-02-2021,LT,Lithuania,EURO,529,189977,15,2997
11-02-2021,LT,Lithuania,EURO,627,190604,23,3020
12-02-2021,LT,Lithuania,EURO,536,191140,21,3041
13-02-2021,LT,Lithuania,EURO,623,191763,17,3058
14-02-2021,LT,Lithuania,EURO,385,192148,16,3074
15-02-2021,LT,Lithuania,EURO,221,192369,12,3086
16-02-2021,LT,Lithuania,EURO,481,192850,13,3099
17-02-2021,LT,Lithuania,EURO,381,193231,20,3119
18-02-2021,LT,Lithuania,EURO,495,193726,13,3132
19-02-2021,LT,Lithuania,EURO,680,194406,15,3147
20-02-2021,LT,Lithuania,EURO,604,195010,15,3162
21-02-2021,LT,Lithuania,EURO,481,195491,12,3174
22-02-2021,LT,Lithuania,EURO,264,195755,8,3182
23-02-2021,LT,Lithuania,EURO,505,196260,8,3190
24-02-2021,LT,Lithuania,EURO,652,196912,13,3203
25-02-2021,LT,Lithuania,EURO,556,197468,9,3212
26-02-2021,LT,Lithuania,EURO,651,198119,14,3226
27-02-2021,LT,Lithuania,EURO,670,198789,9,3235
28-02-2021,LT,Lithuania,EURO,356,199145,9,3244
01-03-2021,LT,Lithuania,EURO,253,199398,9,3253
02-03-2021,LT,Lithuania,EURO,427,199825,10,3263
03-03-2021,LT,Lithuania,EURO,524,200349,18,3281
04-03-2021,LT,Lithuania,EURO,535,200884,13,3294
05-03-2021,LT,Lithuania,EURO,451,201335,9,3303
06-03-2021,LT,Lithuania,EURO,464,201799,18,3321
07-03-2021,LT,Lithuania,EURO,415,202214,7,3328
08-03-2021,LT,Lithuania,EURO,216,202430,8,3336
09-03-2021,LT,Lithuania,EURO,470,202900,5,3341
10-03-2021,LT,Lithuania,EURO,486,203386,10,3351
11-03-2021,LT,Lithuania,EURO,606,203992,12,3363
12-03-2021,LT,Lithuania,EURO,364,204356,10,3373
13-03-2021,LT,Lithuania,EURO,598,204954,16,3389
14-03-2021,LT,Lithuania,EURO,431,205385,7,3396
15-03-2021,LT,Lithuania,EURO,259,205644,14,3410
16-03-2021,LT,Lithuania,EURO,646,206290,6,3416
17-03-2021,LT,Lithuania,EURO,599,206889,11,3427
18-03-2021,LT,Lithuania,EURO,580,207469,15,3442
19-03-2021,LT,Lithuania,EURO,579,208048,10,3452
20-03-2021,LT,Lithuania,EURO,602,208650,12,3464
21-03-2021,LT,Lithuania,EURO,361,209011,12,3476
22-03-2021,LT,Lithuania,EURO,329,209340,10,3486
23-03-2021,LT,Lithuania,EURO,862,210202,15,3501
24-03-2021,LT,Lithuania,EURO,809,211011,9,3510
25-03-2021,LT,Lithuania,EURO,793,211804,11,3521
26-03-2021,LT,Lithuania,EURO,872,212676,8,3529
27-03-2021,LT,Lithuania,EURO,771,213447,10,3539
28-03-2021,LT,Lithuania,EURO,494,213941,12,3551
29-03-2021,LT,Lithuania,EURO,424,214365,9,3560
30-03-2021,LT,Lithuania,EURO,851,215216,6,3566
31-03-2021,LT,Lithuania,EURO,903,216119,8,3574
01-04-2021,LT,Lithuania,EURO,886,217005,9,3583
02-04-2021,LT,Lithuania,EURO,860,217865,11,3594
03-04-2021,LT,Lithuania,EURO,1013,218878,8,3602
04-04-2021,LT,Lithuania,EURO,833,219711,7,3609
05-04-2021,LT,Lithuania,EURO,501,220212,6,3615
06-04-2021,LT,Lithuania,EURO,688,220900,8,3623
07-04-2021,LT,Lithuania,EURO,1120,222020,12,3635
08-04-2021,LT,Lithuania,EURO,1107,223127,12,3647
09-04-2021,LT,Lithuania,EURO,1182,224309,13,3660
10-04-2021,LT,Lithuania,EURO,999,225308,11,3671
11-04-2021,LT,Lithuania,EURO,865,226173,16,3687
12-04-2021,LT,Lithuania,EURO,610,226783,10,3697
13-04-2021,LT,Lithuania,EURO,1106,227889,16,3713
14-04-2021,LT,Lithuania,EURO,1371,229260,5,3718
15-04-2021,LT,Lithuania,EURO,1202,230462,12,3730
16-04-2021,LT,Lithuania,EURO,1139,231601,9,3739
17-04-2021,LT,Lithuania,EURO,1228,232829,12,3751
18-04-2021,LT,Lithuania,EURO,802,233631,9,3760
19-04-2021,LT,Lithuania,EURO,601,234232,10,3770
20-04-2021,LT,Lithuania,EURO,1151,235383,15,3785
21-04-2021,LT,Lithuania,EURO,1150,236533,17,3802
22-04-2021,LT,Lithuania,EURO,1417,237950,16,3818
23-04-2021,LT,Lithuania,EURO,1313,239263,15,3833
24-04-2021,LT,Lithuania,EURO,1259,240522,8,3841
25-04-2021,LT,Lithuania,EURO,775,241297,7,3848
26-04-2021,LT,Lithuania,EURO,575,241872,9,3857
27-04-2021,LT,Lithuania,EURO,1054,242926,20,3877
28-04-2021,LT,Lithuania,EURO,1629,244555,23,3900
29-04-2021,LT,Lithuania,EURO,1341,245896,16,3916
30-04-2021,LT,Lithuania,EURO,1373,247269,7,3923
01-05-2021,LT,Lithuania,EURO,1386,248655,14,3937
02-05-2021,LT,Lithuania,EURO,1025,249680,13,3950
03-05-2021,LT,Lithuania,EURO,657,250337,6,3956
04-05-2021,LT,Lithuania,EURO,1113,251450,20,3976
05-05-2021,LT,Lithuania,EURO,1249,252699,17,3993
06-05-2021,LT,Lithuania,EURO,1392,254091,7,4000
07-05-2021,LT,Lithuania,EURO,1293,255384,19,4019
08-05-2021,LT,Lithuania,EURO,1522,256906,5,4024
09-05-2021,LT,Lithuania,EURO,921,257827,10,4034
10-05-2021,LT,Lithuania,EURO,0,257827,0,4034
11-05-2021,LT,Lithuania,EURO,2035,259862,19,4053
12-05-2021,LT,Lithuania,EURO,1266,261128,6,4059
13-05-2021,LT,Lithuania,EURO,1207,262335,12,4071
14-05-2021,LT,Lithuania,EURO,1140,263475,13,4084
15-05-2021,LT,Lithuania,EURO,1249,264724,4,4088
16-05-2021,LT,Lithuania,EURO,812,265536,15,4103
17-05-2021,LT,Lithuania,EURO,527,266063,9,4112
18-05-2021,LT,Lithuania,EURO,732,266795,14,4126
19-05-2021,LT,Lithuania,EURO,1024,267819,13,4139
20-05-2021,LT,Lithuania,EURO,865,268684,16,4155
21-05-2021,LT,Lithuania,EURO,679,269363,6,4161
22-05-2021,LT,Lithuania,EURO,1013,270376,12,4173
23-05-2021,LT,Lithuania,EURO,473,270849,12,4185
24-05-2021,LT,Lithuania,EURO,281,271130,10,4195
25-05-2021,LT,Lithuania,EURO,552,271682,14,4209
26-05-2021,LT,Lithuania,EURO,549,272231,11,4220
27-05-2021,LT,Lithuania,EURO,595,272826,9,4229
28-05-2021,LT,Lithuania,EURO,520,273346,6,4235
29-05-2021,LT,Lithuania,EURO,520,273866,10,4245
30-05-2021,LT,Lithuania,EURO,333,274199,12,4257
01-01-2021,LU,Luxembourg,EURO,187,46598,3,498
02-01-2021,LU,Luxembourg,EURO,215,46813,3,501
03-01-2021,LU,Luxembourg,EURO,25,46838,2,503
04-01-2021,LU,Luxembourg,EURO,81,46919,3,506
05-01-2021,LU,Luxembourg,EURO,66,46985,2,508
06-01-2021,LU,Luxembourg,EURO,163,47148,6,514
07-01-2021,LU,Luxembourg,EURO,282,47430,3,517
08-01-2021,LU,Luxembourg,EURO,161,47591,4,521
09-01-2021,LU,Luxembourg,EURO,149,47740,6,527
10-01-2021,LU,Luxembourg,EURO,136,47876,3,530
11-01-2021,LU,Luxembourg,EURO,104,47980,3,533
12-01-2021,LU,Luxembourg,EURO,42,48022,2,535
13-01-2021,LU,Luxembourg,EURO,153,48175,3,538
14-01-2021,LU,Luxembourg,EURO,190,48365,4,542
15-01-2021,LU,Luxembourg,EURO,114,48479,3,545
16-01-2021,LU,Luxembourg,EURO,143,48622,4,549
17-01-2021,LU,Luxembourg,EURO,135,48757,3,552
18-01-2021,LU,Luxembourg,EURO,87,48844,0,552
19-01-2021,LU,Luxembourg,EURO,37,48881,5,557
20-01-2021,LU,Luxembourg,EURO,85,48966,3,560
21-01-2021,LU,Luxembourg,EURO,238,49204,2,562
22-01-2021,LU,Luxembourg,EURO,115,49319,0,562
23-01-2021,LU,Luxembourg,EURO,119,49438,0,562
24-01-2021,LU,Luxembourg,EURO,143,49581,2,564
25-01-2021,LU,Luxembourg,EURO,123,49704,0,564
26-01-2021,LU,Luxembourg,EURO,29,49733,2,566
27-01-2021,LU,Luxembourg,EURO,119,49852,4,570
28-01-2021,LU,Luxembourg,EURO,237,50089,1,571
29-01-2021,LU,Luxembourg,EURO,139,50228,3,574
30-01-2021,LU,Luxembourg,EURO,160,50388,3,577
31-01-2021,LU,Luxembourg,EURO,159,50547,2,579
01-02-2021,LU,Luxembourg,EURO,152,50699,1,580
02-02-2021,LU,Luxembourg,EURO,34,50733,4,584
03-02-2021,LU,Luxembourg,EURO,190,50923,2,586
04-02-2021,LU,Luxembourg,EURO,205,51128,1,587
05-02-2021,LU,Luxembourg,EURO,202,51330,1,588
06-02-2021,LU,Luxembourg,EURO,182,51512,2,590
07-02-2021,LU,Luxembourg,EURO,177,51689,2,592
08-02-2021,LU,Luxembourg,EURO,159,51848,1,593
09-02-2021,LU,Luxembourg,EURO,31,51879,4,597
10-02-2021,LU,Luxembourg,EURO,143,52022,3,600
11-02-2021,LU,Luxembourg,EURO,225,52247,2,602
12-02-2021,LU,Luxembourg,EURO,145,52392,2,604
13-02-2021,LU,Luxembourg,EURO,147,52539,2,606
14-02-2021,LU,Luxembourg,EURO,160,52699,0,606
15-02-2021,LU,Luxembourg,EURO,185,52884,1,607
16-02-2021,LU,Luxembourg,EURO,39,52923,4,611
17-02-2021,LU,Luxembourg,EURO,139,53062,1,612
18-02-2021,LU,Luxembourg,EURO,267,53329,4,616
19-02-2021,LU,Luxembourg,EURO,233,53562,3,619
20-02-2021,LU,Luxembourg,EURO,220,53782,3,622
21-02-2021,LU,Luxembourg,EURO,186,53968,1,623
22-02-2021,LU,Luxembourg,EURO,170,54138,2,625
23-02-2021,LU,Luxembourg,EURO,34,54172,3,628
24-02-2021,LU,Luxembourg,EURO,182,54354,1,629
25-02-2021,LU,Luxembourg,EURO,324,54678,3,632
26-02-2021,LU,Luxembourg,EURO,193,54871,2,634
27-02-2021,LU,Luxembourg,EURO,239,55110,3,637
28-02-2021,LU,Luxembourg,EURO,203,55313,0,637
01-03-2021,LU,Luxembourg,EURO,112,55425,1,638
02-03-2021,LU,Luxembourg,EURO,55,55480,1,639
03-03-2021,LU,Luxembourg,EURO,152,55632,2,641
04-03-2021,LU,Luxembourg,EURO,270,55902,2,643
05-03-2021,LU,Luxembourg,EURO,208,56110,4,647
06-03-2021,LU,Luxembourg,EURO,186,56296,5,652
07-03-2021,LU,Luxembourg,EURO,210,56506,5,657
08-03-2021,LU,Luxembourg,EURO,140,56646,5,662
09-03-2021,LU,Luxembourg,EURO,31,56677,1,663
10-03-2021,LU,Luxembourg,EURO,145,56822,5,668
11-03-2021,LU,Luxembourg,EURO,234,57056,5,673
12-03-2021,LU,Luxembourg,EURO,265,57321,2,675
13-03-2021,LU,Luxembourg,EURO,182,57503,6,681
14-03-2021,LU,Luxembourg,EURO,197,57700,7,688
15-03-2021,LU,Luxembourg,EURO,177,57877,1,689
16-03-2021,LU,Luxembourg,EURO,49,57926,4,693
17-03-2021,LU,Luxembourg,EURO,185,58111,4,697
18-03-2021,LU,Luxembourg,EURO,297,58408,7,704
19-03-2021,LU,Luxembourg,EURO,266,58674,1,705
20-03-2021,LU,Luxembourg,EURO,281,58955,9,714
21-03-2021,LU,Luxembourg,EURO,255,59210,1,715
22-03-2021,LU,Luxembourg,EURO,206,59416,3,718
23-03-2021,LU,Luxembourg,EURO,81,59497,1,719
24-03-2021,LU,Luxembourg,EURO,165,59662,7,726
25-03-2021,LU,Luxembourg,EURO,245,59907,2,728
26-03-2021,LU,Luxembourg,EURO,298,60205,8,736
27-03-2021,LU,Luxembourg,EURO,260,60465,2,738
28-03-2021,LU,Luxembourg,EURO,290,60755,0,738
29-03-2021,LU,Luxembourg,EURO,292,61047,0,738
30-03-2021,LU,Luxembourg,EURO,26,61073,3,741
31-03-2021,LU,Luxembourg,EURO,182,61255,2,743
01-04-2021,LU,Luxembourg,EURO,387,61642,3,746
02-04-2021,LU,Luxembourg,EURO,239,61881,3,749
03-04-2021,LU,Luxembourg,EURO,224,62105,1,750
04-04-2021,LU,Luxembourg,EURO,0,62105,0,750
05-04-2021,LU,Luxembourg,EURO,255,62360,5,755
06-04-2021,LU,Luxembourg,EURO,54,62414,5,760
07-04-2021,LU,Luxembourg,EURO,211,62625,1,761
08-04-2021,LU,Luxembourg,EURO,168,62793,1,762
09-04-2021,LU,Luxembourg,EURO,387,63180,0,762
10-04-2021,LU,Luxembourg,EURO,287,63467,1,763
11-04-2021,LU,Luxembourg,EURO,183,63650,5,768
12-04-2021,LU,Luxembourg,EURO,0,63650,0,768
13-04-2021,LU,Luxembourg,EURO,230,63880,4,772
14-04-2021,LU,Luxembourg,EURO,182,64062,5,777
15-04-2021,LU,Luxembourg,EURO,272,64334,7,784
16-04-2021,LU,Luxembourg,EURO,215,64549,1,785
17-04-2021,LU,Luxembourg,EURO,197,64746,0,785
18-04-2021,LU,Luxembourg,EURO,0,64746,0,785
19-04-2021,LU,Luxembourg,EURO,368,65114,0,785
20-04-2021,LU,Luxembourg,EURO,30,65144,1,786
21-04-2021,LU,Luxembourg,EURO,175,65319,0,786
22-04-2021,LU,Luxembourg,EURO,285,65604,2,788
23-04-2021,LU,Luxembourg,EURO,209,65813,2,790
24-04-2021,LU,Luxembourg,EURO,194,66007,0,790
25-04-2021,LU,Luxembourg,EURO,195,66202,0,790
26-04-2021,LU,Luxembourg,EURO,116,66318,0,790
27-04-2021,LU,Luxembourg,EURO,56,66374,1,791
28-04-2021,LU,Luxembourg,EURO,220,66594,0,791
29-04-2021,LU,Luxembourg,EURO,232,66826,1,792
30-04-2021,LU,Luxembourg,EURO,219,67045,2,794
01-05-2021,LU,Luxembourg,EURO,160,67205,2,796
02-05-2021,LU,Luxembourg,EURO,192,67397,1,797
03-05-2021,LU,Luxembourg,EURO,68,67465,3,800
04-05-2021,LU,Luxembourg,EURO,0,67465,0,800
05-05-2021,LU,Luxembourg,EURO,177,67642,0,800
06-05-2021,LU,Luxembourg,EURO,208,67850,0,800
07-05-2021,LU,Luxembourg,EURO,170,68020,1,801
08-05-2021,LU,Luxembourg,EURO,133,68153,0,801
09-05-2021,LU,Luxembourg,EURO,138,68291,1,802
10-05-2021,LU,Luxembourg,EURO,0,68291,0,802
11-05-2021,LU,Luxembourg,EURO,140,68431,2,804
12-05-2021,LU,Luxembourg,EURO,121,68552,2,806
13-05-2021,LU,Luxembourg,EURO,196,68748,0,806
14-05-2021,LU,Luxembourg,EURO,174,68922,0,806
15-05-2021,LU,Luxembourg,EURO,0,68922,0,806
16-05-2021,LU,Luxembourg,EURO,0,68922,0,806
17-05-2021,LU,Luxembourg,EURO,106,69028,0,806
18-05-2021,LU,Luxembourg,EURO,162,69190,2,808
19-05-2021,LU,Luxembourg,EURO,49,69239,0,808
20-05-2021,LU,Luxembourg,EURO,159,69398,0,808
21-05-2021,LU,Luxembourg,EURO,67,69465,1,809
22-05-2021,LU,Luxembourg,EURO,80,69545,1,810
23-05-2021,LU,Luxembourg,EURO,0,69545,0,810
24-05-2021,LU,Luxembourg,EURO,0,69545,0,810
25-05-2021,LU,Luxembourg,EURO,0,69545,0,810
26-05-2021,LU,Luxembourg,EURO,34,69579,2,812
27-05-2021,LU,Luxembourg,EURO,90,69669,0,812
28-05-2021,LU,Luxembourg,EURO,80,69749,1,813
29-05-2021,LU,Luxembourg,EURO,81,69830,1,814
30-05-2021,LU,Luxembourg,EURO,59,69889,0,814
01-01-2021,MG,Madagascar,AFRO,0,17714,0,261
02-01-2021,MG,Madagascar,AFRO,0,17714,0,261
03-01-2021,MG,Madagascar,AFRO,53,17767,1,262
04-01-2021,MG,Madagascar,AFRO,0,17767,0,262
05-01-2021,MG,Madagascar,AFRO,0,17767,0,262
06-01-2021,MG,Madagascar,AFRO,0,17767,0,262
07-01-2021,MG,Madagascar,AFRO,0,17767,0,262
08-01-2021,MG,Madagascar,AFRO,0,17767,0,262
09-01-2021,MG,Madagascar,AFRO,0,17767,0,262
10-01-2021,MG,Madagascar,AFRO,0,17767,0,262
11-01-2021,MG,Madagascar,AFRO,0,17767,0,262
12-01-2021,MG,Madagascar,AFRO,234,18001,5,267
13-01-2021,MG,Madagascar,AFRO,0,18001,0,267
14-01-2021,MG,Madagascar,AFRO,0,18001,0,267
15-01-2021,MG,Madagascar,AFRO,0,18001,0,267
16-01-2021,MG,Madagascar,AFRO,0,18001,0,267
17-01-2021,MG,Madagascar,AFRO,0,18001,0,267
18-01-2021,MG,Madagascar,AFRO,300,18301,6,273
19-01-2021,MG,Madagascar,AFRO,0,18301,0,273
20-01-2021,MG,Madagascar,AFRO,0,18301,0,273
21-01-2021,MG,Madagascar,AFRO,0,18301,0,273
22-01-2021,MG,Madagascar,AFRO,0,18301,0,273
23-01-2021,MG,Madagascar,AFRO,0,18301,0,273
24-01-2021,MG,Madagascar,AFRO,0,18301,0,273
25-01-2021,MG,Madagascar,AFRO,442,18743,6,279
26-01-2021,MG,Madagascar,AFRO,0,18743,0,279
27-01-2021,MG,Madagascar,AFRO,0,18743,0,279
28-01-2021,MG,Madagascar,AFRO,0,18743,0,279
29-01-2021,MG,Madagascar,AFRO,0,18743,0,279
30-01-2021,MG,Madagascar,AFRO,0,18743,0,279
31-01-2021,MG,Madagascar,AFRO,0,18743,0,279
01-02-2021,MG,Madagascar,AFRO,322,19065,2,281
02-02-2021,MG,Madagascar,AFRO,0,19065,0,281
03-02-2021,MG,Madagascar,AFRO,0,19065,0,281
04-02-2021,MG,Madagascar,AFRO,0,19065,0,281
05-02-2021,MG,Madagascar,AFRO,0,19065,0,281
06-02-2021,MG,Madagascar,AFRO,0,19065,0,281
07-02-2021,MG,Madagascar,AFRO,0,19065,0,281
08-02-2021,MG,Madagascar,AFRO,0,19065,0,281
09-02-2021,MG,Madagascar,AFRO,295,19360,4,285
10-02-2021,MG,Madagascar,AFRO,0,19360,0,285
11-02-2021,MG,Madagascar,AFRO,0,19360,0,285
12-02-2021,MG,Madagascar,AFRO,0,19360,0,285
13-02-2021,MG,Madagascar,AFRO,0,19360,0,285
14-02-2021,MG,Madagascar,AFRO,0,19360,0,285
15-02-2021,MG,Madagascar,AFRO,0,19360,0,285
16-02-2021,MG,Madagascar,AFRO,238,19598,7,292
17-02-2021,MG,Madagascar,AFRO,0,19598,0,292
18-02-2021,MG,Madagascar,AFRO,0,19598,0,292
19-02-2021,MG,Madagascar,AFRO,0,19598,0,292
20-02-2021,MG,Madagascar,AFRO,0,19598,0,292
21-02-2021,MG,Madagascar,AFRO,0,19598,0,292
22-02-2021,MG,Madagascar,AFRO,0,19598,0,292
23-02-2021,MG,Madagascar,AFRO,233,19831,5,297
24-02-2021,MG,Madagascar,AFRO,0,19831,0,297
25-02-2021,MG,Madagascar,AFRO,0,19831,0,297
26-02-2021,MG,Madagascar,AFRO,0,19831,0,297
27-02-2021,MG,Madagascar,AFRO,0,19831,0,297
28-02-2021,MG,Madagascar,AFRO,0,19831,0,297
01-03-2021,MG,Madagascar,AFRO,0,19831,0,297
02-03-2021,MG,Madagascar,AFRO,0,19831,0,297
03-03-2021,MG,Madagascar,AFRO,0,19831,0,297
04-03-2021,MG,Madagascar,AFRO,0,19831,0,297
05-03-2021,MG,Madagascar,AFRO,0,19831,0,297
06-03-2021,MG,Madagascar,AFRO,0,19831,0,297
07-03-2021,MG,Madagascar,AFRO,324,20155,3,300
08-03-2021,MG,Madagascar,AFRO,0,20155,0,300
09-03-2021,MG,Madagascar,AFRO,0,20155,0,300
10-03-2021,MG,Madagascar,AFRO,0,20155,0,300
11-03-2021,MG,Madagascar,AFRO,0,20155,0,300
12-03-2021,MG,Madagascar,AFRO,0,20155,0,300
13-03-2021,MG,Madagascar,AFRO,0,20155,0,300
14-03-2021,MG,Madagascar,AFRO,1201,21356,26,326
15-03-2021,MG,Madagascar,AFRO,0,21356,0,326
16-03-2021,MG,Madagascar,AFRO,0,21356,0,326
17-03-2021,MG,Madagascar,AFRO,0,21356,0,326
18-03-2021,MG,Madagascar,AFRO,0,21356,0,326
19-03-2021,MG,Madagascar,AFRO,0,21356,0,326
20-03-2021,MG,Madagascar,AFRO,757,22113,14,340
21-03-2021,MG,Madagascar,AFRO,0,22113,0,340
22-03-2021,MG,Madagascar,AFRO,371,22484,11,351
23-03-2021,MG,Madagascar,AFRO,132,22616,4,355
24-03-2021,MG,Madagascar,AFRO,66,22682,6,361
25-03-2021,MG,Madagascar,AFRO,162,22844,2,363
26-03-2021,MG,Madagascar,AFRO,196,23040,6,369
27-03-2021,MG,Madagascar,AFRO,190,23230,9,378
28-03-2021,MG,Madagascar,AFRO,194,23424,3,381
29-03-2021,MG,Madagascar,AFRO,161,23585,6,387
30-03-2021,MG,Madagascar,AFRO,384,23969,7,394
31-03-2021,MG,Madagascar,AFRO,295,24264,0,394
01-04-2021,MG,Madagascar,AFRO,161,24425,15,409
02-04-2021,MG,Madagascar,AFRO,270,24695,15,424
03-04-2021,MG,Madagascar,AFRO,273,24968,20,444
04-04-2021,MG,Madagascar,AFRO,294,25262,5,449
05-04-2021,MG,Madagascar,AFRO,310,25572,5,454
06-04-2021,MG,Madagascar,AFRO,137,25709,5,459
07-04-2021,MG,Madagascar,AFRO,165,25874,3,462
08-04-2021,MG,Madagascar,AFRO,253,26127,7,469
09-04-2021,MG,Madagascar,AFRO,348,26475,6,475
10-04-2021,MG,Madagascar,AFRO,559,27034,11,486
11-04-2021,MG,Madagascar,AFRO,514,27548,7,493
12-04-2021,MG,Madagascar,AFRO,515,28063,7,500
13-04-2021,MG,Madagascar,AFRO,478,28541,6,506
14-04-2021,MG,Madagascar,AFRO,224,28765,6,512
15-04-2021,MG,Madagascar,AFRO,583,29348,8,520
16-04-2021,MG,Madagascar,AFRO,859,30207,7,527
17-04-2021,MG,Madagascar,AFRO,832,31039,4,531
18-04-2021,MG,Madagascar,AFRO,578,31617,7,538
19-04-2021,MG,Madagascar,AFRO,588,32205,4,542
20-04-2021,MG,Madagascar,AFRO,593,32798,10,552
21-04-2021,MG,Madagascar,AFRO,404,33202,11,563
22-04-2021,MG,Madagascar,AFRO,390,33592,6,569
23-04-2021,MG,Madagascar,AFRO,477,34069,10,579
24-04-2021,MG,Madagascar,AFRO,706,34775,9,588
25-04-2021,MG,Madagascar,AFRO,487,35262,5,593
26-04-2021,MG,Madagascar,AFRO,484,35746,6,599
27-04-2021,MG,Madagascar,AFRO,299,36045,6,605
28-04-2021,MG,Madagascar,AFRO,145,36190,9,614
29-04-2021,MG,Madagascar,AFRO,320,36510,17,631
30-04-2021,MG,Madagascar,AFRO,186,36696,6,637
01-05-2021,MG,Madagascar,AFRO,318,37014,6,643
02-05-2021,MG,Madagascar,AFRO,282,37296,11,654
03-05-2021,MG,Madagascar,AFRO,334,37630,12,666
04-05-2021,MG,Madagascar,AFRO,121,37751,11,677
05-05-2021,MG,Madagascar,AFRO,238,37989,5,682
06-05-2021,MG,Madagascar,AFRO,127,38116,8,690
07-05-2021,MG,Madagascar,AFRO,221,38337,5,695
08-05-2021,MG,Madagascar,AFRO,304,38641,6,701
09-05-2021,MG,Madagascar,AFRO,233,38874,15,716
10-05-2021,MG,Madagascar,AFRO,138,39012,6,722
11-05-2021,MG,Madagascar,AFRO,150,39162,7,729
12-05-2021,MG,Madagascar,AFRO,189,39351,3,732
13-05-2021,MG,Madagascar,AFRO,159,39510,6,738
14-05-2021,MG,Madagascar,AFRO,249,39759,7,745
15-05-2021,MG,Madagascar,AFRO,129,39888,3,748
16-05-2021,MG,Madagascar,AFRO,117,40005,6,754
17-05-2021,MG,Madagascar,AFRO,136,40141,9,763
18-05-2021,MG,Madagascar,AFRO,63,40204,8,771
19-05-2021,MG,Madagascar,AFRO,122,40326,3,774
20-05-2021,MG,Madagascar,AFRO,59,40385,3,777
21-05-2021,MG,Madagascar,AFRO,134,40519,6,783
22-05-2021,MG,Madagascar,AFRO,173,40692,3,786
23-05-2021,MG,Madagascar,AFRO,88,40780,7,793
24-05-2021,MG,Madagascar,AFRO,96,40876,7,800
25-05-2021,MG,Madagascar,AFRO,78,40954,6,806
26-05-2021,MG,Madagascar,AFRO,45,40999,4,810
27-05-2021,MG,Madagascar,AFRO,62,41061,7,817
28-05-2021,MG,Madagascar,AFRO,41,41102,5,822
29-05-2021,MG,Madagascar,AFRO,82,41184,5,827
30-05-2021,MG,Madagascar,AFRO,50,41234,2,829
01-01-2021,MW,Malawi,AFRO,112,6583,0,189
02-01-2021,MW,Malawi,AFRO,0,6583,0,189
03-01-2021,MW,Malawi,AFRO,128,6711,3,192
04-01-2021,MW,Malawi,AFRO,133,6844,3,195
05-01-2021,MW,Malawi,AFRO,91,6935,1,196
06-01-2021,MW,Malawi,AFRO,175,7110,3,199
07-01-2021,MW,Malawi,AFRO,227,7337,0,199
08-01-2021,MW,Malawi,AFRO,274,7611,4,203
09-01-2021,MW,Malawi,AFRO,314,7925,5,208
10-01-2021,MW,Malawi,AFRO,381,8306,12,220
11-01-2021,MW,Malawi,AFRO,269,8575,5,225
12-01-2021,MW,Malawi,AFRO,452,9027,10,235
13-01-2021,MW,Malawi,AFRO,373,9400,19,254
14-01-2021,MW,Malawi,AFRO,591,9991,21,275
15-01-2021,MW,Malawi,AFRO,503,10494,10,285
16-01-2021,MW,Malawi,AFRO,0,10494,0,285
17-01-2021,MW,Malawi,AFRO,1291,11785,15,300
18-01-2021,MW,Malawi,AFRO,685,12470,14,314
19-01-2021,MW,Malawi,AFRO,557,13027,7,321
20-01-2021,MW,Malawi,AFRO,853,13880,15,336
21-01-2021,MW,Malawi,AFRO,971,14851,18,354
22-01-2021,MW,Malawi,AFRO,1197,16048,42,396
23-01-2021,MW,Malawi,AFRO,1315,17363,49,445
24-01-2021,MW,Malawi,AFRO,1076,18439,25,470
25-01-2021,MW,Malawi,AFRO,956,19395,38,508
26-01-2021,MW,Malawi,AFRO,592,19987,10,518
27-01-2021,MW,Malawi,AFRO,843,20830,22,540
28-01-2021,MW,Malawi,AFRO,830,21660,15,555
29-01-2021,MW,Malawi,AFRO,644,22304,73,628
30-01-2021,MW,Malawi,AFRO,716,23020,15,643
31-01-2021,MW,Malawi,AFRO,477,23497,44,687
01-02-2021,MW,Malawi,AFRO,466,23963,15,702
02-02-2021,MW,Malawi,AFRO,402,24365,10,712
03-02-2021,MW,Malawi,AFRO,538,24903,14,726
04-02-2021,MW,Malawi,AFRO,546,25449,35,761
05-02-2021,MW,Malawi,AFRO,435,25884,18,779
06-02-2021,MW,Malawi,AFRO,476,26360,20,799
07-02-2021,MW,Malawi,AFRO,515,26875,38,837
08-02-2021,MW,Malawi,AFRO,320,27195,19,856
09-02-2021,MW,Malawi,AFRO,227,27422,18,874
10-02-2021,MW,Malawi,AFRO,300,27722,9,883
11-02-2021,MW,Malawi,AFRO,328,28050,17,900
12-02-2021,MW,Malawi,AFRO,220,28270,14,914
13-02-2021,MW,Malawi,AFRO,360,28630,12,926
14-02-2021,MW,Malawi,AFRO,246,28876,11,937
15-02-2021,MW,Malawi,AFRO,159,29035,15,952
16-02-2021,MW,Malawi,AFRO,146,29181,6,958
17-02-2021,MW,Malawi,AFRO,240,29421,10,968
18-02-2021,MW,Malawi,AFRO,213,29634,8,976
19-02-2021,MW,Malawi,AFRO,0,29634,8,984
20-02-2021,MW,Malawi,AFRO,643,30277,8,992
21-02-2021,MW,Malawi,AFRO,251,30528,12,1004
22-02-2021,MW,Malawi,AFRO,214,30742,9,1013
23-02-2021,MW,Malawi,AFRO,200,30942,8,1021
24-02-2021,MW,Malawi,AFRO,164,31106,3,1024
25-02-2021,MW,Malawi,AFRO,189,31295,5,1029
26-02-2021,MW,Malawi,AFRO,207,31502,4,1033
27-02-2021,MW,Malawi,AFRO,173,31675,4,1037
28-02-2021,MW,Malawi,AFRO,123,31798,0,1037
01-03-2021,MW,Malawi,AFRO,147,31945,3,1040
02-03-2021,MW,Malawi,AFRO,63,32008,4,1044
03-03-2021,MW,Malawi,AFRO,140,32148,0,1044
04-03-2021,MW,Malawi,AFRO,81,32229,12,1056
05-03-2021,MW,Malawi,AFRO,56,32285,2,1058
06-03-2021,MW,Malawi,AFRO,72,32357,0,1058
07-03-2021,MW,Malawi,AFRO,41,32398,9,1067
08-03-2021,MW,Malawi,AFRO,44,32442,2,1069
09-03-2021,MW,Malawi,AFRO,27,32469,1,1070
10-03-2021,MW,Malawi,AFRO,59,32528,4,1074
11-03-2021,MW,Malawi,AFRO,86,32614,3,1077
12-03-2021,MW,Malawi,AFRO,59,32673,1,1078
13-03-2021,MW,Malawi,AFRO,73,32746,1,1079
14-03-2021,MW,Malawi,AFRO,43,32789,3,1082
15-03-2021,MW,Malawi,AFRO,42,32831,1,1083
16-03-2021,MW,Malawi,AFRO,33,32864,1,1084
17-03-2021,MW,Malawi,AFRO,30,32894,4,1088
18-03-2021,MW,Malawi,AFRO,76,32970,0,1088
19-03-2021,MW,Malawi,AFRO,75,33045,3,1091
20-03-2021,MW,Malawi,AFRO,0,33045,0,1091
21-03-2021,MW,Malawi,AFRO,171,33216,2,1093
22-03-2021,MW,Malawi,AFRO,21,33237,3,1096
23-03-2021,MW,Malawi,AFRO,33,33270,2,1098
24-03-2021,MW,Malawi,AFRO,53,33323,1,1099
25-03-2021,MW,Malawi,AFRO,31,33354,6,1105
26-03-2021,MW,Malawi,AFRO,33,33387,3,1108
27-03-2021,MW,Malawi,AFRO,28,33415,4,1112
28-03-2021,MW,Malawi,AFRO,43,33458,1,1113
29-03-2021,MW,Malawi,AFRO,23,33481,1,1114
30-03-2021,MW,Malawi,AFRO,24,33505,0,1114
31-03-2021,MW,Malawi,AFRO,20,33525,2,1116
01-04-2021,MW,Malawi,AFRO,26,33551,1,1117
02-04-2021,MW,Malawi,AFRO,33,33584,1,1118
03-04-2021,MW,Malawi,AFRO,55,33639,1,1119
04-04-2021,MW,Malawi,AFRO,0,33639,0,1119
05-04-2021,MW,Malawi,AFRO,22,33661,4,1123
06-04-2021,MW,Malawi,AFRO,12,33673,1,1124
07-04-2021,MW,Malawi,AFRO,12,33685,0,1124
08-04-2021,MW,Malawi,AFRO,33,33718,1,1125
09-04-2021,MW,Malawi,AFRO,20,33738,0,1125
10-04-2021,MW,Malawi,AFRO,41,33779,1,1126
11-04-2021,MW,Malawi,AFRO,26,33805,1,1127
12-04-2021,MW,Malawi,AFRO,22,33827,1,1128
13-04-2021,MW,Malawi,AFRO,32,33859,4,1132
14-04-2021,MW,Malawi,AFRO,13,33872,1,1133
15-04-2021,MW,Malawi,AFRO,19,33891,1,1134
16-04-2021,MW,Malawi,AFRO,11,33902,0,1134
17-04-2021,MW,Malawi,AFRO,17,33919,2,1136
18-04-2021,MW,Malawi,AFRO,15,33934,2,1138
19-04-2021,MW,Malawi,AFRO,7,33941,0,1138
20-04-2021,MW,Malawi,AFRO,18,33959,1,1139
21-04-2021,MW,Malawi,AFRO,9,33968,3,1142
22-04-2021,MW,Malawi,AFRO,7,33975,0,1142
23-04-2021,MW,Malawi,AFRO,14,33989,3,1145
24-04-2021,MW,Malawi,AFRO,0,33989,0,1145
25-04-2021,MW,Malawi,AFRO,22,34011,2,1147
26-04-2021,MW,Malawi,AFRO,5,34016,0,1147
27-04-2021,MW,Malawi,AFRO,5,34021,0,1147
28-04-2021,MW,Malawi,AFRO,10,34031,0,1147
29-04-2021,MW,Malawi,AFRO,21,34052,0,1147
30-04-2021,MW,Malawi,AFRO,10,34062,1,1148
01-05-2021,MW,Malawi,AFRO,16,34078,0,1148
02-05-2021,MW,Malawi,AFRO,17,34095,0,1148
03-05-2021,MW,Malawi,AFRO,1,34096,0,1148
04-05-2021,MW,Malawi,AFRO,3,34099,0,1148
05-05-2021,MW,Malawi,AFRO,24,34123,1,1149
06-05-2021,MW,Malawi,AFRO,20,34143,2,1151
07-05-2021,MW,Malawi,AFRO,8,34151,1,1152
08-05-2021,MW,Malawi,AFRO,7,34158,0,1152
09-05-2021,MW,Malawi,AFRO,8,34166,1,1153
10-05-2021,MW,Malawi,AFRO,5,34171,0,1153
11-05-2021,MW,Malawi,AFRO,9,34180,0,1153
12-05-2021,MW,Malawi,AFRO,3,34183,0,1153
13-05-2021,MW,Malawi,AFRO,3,34186,0,1153
14-05-2021,MW,Malawi,AFRO,14,34200,0,1153
15-05-2021,MW,Malawi,AFRO,6,34206,0,1153
16-05-2021,MW,Malawi,AFRO,4,34210,0,1153
17-05-2021,MW,Malawi,AFRO,4,34214,0,1153
18-05-2021,MW,Malawi,AFRO,2,34216,0,1153
19-05-2021,MW,Malawi,AFRO,15,34231,0,1153
20-05-2021,MW,Malawi,AFRO,7,34238,0,1153
21-05-2021,MW,Malawi,AFRO,13,34251,0,1153
22-05-2021,MW,Malawi,AFRO,10,34261,0,1153
23-05-2021,MW,Malawi,AFRO,13,34274,0,1153
24-05-2021,MW,Malawi,AFRO,10,34284,0,1153
25-05-2021,MW,Malawi,AFRO,9,34293,1,1154
26-05-2021,MW,Malawi,AFRO,2,34295,0,1154
27-05-2021,MW,Malawi,AFRO,9,34304,0,1154
28-05-2021,MW,Malawi,AFRO,5,34309,0,1154
29-05-2021,MW,Malawi,AFRO,14,34323,0,1154
30-05-2021,MW,Malawi,AFRO,6,34329,0,1154
01-01-2021,MY,Malaysia,WPRO,2525,113010,8,471
02-01-2021,MY,Malaysia,WPRO,2068,115078,3,474
03-01-2021,MY,Malaysia,WPRO,2295,117373,9,483
04-01-2021,MY,Malaysia,WPRO,1704,119077,11,494
05-01-2021,MY,Malaysia,WPRO,1741,120818,7,501
06-01-2021,MY,Malaysia,WPRO,2027,122845,8,509
07-01-2021,MY,Malaysia,WPRO,2593,125438,4,513
08-01-2021,MY,Malaysia,WPRO,3027,128465,8,521
09-01-2021,MY,Malaysia,WPRO,2643,131108,16,537
10-01-2021,MY,Malaysia,WPRO,2451,133559,5,542
11-01-2021,MY,Malaysia,WPRO,2433,135992,9,551
12-01-2021,MY,Malaysia,WPRO,2232,138224,4,555
13-01-2021,MY,Malaysia,WPRO,3309,141533,4,559
14-01-2021,MY,Malaysia,WPRO,2985,144518,4,563
15-01-2021,MY,Malaysia,WPRO,3337,147855,15,578
16-01-2021,MY,Malaysia,WPRO,3211,151066,8,586
17-01-2021,MY,Malaysia,WPRO,4029,155095,8,594
18-01-2021,MY,Malaysia,WPRO,3339,158434,7,601
19-01-2021,MY,Malaysia,WPRO,3306,161740,4,605
20-01-2021,MY,Malaysia,WPRO,3631,165371,14,619
21-01-2021,MY,Malaysia,WPRO,4008,169379,11,630
22-01-2021,MY,Malaysia,WPRO,3170,172549,12,642
23-01-2021,MY,Malaysia,WPRO,3631,176180,18,660
24-01-2021,MY,Malaysia,WPRO,4275,180455,7,667
25-01-2021,MY,Malaysia,WPRO,3346,183801,11,678
26-01-2021,MY,Malaysia,WPRO,3048,186849,11,689
27-01-2021,MY,Malaysia,WPRO,3585,190434,11,700
28-01-2021,MY,Malaysia,WPRO,3680,194114,7,707
29-01-2021,MY,Malaysia,WPRO,4094,198208,10,717
30-01-2021,MY,Malaysia,WPRO,5725,203933,16,733
31-01-2021,MY,Malaysia,WPRO,5728,209661,13,746
01-02-2021,MY,Malaysia,WPRO,5298,214959,14,760
02-02-2021,MY,Malaysia,WPRO,4214,219173,10,770
03-02-2021,MY,Malaysia,WPRO,3455,222628,21,791
04-02-2021,MY,Malaysia,WPRO,4284,226912,18,809
05-02-2021,MY,Malaysia,WPRO,4571,231483,17,826
06-02-2021,MY,Malaysia,WPRO,3391,234874,19,845
07-02-2021,MY,Malaysia,WPRO,3847,238721,12,857
08-02-2021,MY,Malaysia,WPRO,3731,242452,15,872
09-02-2021,MY,Malaysia,WPRO,3100,245552,24,896
10-02-2021,MY,Malaysia,WPRO,2764,248316,13,909
11-02-2021,MY,Malaysia,WPRO,3288,251604,14,923
12-02-2021,MY,Malaysia,WPRO,3384,254988,13,936
13-02-2021,MY,Malaysia,WPRO,3318,258306,17,953
14-02-2021,MY,Malaysia,WPRO,3499,261805,5,958
15-02-2021,MY,Malaysia,WPRO,2464,264269,7,965
16-02-2021,MY,Malaysia,WPRO,2186,266455,10,975
17-02-2021,MY,Malaysia,WPRO,2710,269165,8,983
18-02-2021,MY,Malaysia,WPRO,2998,272163,22,1005
19-02-2021,MY,Malaysia,WPRO,2712,274875,25,1030
20-02-2021,MY,Malaysia,WPRO,2936,277811,13,1043
21-02-2021,MY,Malaysia,WPRO,2461,280272,8,1051
22-02-2021,MY,Malaysia,WPRO,3297,283569,5,1056
23-02-2021,MY,Malaysia,WPRO,2192,285761,6,1062
24-02-2021,MY,Malaysia,WPRO,2468,288229,14,1076
25-02-2021,MY,Malaysia,WPRO,3545,291774,12,1088
26-02-2021,MY,Malaysia,WPRO,1924,293698,12,1100
27-02-2021,MY,Malaysia,WPRO,2253,295951,11,1111
28-02-2021,MY,Malaysia,WPRO,2364,298315,10,1121
01-03-2021,MY,Malaysia,WPRO,2437,300752,9,1130
02-03-2021,MY,Malaysia,WPRO,1828,302580,5,1135
03-03-2021,MY,Malaysia,WPRO,1555,304135,6,1141
04-03-2021,MY,Malaysia,WPRO,1745,305880,7,1148
05-03-2021,MY,Malaysia,WPRO,2063,307943,5,1153
06-03-2021,MY,Malaysia,WPRO,2154,310097,6,1159
07-03-2021,MY,Malaysia,WPRO,1680,311777,7,1166
08-03-2021,MY,Malaysia,WPRO,1683,313460,3,1169
09-03-2021,MY,Malaysia,WPRO,1529,314989,8,1177
10-03-2021,MY,Malaysia,WPRO,1280,316269,9,1186
11-03-2021,MY,Malaysia,WPRO,1448,317717,5,1191
12-03-2021,MY,Malaysia,WPRO,1647,319364,9,1200
13-03-2021,MY,Malaysia,WPRO,1575,320939,3,1203
14-03-2021,MY,Malaysia,WPRO,1470,322409,3,1206
15-03-2021,MY,Malaysia,WPRO,1354,323763,4,1210
16-03-2021,MY,Malaysia,WPRO,1208,324971,3,1213
17-03-2021,MY,Malaysia,WPRO,1063,326034,5,1218
18-03-2021,MY,Malaysia,WPRO,1219,327253,2,1220
19-03-2021,MY,Malaysia,WPRO,1213,328466,3,1223
20-03-2021,MY,Malaysia,WPRO,1576,330042,2,1225
21-03-2021,MY,Malaysia,WPRO,1671,331713,4,1229
22-03-2021,MY,Malaysia,WPRO,1327,333040,4,1233
23-03-2021,MY,Malaysia,WPRO,1116,334156,5,1238
24-03-2021,MY,Malaysia,WPRO,1384,335540,6,1244
25-03-2021,MY,Malaysia,WPRO,1268,336808,2,1246
26-03-2021,MY,Malaysia,WPRO,1360,338168,2,1248
27-03-2021,MY,Malaysia,WPRO,1275,339443,1,1249
28-03-2021,MY,Malaysia,WPRO,1199,340642,2,1251
29-03-2021,MY,Malaysia,WPRO,1302,341944,4,1255
30-03-2021,MY,Malaysia,WPRO,941,342885,5,1260
31-03-2021,MY,Malaysia,WPRO,1133,344018,5,1265
01-04-2021,MY,Malaysia,WPRO,1482,345500,7,1272
02-04-2021,MY,Malaysia,WPRO,1178,346678,6,1278
03-04-2021,MY,Malaysia,WPRO,1294,347972,5,1283
04-04-2021,MY,Malaysia,WPRO,1638,349610,3,1286
05-04-2021,MY,Malaysia,WPRO,1349,350959,2,1288
06-04-2021,MY,Malaysia,WPRO,1070,352029,7,1295
07-04-2021,MY,Malaysia,WPRO,1300,353329,5,1300
08-04-2021,MY,Malaysia,WPRO,1139,354468,4,1304
09-04-2021,MY,Malaysia,WPRO,1285,355753,4,1308
10-04-2021,MY,Malaysia,WPRO,1854,357607,5,1313
11-04-2021,MY,Malaysia,WPRO,1510,359117,8,1321
12-04-2021,MY,Malaysia,WPRO,1739,360856,8,1329
13-04-2021,MY,Malaysia,WPRO,1317,362173,4,1333
14-04-2021,MY,Malaysia,WPRO,1767,363940,12,1345
15-04-2021,MY,Malaysia,WPRO,1889,365829,8,1353
16-04-2021,MY,Malaysia,WPRO,2148,367977,10,1363
17-04-2021,MY,Malaysia,WPRO,2551,370528,2,1365
18-04-2021,MY,Malaysia,WPRO,2331,372859,5,1370
19-04-2021,MY,Malaysia,WPRO,2195,375054,8,1378
20-04-2021,MY,Malaysia,WPRO,2078,377132,8,1386
21-04-2021,MY,Malaysia,WPRO,2341,379473,3,1389
22-04-2021,MY,Malaysia,WPRO,2340,381813,11,1400
23-04-2021,MY,Malaysia,WPRO,2875,384688,7,1407
24-04-2021,MY,Malaysia,WPRO,2847,387535,8,1415
25-04-2021,MY,Malaysia,WPRO,2717,390252,11,1426
26-04-2021,MY,Malaysia,WPRO,2690,392942,10,1436
27-04-2021,MY,Malaysia,WPRO,2776,395718,13,1449
28-04-2021,MY,Malaysia,WPRO,2733,398451,13,1462
29-04-2021,MY,Malaysia,WPRO,3142,401593,15,1477
30-04-2021,MY,Malaysia,WPRO,3332,404925,15,1492
01-05-2021,MY,Malaysia,WPRO,3788,408713,14,1506
02-05-2021,MY,Malaysia,WPRO,2881,411594,15,1521
03-05-2021,MY,Malaysia,WPRO,3418,415012,12,1533
04-05-2021,MY,Malaysia,WPRO,2500,417512,18,1551
05-05-2021,MY,Malaysia,WPRO,3120,420632,23,1574
06-05-2021,MY,Malaysia,WPRO,3744,424376,17,1591
07-05-2021,MY,Malaysia,WPRO,3551,427927,19,1610
08-05-2021,MY,Malaysia,WPRO,4498,432425,22,1632
09-05-2021,MY,Malaysia,WPRO,4519,436944,25,1657
10-05-2021,MY,Malaysia,WPRO,3733,440677,26,1683
11-05-2021,MY,Malaysia,WPRO,3807,444484,17,1700
12-05-2021,MY,Malaysia,WPRO,3973,448457,22,1722
13-05-2021,MY,Malaysia,WPRO,4765,453222,39,1761
14-05-2021,MY,Malaysia,WPRO,4855,458077,27,1788
15-05-2021,MY,Malaysia,WPRO,4113,462190,34,1822
16-05-2021,MY,Malaysia,WPRO,4140,466330,44,1866
17-05-2021,MY,Malaysia,WPRO,3780,470110,36,1902
18-05-2021,MY,Malaysia,WPRO,4446,474556,45,1947
19-05-2021,MY,Malaysia,WPRO,4865,479421,47,1994
20-05-2021,MY,Malaysia,WPRO,6075,485496,46,2040
21-05-2021,MY,Malaysia,WPRO,6806,492302,59,2099
22-05-2021,MY,Malaysia,WPRO,6493,498795,50,2149
23-05-2021,MY,Malaysia,WPRO,6320,505115,50,2199
24-05-2021,MY,Malaysia,WPRO,6976,512091,49,2248
25-05-2021,MY,Malaysia,WPRO,6509,518600,61,2309
26-05-2021,MY,Malaysia,WPRO,7289,525889,60,2369
27-05-2021,MY,Malaysia,WPRO,7478,533367,63,2432
28-05-2021,MY,Malaysia,WPRO,7857,541224,59,2491
29-05-2021,MY,Malaysia,WPRO,8290,549514,61,2552
30-05-2021,MY,Malaysia,WPRO,9020,558534,98,2650
01-01-2021,MV,Maldives,SEARO,19,13757,0,48
02-01-2021,MV,Maldives,SEARO,47,13804,0,48
03-01-2021,MV,Maldives,SEARO,30,13834,0,48
04-01-2021,MV,Maldives,SEARO,33,13867,0,48
05-01-2021,MV,Maldives,SEARO,26,13893,0,48
06-01-2021,MV,Maldives,SEARO,37,13930,0,48
07-01-2021,MV,Maldives,SEARO,37,13967,0,48
08-01-2021,MV,Maldives,SEARO,21,13988,1,49
09-01-2021,MV,Maldives,SEARO,52,14040,0,49
10-01-2021,MV,Maldives,SEARO,25,14065,0,49
11-01-2021,MV,Maldives,SEARO,44,14109,0,49
12-01-2021,MV,Maldives,SEARO,50,14159,0,49
13-01-2021,MV,Maldives,SEARO,59,14218,0,49
14-01-2021,MV,Maldives,SEARO,59,14277,0,49
15-01-2021,MV,Maldives,SEARO,48,14325,0,49
16-01-2021,MV,Maldives,SEARO,50,14375,0,49
17-01-2021,MV,Maldives,SEARO,87,14462,0,49
18-01-2021,MV,Maldives,SEARO,51,14513,0,49
19-01-2021,MV,Maldives,SEARO,69,14582,0,49
20-01-2021,MV,Maldives,SEARO,51,14633,0,49
21-01-2021,MV,Maldives,SEARO,79,14712,0,49
22-01-2021,MV,Maldives,SEARO,53,14765,1,50
23-01-2021,MV,Maldives,SEARO,65,14830,0,50
24-01-2021,MV,Maldives,SEARO,55,14885,0,50
25-01-2021,MV,Maldives,SEARO,108,14993,1,51
26-01-2021,MV,Maldives,SEARO,109,15102,0,51
27-01-2021,MV,Maldives,SEARO,145,15247,0,51
28-01-2021,MV,Maldives,SEARO,143,15390,0,51
29-01-2021,MV,Maldives,SEARO,106,15496,0,51
30-01-2021,MV,Maldives,SEARO,118,15614,0,51
31-01-2021,MV,Maldives,SEARO,122,15736,0,51
01-02-2021,MV,Maldives,SEARO,105,15841,1,52
02-02-2021,MV,Maldives,SEARO,215,16056,0,52
03-02-2021,MV,Maldives,SEARO,99,16155,0,52
04-02-2021,MV,Maldives,SEARO,121,16276,1,53
05-02-2021,MV,Maldives,SEARO,134,16410,1,54
06-02-2021,MV,Maldives,SEARO,137,16547,0,54
07-02-2021,MV,Maldives,SEARO,109,16656,0,54
08-02-2021,MV,Maldives,SEARO,127,16783,1,55
09-02-2021,MV,Maldives,SEARO,126,16909,0,55
10-02-2021,MV,Maldives,SEARO,192,17101,1,56
11-02-2021,MV,Maldives,SEARO,100,17201,0,56
12-02-2021,MV,Maldives,SEARO,186,17387,0,56
13-02-2021,MV,Maldives,SEARO,120,17507,0,56
14-02-2021,MV,Maldives,SEARO,209,17716,0,56
15-02-2021,MV,Maldives,SEARO,112,17828,2,58
16-02-2021,MV,Maldives,SEARO,125,17953,0,58
17-02-2021,MV,Maldives,SEARO,129,18082,0,58
18-02-2021,MV,Maldives,SEARO,142,18224,0,58
19-02-2021,MV,Maldives,SEARO,116,18340,0,58
20-02-2021,MV,Maldives,SEARO,127,18467,1,59
21-02-2021,MV,Maldives,SEARO,145,18612,1,60
22-02-2021,MV,Maldives,SEARO,157,18769,0,60
23-02-2021,MV,Maldives,SEARO,161,18930,0,60
24-02-2021,MV,Maldives,SEARO,108,19038,0,60
25-02-2021,MV,Maldives,SEARO,124,19162,0,60
26-02-2021,MV,Maldives,SEARO,184,19346,0,60
27-02-2021,MV,Maldives,SEARO,133,19479,0,60
28-02-2021,MV,Maldives,SEARO,118,19597,1,61
01-03-2021,MV,Maldives,SEARO,196,19793,1,62
02-03-2021,MV,Maldives,SEARO,186,19979,0,62
03-03-2021,MV,Maldives,SEARO,165,20144,0,62
04-03-2021,MV,Maldives,SEARO,136,20280,1,63
05-03-2021,MV,Maldives,SEARO,167,20447,1,64
06-03-2021,MV,Maldives,SEARO,118,20565,0,64
07-03-2021,MV,Maldives,SEARO,98,20663,0,64
08-03-2021,MV,Maldives,SEARO,131,20794,0,64
09-03-2021,MV,Maldives,SEARO,125,20919,0,64
10-03-2021,MV,Maldives,SEARO,115,21034,0,64
11-03-2021,MV,Maldives,SEARO,110,21144,0,64
12-03-2021,MV,Maldives,SEARO,124,21268,0,64
13-03-2021,MV,Maldives,SEARO,114,21382,0,64
14-03-2021,MV,Maldives,SEARO,94,21476,0,64
15-03-2021,MV,Maldives,SEARO,96,21572,0,64
16-03-2021,MV,Maldives,SEARO,94,21666,0,64
17-03-2021,MV,Maldives,SEARO,153,21819,0,64
18-03-2021,MV,Maldives,SEARO,142,21961,0,64
19-03-2021,MV,Maldives,SEARO,186,22147,1,65
20-03-2021,MV,Maldives,SEARO,145,22292,0,65
21-03-2021,MV,Maldives,SEARO,81,22373,0,65
22-03-2021,MV,Maldives,SEARO,140,22513,1,66
23-03-2021,MV,Maldives,SEARO,149,22662,0,66
24-03-2021,MV,Maldives,SEARO,128,22790,0,66
25-03-2021,MV,Maldives,SEARO,139,22929,0,66
26-03-2021,MV,Maldives,SEARO,162,23091,0,66
27-03-2021,MV,Maldives,SEARO,146,23237,0,66
28-03-2021,MV,Maldives,SEARO,166,23403,0,66
29-03-2021,MV,Maldives,SEARO,121,23524,0,66
30-03-2021,MV,Maldives,SEARO,147,23671,0,66
31-03-2021,MV,Maldives,SEARO,167,23838,0,66
01-04-2021,MV,Maldives,SEARO,241,24079,1,67
02-04-2021,MV,Maldives,SEARO,300,24379,0,67
03-04-2021,MV,Maldives,SEARO,169,24548,0,67
04-04-2021,MV,Maldives,SEARO,103,24651,0,67
05-04-2021,MV,Maldives,SEARO,132,24783,0,67
06-04-2021,MV,Maldives,SEARO,125,24908,0,67
07-04-2021,MV,Maldives,SEARO,145,25053,0,67
08-04-2021,MV,Maldives,SEARO,138,25191,0,67
09-04-2021,MV,Maldives,SEARO,113,25304,0,67
10-04-2021,MV,Maldives,SEARO,132,25436,0,67
11-04-2021,MV,Maldives,SEARO,88,25524,0,67
12-04-2021,MV,Maldives,SEARO,93,25617,0,67
13-04-2021,MV,Maldives,SEARO,84,25701,0,67
14-04-2021,MV,Maldives,SEARO,58,25759,0,67
15-04-2021,MV,Maldives,SEARO,85,25844,0,67
16-04-2021,MV,Maldives,SEARO,95,25939,0,67
17-04-2021,MV,Maldives,SEARO,82,26021,1,68
18-04-2021,MV,Maldives,SEARO,124,26145,1,69
19-04-2021,MV,Maldives,SEARO,203,26348,1,70
20-04-2021,MV,Maldives,SEARO,157,26505,0,70
21-04-2021,MV,Maldives,SEARO,162,26667,1,71
22-04-2021,MV,Maldives,SEARO,253,26920,0,71
23-04-2021,MV,Maldives,SEARO,164,27084,0,71
24-04-2021,MV,Maldives,SEARO,319,27403,0,71
25-04-2021,MV,Maldives,SEARO,218,27621,0,71
26-04-2021,MV,Maldives,SEARO,253,27874,0,71
27-04-2021,MV,Maldives,SEARO,328,28202,0,71
28-04-2021,MV,Maldives,SEARO,386,28588,0,71
29-04-2021,MV,Maldives,SEARO,464,29052,1,72
30-04-2021,MV,Maldives,SEARO,318,29370,1,73
01-05-2021,MV,Maldives,SEARO,465,29835,0,73
02-05-2021,MV,Maldives,SEARO,402,30237,0,73
03-05-2021,MV,Maldives,SEARO,508,30745,1,74
04-05-2021,MV,Maldives,SEARO,585,31330,0,74
05-05-2021,MV,Maldives,SEARO,601,31931,0,74
06-05-2021,MV,Maldives,SEARO,734,32665,0,74
07-05-2021,MV,Maldives,SEARO,703,33368,3,77
08-05-2021,MV,Maldives,SEARO,766,34134,5,82
09-05-2021,MV,Maldives,SEARO,590,34724,1,83
10-05-2021,MV,Maldives,SEARO,1091,35815,1,84
11-05-2021,MV,Maldives,SEARO,1204,37019,3,87
12-05-2021,MV,Maldives,SEARO,1501,38520,0,87
13-05-2021,MV,Maldives,SEARO,1572,40092,0,87
14-05-2021,MV,Maldives,SEARO,1216,41308,0,87
15-05-2021,MV,Maldives,SEARO,1467,42775,6,93
16-05-2021,MV,Maldives,SEARO,1007,43782,3,96
17-05-2021,MV,Maldives,SEARO,741,44523,1,97
18-05-2021,MV,Maldives,SEARO,1433,45956,4,101
19-05-2021,MV,Maldives,SEARO,1465,47421,4,105
20-05-2021,MV,Maldives,SEARO,1187,48608,7,112
21-05-2021,MV,Maldives,SEARO,2194,50802,2,114
22-05-2021,MV,Maldives,SEARO,1603,52405,6,120
23-05-2021,MV,Maldives,SEARO,1960,54365,3,123
24-05-2021,MV,Maldives,SEARO,1559,55924,6,129
25-05-2021,MV,Maldives,SEARO,1417,57341,15,144
26-05-2021,MV,Maldives,SEARO,1004,58345,0,144
27-05-2021,MV,Maldives,SEARO,1299,59644,3,147
28-05-2021,MV,Maldives,SEARO,1299,60943,4,151
29-05-2021,MV,Maldives,SEARO,901,61844,4,155
30-05-2021,MV,Maldives,SEARO,1062,62906,3,158
01-01-2021,ML,Mali,AFRO,61,7090,0,269
02-01-2021,ML,Mali,AFRO,0,7090,0,269
03-01-2021,ML,Mali,AFRO,136,7226,7,276
04-01-2021,ML,Mali,AFRO,27,7253,2,278
05-01-2021,ML,Mali,AFRO,7,7260,1,279
06-01-2021,ML,Mali,AFRO,0,7260,0,279
07-01-2021,ML,Mali,AFRO,135,7395,6,285
08-01-2021,ML,Mali,AFRO,0,7395,0,285
09-01-2021,ML,Mali,AFRO,32,7427,1,286
10-01-2021,ML,Mali,AFRO,138,7565,9,295
11-01-2021,ML,Mali,AFRO,35,7600,3,298
12-01-2021,ML,Mali,AFRO,64,7664,1,299
13-01-2021,ML,Mali,AFRO,23,7687,4,303
14-01-2021,ML,Mali,AFRO,51,7738,0,303
15-01-2021,ML,Mali,AFRO,0,7738,0,303
16-01-2021,ML,Mali,AFRO,62,7800,5,308
17-01-2021,ML,Mali,AFRO,23,7823,0,308
18-01-2021,ML,Mali,AFRO,16,7839,2,310
19-01-2021,ML,Mali,AFRO,16,7855,1,311
20-01-2021,ML,Mali,AFRO,25,7880,6,317
21-01-2021,ML,Mali,AFRO,17,7897,1,318
22-01-2021,ML,Mali,AFRO,14,7911,2,320
23-01-2021,ML,Mali,AFRO,26,7937,1,321
24-01-2021,ML,Mali,AFRO,28,7965,2,323
25-01-2021,ML,Mali,AFRO,18,7983,0,323
26-01-2021,ML,Mali,AFRO,0,7983,0,323
27-01-2021,ML,Mali,AFRO,23,8006,4,327
28-01-2021,ML,Mali,AFRO,31,8037,0,327
29-01-2021,ML,Mali,AFRO,19,8056,2,329
30-01-2021,ML,Mali,AFRO,7,8063,0,329
31-01-2021,ML,Mali,AFRO,6,8069,1,330
01-02-2021,ML,Mali,AFRO,22,8091,0,330
02-02-2021,ML,Mali,AFRO,9,8100,0,330
03-02-2021,ML,Mali,AFRO,11,8111,3,333
04-02-2021,ML,Mali,AFRO,8,8119,0,333
05-02-2021,ML,Mali,AFRO,11,8130,0,333
06-02-2021,ML,Mali,AFRO,15,8145,3,336
07-02-2021,ML,Mali,AFRO,15,8160,2,338
08-02-2021,ML,Mali,AFRO,16,8176,0,338
09-02-2021,ML,Mali,AFRO,5,8181,1,339
10-02-2021,ML,Mali,AFRO,11,8192,0,339
11-02-2021,ML,Mali,AFRO,11,8203,0,339
12-02-2021,ML,Mali,AFRO,15,8218,1,340
13-02-2021,ML,Mali,AFRO,0,8218,0,340
14-02-2021,ML,Mali,AFRO,8,8226,2,342
15-02-2021,ML,Mali,AFRO,3,8229,0,342
16-02-2021,ML,Mali,AFRO,6,8235,0,342
17-02-2021,ML,Mali,AFRO,6,8241,0,342
18-02-2021,ML,Mali,AFRO,15,8256,0,342
19-02-2021,ML,Mali,AFRO,0,8256,0,342
20-02-2021,ML,Mali,AFRO,4,8260,2,344
21-02-2021,ML,Mali,AFRO,32,8292,3,347
22-02-2021,ML,Mali,AFRO,7,8299,1,348
23-02-2021,ML,Mali,AFRO,7,8306,0,348
24-02-2021,ML,Mali,AFRO,18,8324,0,348
25-02-2021,ML,Mali,AFRO,8,8332,0,348
26-02-2021,ML,Mali,AFRO,17,8349,1,349
27-02-2021,ML,Mali,AFRO,9,8358,1,350
28-02-2021,ML,Mali,AFRO,7,8365,2,352
01-03-2021,ML,Mali,AFRO,11,8376,1,353
02-03-2021,ML,Mali,AFRO,14,8390,2,355
03-03-2021,ML,Mali,AFRO,30,8420,0,355
04-03-2021,ML,Mali,AFRO,26,8446,2,357
05-03-2021,ML,Mali,AFRO,24,8470,0,357
06-03-2021,ML,Mali,AFRO,39,8509,1,358
07-03-2021,ML,Mali,AFRO,51,8560,0,358
08-03-2021,ML,Mali,AFRO,20,8580,0,358
09-03-2021,ML,Mali,AFRO,0,8580,0,358
10-03-2021,ML,Mali,AFRO,130,8710,0,358
11-03-2021,ML,Mali,AFRO,29,8739,0,358
12-03-2021,ML,Mali,AFRO,43,8782,1,359
13-03-2021,ML,Mali,AFRO,31,8813,1,360
14-03-2021,ML,Mali,AFRO,49,8862,0,360
15-03-2021,ML,Mali,AFRO,0,8862,0,360
16-03-2021,ML,Mali,AFRO,0,8862,0,360
17-03-2021,ML,Mali,AFRO,0,8862,0,360
18-03-2021,ML,Mali,AFRO,71,8933,3,363
19-03-2021,ML,Mali,AFRO,133,9066,0,363
20-03-2021,ML,Mali,AFRO,0,9066,0,363
21-03-2021,ML,Mali,AFRO,204,9270,-3,360
22-03-2021,ML,Mali,AFRO,60,9330,1,361
23-03-2021,ML,Mali,AFRO,0,9330,0,361
24-03-2021,ML,Mali,AFRO,144,9474,7,368
25-03-2021,ML,Mali,AFRO,103,9577,4,372
26-03-2021,ML,Mali,AFRO,70,9647,3,375
27-03-2021,ML,Mali,AFRO,72,9719,1,376
28-03-2021,ML,Mali,AFRO,54,9773,0,376
29-03-2021,ML,Mali,AFRO,98,9871,3,379
30-03-2021,ML,Mali,AFRO,50,9921,5,384
31-03-2021,ML,Mali,AFRO,77,9998,0,384
01-04-2021,ML,Mali,AFRO,44,10042,1,385
02-04-2021,ML,Mali,AFRO,157,10199,1,386
03-04-2021,ML,Mali,AFRO,86,10285,4,390
04-04-2021,ML,Mali,AFRO,147,10432,1,391
05-04-2021,ML,Mali,AFRO,69,10501,1,392
06-04-2021,ML,Mali,AFRO,0,10501,0,392
07-04-2021,ML,Mali,AFRO,249,10750,4,396
08-04-2021,ML,Mali,AFRO,91,10841,4,400
09-04-2021,ML,Mali,AFRO,413,11254,2,402
10-04-2021,ML,Mali,AFRO,139,11393,2,404
11-04-2021,ML,Mali,AFRO,312,11705,1,405
12-04-2021,ML,Mali,AFRO,139,11844,3,408
13-04-2021,ML,Mali,AFRO,158,12002,6,414
14-04-2021,ML,Mali,AFRO,177,12179,3,417
15-04-2021,ML,Mali,AFRO,288,12467,2,419
16-04-2021,ML,Mali,AFRO,239,12706,2,421
17-04-2021,ML,Mali,AFRO,129,12835,5,426
18-04-2021,ML,Mali,AFRO,145,12980,3,429
19-04-2021,ML,Mali,AFRO,90,13070,4,433
20-04-2021,ML,Mali,AFRO,75,13145,8,441
21-04-2021,ML,Mali,AFRO,101,13246,3,444
22-04-2021,ML,Mali,AFRO,90,13336,7,451
23-04-2021,ML,Mali,AFRO,84,13420,5,456
24-04-2021,ML,Mali,AFRO,84,13504,4,460
25-04-2021,ML,Mali,AFRO,56,13560,2,462
26-04-2021,ML,Mali,AFRO,67,13627,5,467
27-04-2021,ML,Mali,AFRO,31,13658,7,474
28-04-2021,ML,Mali,AFRO,64,13722,2,476
29-04-2021,ML,Mali,AFRO,58,13780,1,477
30-04-2021,ML,Mali,AFRO,35,13815,4,481
01-05-2021,ML,Mali,AFRO,43,13858,3,484
02-05-2021,ML,Mali,AFRO,38,13896,1,485
03-05-2021,ML,Mali,AFRO,19,13915,4,489
04-05-2021,ML,Mali,AFRO,22,13937,2,491
05-05-2021,ML,Mali,AFRO,32,13969,1,492
06-05-2021,ML,Mali,AFRO,29,13998,1,493
07-05-2021,ML,Mali,AFRO,31,14029,0,493
08-05-2021,ML,Mali,AFRO,30,14059,4,497
09-05-2021,ML,Mali,AFRO,23,14082,2,499
10-05-2021,ML,Mali,AFRO,26,14108,1,500
11-05-2021,ML,Mali,AFRO,7,14115,2,502
12-05-2021,ML,Mali,AFRO,18,14133,4,506
13-05-2021,ML,Mali,AFRO,16,14149,1,507
14-05-2021,ML,Mali,AFRO,0,14149,1,508
15-05-2021,ML,Mali,AFRO,14,14163,2,510
16-05-2021,ML,Mali,AFRO,13,14176,1,511
17-05-2021,ML,Mali,AFRO,14,14190,0,511
18-05-2021,ML,Mali,AFRO,4,14194,0,511
19-05-2021,ML,Mali,AFRO,13,14207,0,511
20-05-2021,ML,Mali,AFRO,14,14221,1,512
21-05-2021,ML,Mali,AFRO,5,14226,0,512
22-05-2021,ML,Mali,AFRO,10,14236,0,512
23-05-2021,ML,Mali,AFRO,0,14236,0,512
24-05-2021,ML,Mali,AFRO,5,14241,2,514
25-05-2021,ML,Mali,AFRO,3,14244,0,514
26-05-2021,ML,Mali,AFRO,8,14252,0,514
27-05-2021,ML,Mali,AFRO,4,14256,0,514
28-05-2021,ML,Mali,AFRO,3,14259,0,514
29-05-2021,ML,Mali,AFRO,3,14262,2,516
30-05-2021,ML,Mali,AFRO,3,14265,1,517
01-01-2021,MT,Malta,EURO,124,12665,0,215
02-01-2021,MT,Malta,EURO,109,12774,4,219
03-01-2021,MT,Malta,EURO,135,12909,0,219
04-01-2021,MT,Malta,EURO,88,12997,1,220
05-01-2021,MT,Malta,EURO,233,13230,2,222
06-01-2021,MT,Malta,EURO,158,13388,4,226
07-01-2021,MT,Malta,EURO,224,13612,1,227
08-01-2021,MT,Malta,EURO,164,13776,1,228
09-01-2021,MT,Malta,EURO,191,13967,2,230
10-01-2021,MT,Malta,EURO,245,14212,2,232
11-01-2021,MT,Malta,EURO,184,14396,1,233
12-01-2021,MT,Malta,EURO,133,14529,0,233
13-01-2021,MT,Malta,EURO,240,14769,1,234
14-01-2021,MT,Malta,EURO,189,14958,0,234
15-01-2021,MT,Malta,EURO,121,15079,1,235
16-01-2021,MT,Malta,EURO,193,15272,1,236
17-01-2021,MT,Malta,EURO,175,15447,2,238
18-01-2021,MT,Malta,EURO,141,15588,1,239
19-01-2021,MT,Malta,EURO,154,15742,2,241
20-01-2021,MT,Malta,EURO,200,15942,1,242
21-01-2021,MT,Malta,EURO,187,16129,2,244
22-01-2021,MT,Malta,EURO,151,16280,1,245
23-01-2021,MT,Malta,EURO,143,16423,3,248
24-01-2021,MT,Malta,EURO,119,16542,2,250
25-01-2021,MT,Malta,EURO,116,16658,1,251
26-01-2021,MT,Malta,EURO,203,16861,2,253
27-01-2021,MT,Malta,EURO,138,16999,2,255
28-01-2021,MT,Malta,EURO,193,17192,3,258
29-01-2021,MT,Malta,EURO,208,17400,3,261
30-01-2021,MT,Malta,EURO,185,17585,3,264
31-01-2021,MT,Malta,EURO,136,17721,1,265
01-02-2021,MT,Malta,EURO,182,17903,2,267
02-02-2021,MT,Malta,EURO,124,18027,2,269
03-02-2021,MT,Malta,EURO,141,18168,1,270
04-02-2021,MT,Malta,EURO,138,18306,3,273
05-02-2021,MT,Malta,EURO,79,18385,0,273
06-02-2021,MT,Malta,EURO,57,18442,4,277
07-02-2021,MT,Malta,EURO,134,18576,2,279
08-02-2021,MT,Malta,EURO,100,18676,3,282
09-02-2021,MT,Malta,EURO,137,18813,0,282
10-02-2021,MT,Malta,EURO,202,19015,2,284
11-02-2021,MT,Malta,EURO,167,19182,2,286
12-02-2021,MT,Malta,EURO,151,19333,0,286
13-02-2021,MT,Malta,EURO,164,19497,2,288
14-02-2021,MT,Malta,EURO,154,19651,2,290
15-02-2021,MT,Malta,EURO,138,19789,3,293
16-02-2021,MT,Malta,EURO,156,19945,2,295
17-02-2021,MT,Malta,EURO,102,20047,2,297
18-02-2021,MT,Malta,EURO,199,20246,1,298
19-02-2021,MT,Malta,EURO,163,20409,3,301
20-02-2021,MT,Malta,EURO,154,20563,0,301
21-02-2021,MT,Malta,EURO,199,20762,2,303
22-02-2021,MT,Malta,EURO,130,20892,1,304
23-02-2021,MT,Malta,EURO,193,21085,1,305
24-02-2021,MT,Malta,EURO,221,21306,1,306
25-02-2021,MT,Malta,EURO,226,21532,2,308
26-02-2021,MT,Malta,EURO,192,21724,3,311
27-02-2021,MT,Malta,EURO,258,21982,2,313
28-02-2021,MT,Malta,EURO,237,22219,0,313
01-03-2021,MT,Malta,EURO,263,22482,2,315
02-03-2021,MT,Malta,EURO,175,22657,1,316
03-03-2021,MT,Malta,EURO,336,22993,3,319
04-03-2021,MT,Malta,EURO,233,23226,2,321
05-03-2021,MT,Malta,EURO,362,23588,4,325
06-03-2021,MT,Malta,EURO,283,23871,3,328
07-03-2021,MT,Malta,EURO,345,24216,1,329
08-03-2021,MT,Malta,EURO,182,24398,5,334
09-03-2021,MT,Malta,EURO,201,24599,0,334
10-03-2021,MT,Malta,EURO,248,24847,1,335
11-03-2021,MT,Malta,EURO,510,25357,2,337
12-03-2021,MT,Malta,EURO,283,25640,4,341
13-03-2021,MT,Malta,EURO,329,25969,5,346
14-03-2021,MT,Malta,EURO,298,26267,4,350
15-03-2021,MT,Malta,EURO,268,26535,1,351
16-03-2021,MT,Malta,EURO,213,26748,3,354
17-03-2021,MT,Malta,EURO,313,27061,3,357
18-03-2021,MT,Malta,EURO,211,27272,4,361
19-03-2021,MT,Malta,EURO,243,27515,2,363
20-03-2021,MT,Malta,EURO,179,27694,1,364
21-03-2021,MT,Malta,EURO,210,27904,5,369
22-03-2021,MT,Malta,EURO,224,28128,3,372
23-03-2021,MT,Malta,EURO,191,28319,1,373
24-03-2021,MT,Malta,EURO,90,28409,2,375
25-03-2021,MT,Malta,EURO,101,28510,2,377
26-03-2021,MT,Malta,EURO,102,28612,1,378
27-03-2021,MT,Malta,EURO,103,28715,4,382
28-03-2021,MT,Malta,EURO,93,28808,3,385
29-03-2021,MT,Malta,EURO,67,28875,2,387
30-03-2021,MT,Malta,EURO,63,28938,1,388
31-03-2021,MT,Malta,EURO,55,28993,2,390
01-04-2021,MT,Malta,EURO,40,29033,2,392
02-04-2021,MT,Malta,EURO,52,29085,2,394
03-04-2021,MT,Malta,EURO,42,29127,1,395
04-04-2021,MT,Malta,EURO,62,29189,2,397
05-04-2021,MT,Malta,EURO,34,29223,1,398
06-04-2021,MT,Malta,EURO,56,29279,1,399
07-04-2021,MT,Malta,EURO,64,29343,0,399
08-04-2021,MT,Malta,EURO,65,29408,1,400
09-04-2021,MT,Malta,EURO,55,29463,1,401
10-04-2021,MT,Malta,EURO,48,29511,0,401
11-04-2021,MT,Malta,EURO,37,29548,1,402
12-04-2021,MT,Malta,EURO,66,29614,0,402
13-04-2021,MT,Malta,EURO,47,29661,0,402
14-04-2021,MT,Malta,EURO,59,29720,1,403
15-04-2021,MT,Malta,EURO,58,29778,0,403
16-04-2021,MT,Malta,EURO,55,29833,0,403
17-04-2021,MT,Malta,EURO,27,29860,2,405
18-04-2021,MT,Malta,EURO,67,29927,4,409
19-04-2021,MT,Malta,EURO,39,29966,0,409
20-04-2021,MT,Malta,EURO,60,30026,0,409
21-04-2021,MT,Malta,EURO,13,30039,2,411
22-04-2021,MT,Malta,EURO,24,30063,0,411
23-04-2021,MT,Malta,EURO,33,30096,0,411
24-04-2021,MT,Malta,EURO,33,30129,1,412
25-04-2021,MT,Malta,EURO,20,30149,0,412
26-04-2021,MT,Malta,EURO,25,30174,1,413
27-04-2021,MT,Malta,EURO,15,30189,0,413
28-04-2021,MT,Malta,EURO,45,30234,0,413
29-04-2021,MT,Malta,EURO,15,30249,0,413
30-04-2021,MT,Malta,EURO,27,30276,0,413
01-05-2021,MT,Malta,EURO,16,30292,0,413
02-05-2021,MT,Malta,EURO,15,30307,2,415
03-05-2021,MT,Malta,EURO,12,30319,1,416
04-05-2021,MT,Malta,EURO,35,30354,0,416
05-05-2021,MT,Malta,EURO,27,30381,0,416
06-05-2021,MT,Malta,EURO,30,30411,0,416
07-05-2021,MT,Malta,EURO,9,30420,0,416
08-05-2021,MT,Malta,EURO,12,30432,1,417
09-05-2021,MT,Malta,EURO,6,30438,0,417
10-05-2021,MT,Malta,EURO,9,30447,0,417
11-05-2021,MT,Malta,EURO,11,30458,0,417
12-05-2021,MT,Malta,EURO,6,30464,0,417
13-05-2021,MT,Malta,EURO,5,30469,0,417
14-05-2021,MT,Malta,EURO,4,30473,0,417
15-05-2021,MT,Malta,EURO,1,30474,0,417
16-05-2021,MT,Malta,EURO,4,30478,0,417
17-05-2021,MT,Malta,EURO,2,30480,0,417
18-05-2021,MT,Malta,EURO,4,30484,0,417
19-05-2021,MT,Malta,EURO,2,30486,0,417
20-05-2021,MT,Malta,EURO,3,30489,0,417
21-05-2021,MT,Malta,EURO,2,30491,0,417
22-05-2021,MT,Malta,EURO,6,30497,0,417
23-05-2021,MT,Malta,EURO,2,30499,0,417
24-05-2021,MT,Malta,EURO,5,30504,0,417
25-05-2021,MT,Malta,EURO,2,30506,0,417
26-05-2021,MT,Malta,EURO,3,30509,1,418
27-05-2021,MT,Malta,EURO,7,30516,1,419
28-05-2021,MT,Malta,EURO,4,30520,0,419
29-05-2021,MT,Malta,EURO,6,30526,0,419
30-05-2021,MT,Malta,EURO,3,30529,0,419
01-01-2021,MH,Marshall Islands,WPRO,0,4,0,0
02-01-2021,MH,Marshall Islands,WPRO,0,4,0,0
03-01-2021,MH,Marshall Islands,WPRO,0,4,0,0
04-01-2021,MH,Marshall Islands,WPRO,0,4,0,0
05-01-2021,MH,Marshall Islands,WPRO,0,4,0,0
06-01-2021,MH,Marshall Islands,WPRO,0,4,0,0
07-01-2021,MH,Marshall Islands,WPRO,0,4,0,0
08-01-2021,MH,Marshall Islands,WPRO,0,4,0,0
09-01-2021,MH,Marshall Islands,WPRO,0,4,0,0
10-01-2021,MH,Marshall Islands,WPRO,0,4,0,0
11-01-2021,MH,Marshall Islands,WPRO,0,4,0,0
12-01-2021,MH,Marshall Islands,WPRO,0,4,0,0
13-01-2021,MH,Marshall Islands,WPRO,0,4,0,0
14-01-2021,MH,Marshall Islands,WPRO,0,4,0,0
15-01-2021,MH,Marshall Islands,WPRO,0,4,0,0
16-01-2021,MH,Marshall Islands,WPRO,0,4,0,0
17-01-2021,MH,Marshall Islands,WPRO,0,4,0,0
18-01-2021,MH,Marshall Islands,WPRO,0,4,0,0
19-01-2021,MH,Marshall Islands,WPRO,0,4,0,0
20-01-2021,MH,Marshall Islands,WPRO,0,4,0,0
21-01-2021,MH,Marshall Islands,WPRO,0,4,0,0
22-01-2021,MH,Marshall Islands,WPRO,0,4,0,0
23-01-2021,MH,Marshall Islands,WPRO,0,4,0,0
24-01-2021,MH,Marshall Islands,WPRO,0,4,0,0
25-01-2021,MH,Marshall Islands,WPRO,0,4,0,0
26-01-2021,MH,Marshall Islands,WPRO,0,4,0,0
27-01-2021,MH,Marshall Islands,WPRO,0,4,0,0
28-01-2021,MH,Marshall Islands,WPRO,0,4,0,0
29-01-2021,MH,Marshall Islands,WPRO,0,4,0,0
30-01-2021,MH,Marshall Islands,WPRO,0,4,0,0
31-01-2021,MH,Marshall Islands,WPRO,0,4,0,0
01-02-2021,MH,Marshall Islands,WPRO,0,4,0,0
02-02-2021,MH,Marshall Islands,WPRO,0,4,0,0
03-02-2021,MH,Marshall Islands,WPRO,0,4,0,0
04-02-2021,MH,Marshall Islands,WPRO,0,4,0,0
05-02-2021,MH,Marshall Islands,WPRO,0,4,0,0
06-02-2021,MH,Marshall Islands,WPRO,0,4,0,0
07-02-2021,MH,Marshall Islands,WPRO,0,4,0,0
08-02-2021,MH,Marshall Islands,WPRO,0,4,0,0
09-02-2021,MH,Marshall Islands,WPRO,0,4,0,0
10-02-2021,MH,Marshall Islands,WPRO,0,4,0,0
11-02-2021,MH,Marshall Islands,WPRO,0,4,0,0
12-02-2021,MH,Marshall Islands,WPRO,0,4,0,0
13-02-2021,MH,Marshall Islands,WPRO,0,4,0,0
14-02-2021,MH,Marshall Islands,WPRO,0,4,0,0
15-02-2021,MH,Marshall Islands,WPRO,0,4,0,0
16-02-2021,MH,Marshall Islands,WPRO,0,4,0,0
17-02-2021,MH,Marshall Islands,WPRO,0,4,0,0
18-02-2021,MH,Marshall Islands,WPRO,0,4,0,0
19-02-2021,MH,Marshall Islands,WPRO,0,4,0,0
20-02-2021,MH,Marshall Islands,WPRO,0,4,0,0
21-02-2021,MH,Marshall Islands,WPRO,0,4,0,0
22-02-2021,MH,Marshall Islands,WPRO,0,4,0,0
23-02-2021,MH,Marshall Islands,WPRO,0,4,0,0
24-02-2021,MH,Marshall Islands,WPRO,0,4,0,0
25-02-2021,MH,Marshall Islands,WPRO,0,4,0,0
26-02-2021,MH,Marshall Islands,WPRO,0,4,0,0
27-02-2021,MH,Marshall Islands,WPRO,0,4,0,0
28-02-2021,MH,Marshall Islands,WPRO,0,4,0,0
01-03-2021,MH,Marshall Islands,WPRO,0,4,0,0
02-03-2021,MH,Marshall Islands,WPRO,0,4,0,0
03-03-2021,MH,Marshall Islands,WPRO,0,4,0,0
04-03-2021,MH,Marshall Islands,WPRO,0,4,0,0
05-03-2021,MH,Marshall Islands,WPRO,0,4,0,0
06-03-2021,MH,Marshall Islands,WPRO,0,4,0,0
07-03-2021,MH,Marshall Islands,WPRO,0,4,0,0
08-03-2021,MH,Marshall Islands,WPRO,0,4,0,0
09-03-2021,MH,Marshall Islands,WPRO,0,4,0,0
10-03-2021,MH,Marshall Islands,WPRO,0,4,0,0
11-03-2021,MH,Marshall Islands,WPRO,0,4,0,0
12-03-2021,MH,Marshall Islands,WPRO,0,4,0,0
13-03-2021,MH,Marshall Islands,WPRO,0,4,0,0
14-03-2021,MH,Marshall Islands,WPRO,0,4,0,0
15-03-2021,MH,Marshall Islands,WPRO,0,4,0,0
16-03-2021,MH,Marshall Islands,WPRO,0,4,0,0
17-03-2021,MH,Marshall Islands,WPRO,0,4,0,0
18-03-2021,MH,Marshall Islands,WPRO,0,4,0,0
19-03-2021,MH,Marshall Islands,WPRO,0,4,0,0
20-03-2021,MH,Marshall Islands,WPRO,0,4,0,0
21-03-2021,MH,Marshall Islands,WPRO,0,4,0,0
22-03-2021,MH,Marshall Islands,WPRO,0,4,0,0
23-03-2021,MH,Marshall Islands,WPRO,0,4,0,0
24-03-2021,MH,Marshall Islands,WPRO,0,4,0,0
25-03-2021,MH,Marshall Islands,WPRO,0,4,0,0
26-03-2021,MH,Marshall Islands,WPRO,0,4,0,0
27-03-2021,MH,Marshall Islands,WPRO,0,4,0,0
28-03-2021,MH,Marshall Islands,WPRO,0,4,0,0
29-03-2021,MH,Marshall Islands,WPRO,0,4,0,0
30-03-2021,MH,Marshall Islands,WPRO,0,4,0,0
31-03-2021,MH,Marshall Islands,WPRO,0,4,0,0
01-04-2021,MH,Marshall Islands,WPRO,0,4,0,0
02-04-2021,MH,Marshall Islands,WPRO,0,4,0,0
03-04-2021,MH,Marshall Islands,WPRO,0,4,0,0
04-04-2021,MH,Marshall Islands,WPRO,0,4,0,0
05-04-2021,MH,Marshall Islands,WPRO,0,4,0,0
06-04-2021,MH,Marshall Islands,WPRO,0,4,0,0
07-04-2021,MH,Marshall Islands,WPRO,0,4,0,0
08-04-2021,MH,Marshall Islands,WPRO,0,4,0,0
09-04-2021,MH,Marshall Islands,WPRO,0,4,0,0
10-04-2021,MH,Marshall Islands,WPRO,0,4,0,0
11-04-2021,MH,Marshall Islands,WPRO,0,4,0,0
12-04-2021,MH,Marshall Islands,WPRO,0,4,0,0
13-04-2021,MH,Marshall Islands,WPRO,0,4,0,0
14-04-2021,MH,Marshall Islands,WPRO,0,4,0,0
15-04-2021,MH,Marshall Islands,WPRO,0,4,0,0
16-04-2021,MH,Marshall Islands,WPRO,0,4,0,0
17-04-2021,MH,Marshall Islands,WPRO,0,4,0,0
18-04-2021,MH,Marshall Islands,WPRO,0,4,0,0
19-04-2021,MH,Marshall Islands,WPRO,0,4,0,0
20-04-2021,MH,Marshall Islands,WPRO,0,4,0,0
21-04-2021,MH,Marshall Islands,WPRO,0,4,0,0
22-04-2021,MH,Marshall Islands,WPRO,0,4,0,0
23-04-2021,MH,Marshall Islands,WPRO,0,4,0,0
24-04-2021,MH,Marshall Islands,WPRO,0,4,0,0
25-04-2021,MH,Marshall Islands,WPRO,0,4,0,0
26-04-2021,MH,Marshall Islands,WPRO,0,4,0,0
27-04-2021,MH,Marshall Islands,WPRO,0,4,0,0
28-04-2021,MH,Marshall Islands,WPRO,0,4,0,0
29-04-2021,MH,Marshall Islands,WPRO,0,4,0,0
30-04-2021,MH,Marshall Islands,WPRO,0,4,0,0
01-05-2021,MH,Marshall Islands,WPRO,0,4,0,0
02-05-2021,MH,Marshall Islands,WPRO,0,4,0,0
03-05-2021,MH,Marshall Islands,WPRO,0,4,0,0
04-05-2021,MH,Marshall Islands,WPRO,0,4,0,0
05-05-2021,MH,Marshall Islands,WPRO,0,4,0,0
06-05-2021,MH,Marshall Islands,WPRO,0,4,0,0
07-05-2021,MH,Marshall Islands,WPRO,0,4,0,0
08-05-2021,MH,Marshall Islands,WPRO,0,4,0,0
09-05-2021,MH,Marshall Islands,WPRO,0,4,0,0
10-05-2021,MH,Marshall Islands,WPRO,0,4,0,0
11-05-2021,MH,Marshall Islands,WPRO,0,4,0,0
12-05-2021,MH,Marshall Islands,WPRO,0,4,0,0
13-05-2021,MH,Marshall Islands,WPRO,0,4,0,0
14-05-2021,MH,Marshall Islands,WPRO,0,4,0,0
15-05-2021,MH,Marshall Islands,WPRO,0,4,0,0
16-05-2021,MH,Marshall Islands,WPRO,0,4,0,0
17-05-2021,MH,Marshall Islands,WPRO,0,4,0,0
18-05-2021,MH,Marshall Islands,WPRO,0,4,0,0
19-05-2021,MH,Marshall Islands,WPRO,0,4,0,0
20-05-2021,MH,Marshall Islands,WPRO,0,4,0,0
21-05-2021,MH,Marshall Islands,WPRO,0,4,0,0
22-05-2021,MH,Marshall Islands,WPRO,0,4,0,0
23-05-2021,MH,Marshall Islands,WPRO,0,4,0,0
24-05-2021,MH,Marshall Islands,WPRO,0,4,0,0
25-05-2021,MH,Marshall Islands,WPRO,0,4,0,0
26-05-2021,MH,Marshall Islands,WPRO,0,4,0,0
27-05-2021,MH,Marshall Islands,WPRO,0,4,0,0
28-05-2021,MH,Marshall Islands,WPRO,0,4,0,0
29-05-2021,MH,Marshall Islands,WPRO,0,4,0,0
30-05-2021,MH,Marshall Islands,WPRO,0,4,0,0
01-01-2021,MQ,Martinique,AMRO,19,6091,1,43
02-01-2021,MQ,Martinique,AMRO,0,6091,0,43
03-01-2021,MQ,Martinique,AMRO,0,6091,0,43
04-01-2021,MQ,Martinique,AMRO,0,6091,0,43
05-01-2021,MQ,Martinique,AMRO,26,6117,0,43
06-01-2021,MQ,Martinique,AMRO,0,6117,0,43
07-01-2021,MQ,Martinique,AMRO,0,6117,0,43
08-01-2021,MQ,Martinique,AMRO,0,6117,0,43
09-01-2021,MQ,Martinique,AMRO,0,6117,0,43
10-01-2021,MQ,Martinique,AMRO,0,6117,0,43
11-01-2021,MQ,Martinique,AMRO,0,6117,0,43
12-01-2021,MQ,Martinique,AMRO,110,6227,0,43
13-01-2021,MQ,Martinique,AMRO,0,6227,0,43
14-01-2021,MQ,Martinique,AMRO,0,6227,0,43
15-01-2021,MQ,Martinique,AMRO,0,6227,0,43
16-01-2021,MQ,Martinique,AMRO,0,6227,0,43
17-01-2021,MQ,Martinique,AMRO,0,6227,0,43
18-01-2021,MQ,Martinique,AMRO,0,6227,0,43
19-01-2021,MQ,Martinique,AMRO,75,6302,1,44
20-01-2021,MQ,Martinique,AMRO,0,6302,0,44
21-01-2021,MQ,Martinique,AMRO,0,6302,0,44
22-01-2021,MQ,Martinique,AMRO,0,6302,0,44
23-01-2021,MQ,Martinique,AMRO,68,6370,0,44
24-01-2021,MQ,Martinique,AMRO,0,6370,0,44
25-01-2021,MQ,Martinique,AMRO,0,6370,0,44
26-01-2021,MQ,Martinique,AMRO,0,6370,0,44
27-01-2021,MQ,Martinique,AMRO,0,6370,0,44
28-01-2021,MQ,Martinique,AMRO,0,6370,0,44
29-01-2021,MQ,Martinique,AMRO,0,6370,0,44
30-01-2021,MQ,Martinique,AMRO,0,6370,0,44
31-01-2021,MQ,Martinique,AMRO,0,6370,0,44
01-02-2021,MQ,Martinique,AMRO,0,6370,0,44
02-02-2021,MQ,Martinique,AMRO,72,6442,1,45
03-02-2021,MQ,Martinique,AMRO,0,6442,0,45
04-02-2021,MQ,Martinique,AMRO,0,6442,0,45
05-02-2021,MQ,Martinique,AMRO,0,6442,0,45
06-02-2021,MQ,Martinique,AMRO,0,6442,0,45
07-02-2021,MQ,Martinique,AMRO,0,6442,0,45
08-02-2021,MQ,Martinique,AMRO,0,6442,0,45
09-02-2021,MQ,Martinique,AMRO,79,6521,0,45
10-02-2021,MQ,Martinique,AMRO,0,6521,0,45
11-02-2021,MQ,Martinique,AMRO,0,6521,0,45
12-02-2021,MQ,Martinique,AMRO,0,6521,0,45
13-02-2021,MQ,Martinique,AMRO,0,6521,0,45
14-02-2021,MQ,Martinique,AMRO,72,6593,0,45
15-02-2021,MQ,Martinique,AMRO,0,6593,0,45
16-02-2021,MQ,Martinique,AMRO,0,6593,0,45
17-02-2021,MQ,Martinique,AMRO,0,6593,0,45
18-02-2021,MQ,Martinique,AMRO,0,6593,0,45
19-02-2021,MQ,Martinique,AMRO,0,6593,0,45
20-02-2021,MQ,Martinique,AMRO,0,6593,0,45
21-02-2021,MQ,Martinique,AMRO,0,6593,0,45
22-02-2021,MQ,Martinique,AMRO,0,6593,0,45
23-02-2021,MQ,Martinique,AMRO,53,6646,0,45
24-02-2021,MQ,Martinique,AMRO,0,6646,0,45
25-02-2021,MQ,Martinique,AMRO,0,6646,0,45
26-02-2021,MQ,Martinique,AMRO,0,6646,0,45
27-02-2021,MQ,Martinique,AMRO,100,6746,0,45
28-02-2021,MQ,Martinique,AMRO,0,6746,0,45
01-03-2021,MQ,Martinique,AMRO,0,6746,0,45
02-03-2021,MQ,Martinique,AMRO,0,6746,0,45
03-03-2021,MQ,Martinique,AMRO,0,6746,0,45
04-03-2021,MQ,Martinique,AMRO,0,6746,0,45
05-03-2021,MQ,Martinique,AMRO,0,6746,0,45
06-03-2021,MQ,Martinique,AMRO,140,6886,2,47
07-03-2021,MQ,Martinique,AMRO,0,6886,0,47
08-03-2021,MQ,Martinique,AMRO,0,6886,0,47
09-03-2021,MQ,Martinique,AMRO,0,6886,0,47
10-03-2021,MQ,Martinique,AMRO,0,6886,0,47
11-03-2021,MQ,Martinique,AMRO,0,6886,0,47
12-03-2021,MQ,Martinique,AMRO,0,6886,0,47
13-03-2021,MQ,Martinique,AMRO,0,6886,0,47
14-03-2021,MQ,Martinique,AMRO,151,7037,0,47
15-03-2021,MQ,Martinique,AMRO,0,7037,0,47
16-03-2021,MQ,Martinique,AMRO,0,7037,0,47
17-03-2021,MQ,Martinique,AMRO,0,7037,0,47
18-03-2021,MQ,Martinique,AMRO,0,7037,0,47
19-03-2021,MQ,Martinique,AMRO,0,7037,0,47
20-03-2021,MQ,Martinique,AMRO,0,7037,0,47
21-03-2021,MQ,Martinique,AMRO,227,7264,0,47
22-03-2021,MQ,Martinique,AMRO,0,7264,0,47
23-03-2021,MQ,Martinique,AMRO,0,7264,0,47
24-03-2021,MQ,Martinique,AMRO,0,7264,0,47
25-03-2021,MQ,Martinique,AMRO,0,7264,0,47
26-03-2021,MQ,Martinique,AMRO,0,7264,0,47
27-03-2021,MQ,Martinique,AMRO,0,7264,0,47
28-03-2021,MQ,Martinique,AMRO,285,7549,3,50
29-03-2021,MQ,Martinique,AMRO,0,7549,0,50
30-03-2021,MQ,Martinique,AMRO,0,7549,0,50
31-03-2021,MQ,Martinique,AMRO,0,7549,0,50
01-04-2021,MQ,Martinique,AMRO,0,7549,0,50
02-04-2021,MQ,Martinique,AMRO,0,7549,0,50
03-04-2021,MQ,Martinique,AMRO,614,8163,4,54
04-04-2021,MQ,Martinique,AMRO,0,8163,0,54
05-04-2021,MQ,Martinique,AMRO,0,8163,0,54
06-04-2021,MQ,Martinique,AMRO,0,8163,0,54
07-04-2021,MQ,Martinique,AMRO,0,8163,0,54
08-04-2021,MQ,Martinique,AMRO,0,8163,0,54
09-04-2021,MQ,Martinique,AMRO,0,8163,0,54
10-04-2021,MQ,Martinique,AMRO,724,8887,5,59
11-04-2021,MQ,Martinique,AMRO,0,8887,0,59
12-04-2021,MQ,Martinique,AMRO,0,8887,0,59
13-04-2021,MQ,Martinique,AMRO,0,8887,0,59
14-04-2021,MQ,Martinique,AMRO,0,8887,0,59
15-04-2021,MQ,Martinique,AMRO,0,8887,0,59
16-04-2021,MQ,Martinique,AMRO,0,8887,0,59
17-04-2021,MQ,Martinique,AMRO,0,8887,0,59
18-04-2021,MQ,Martinique,AMRO,871,9758,7,66
19-04-2021,MQ,Martinique,AMRO,0,9758,0,66
20-04-2021,MQ,Martinique,AMRO,0,9758,0,66
21-04-2021,MQ,Martinique,AMRO,0,9758,0,66
22-04-2021,MQ,Martinique,AMRO,0,9758,0,66
23-04-2021,MQ,Martinique,AMRO,0,9758,0,66
24-04-2021,MQ,Martinique,AMRO,0,9758,0,66
25-04-2021,MQ,Martinique,AMRO,733,10491,4,70
26-04-2021,MQ,Martinique,AMRO,0,10491,0,70
27-04-2021,MQ,Martinique,AMRO,0,10491,0,70
28-04-2021,MQ,Martinique,AMRO,0,10491,0,70
29-04-2021,MQ,Martinique,AMRO,0,10491,0,70
30-04-2021,MQ,Martinique,AMRO,0,10491,0,70
01-05-2021,MQ,Martinique,AMRO,0,10491,0,70
02-05-2021,MQ,Martinique,AMRO,648,11139,9,79
03-05-2021,MQ,Martinique,AMRO,0,11139,0,79
04-05-2021,MQ,Martinique,AMRO,0,11139,0,79
05-05-2021,MQ,Martinique,AMRO,0,11139,0,79
06-05-2021,MQ,Martinique,AMRO,0,11139,0,79
07-05-2021,MQ,Martinique,AMRO,0,11139,0,79
08-05-2021,MQ,Martinique,AMRO,351,11490,8,87
09-05-2021,MQ,Martinique,AMRO,0,11490,0,87
10-05-2021,MQ,Martinique,AMRO,0,11490,0,87
11-05-2021,MQ,Martinique,AMRO,0,11490,0,87
12-05-2021,MQ,Martinique,AMRO,0,11490,0,87
13-05-2021,MQ,Martinique,AMRO,0,11490,0,87
14-05-2021,MQ,Martinique,AMRO,0,11490,0,87
15-05-2021,MQ,Martinique,AMRO,0,11490,0,87
16-05-2021,MQ,Martinique,AMRO,179,11669,3,90
17-05-2021,MQ,Martinique,AMRO,0,11669,0,90
18-05-2021,MQ,Martinique,AMRO,0,11669,0,90
19-05-2021,MQ,Martinique,AMRO,0,11669,0,90
20-05-2021,MQ,Martinique,AMRO,0,11669,0,90
21-05-2021,MQ,Martinique,AMRO,0,11669,0,90
22-05-2021,MQ,Martinique,AMRO,0,11669,0,90
23-05-2021,MQ,Martinique,AMRO,120,11789,3,93
24-05-2021,MQ,Martinique,AMRO,0,11789,0,93
25-05-2021,MQ,Martinique,AMRO,0,11789,0,93
26-05-2021,MQ,Martinique,AMRO,0,11789,0,93
27-05-2021,MQ,Martinique,AMRO,0,11789,0,93
28-05-2021,MQ,Martinique,AMRO,0,11789,0,93
29-05-2021,MQ,Martinique,AMRO,0,11789,0,93
30-05-2021,MQ,Martinique,AMRO,190,11979,2,95
01-01-2021,MR,Mauritania,AFRO,0,13642,0,324
02-01-2021,MR,Mauritania,AFRO,0,13642,0,324
03-01-2021,MR,Mauritania,AFRO,722,14364,23,347
04-01-2021,MR,Mauritania,AFRO,0,14364,0,347
05-01-2021,MR,Mauritania,AFRO,0,14364,0,347
06-01-2021,MR,Mauritania,AFRO,617,14981,20,367
07-01-2021,MR,Mauritania,AFRO,130,15111,6,373
08-01-2021,MR,Mauritania,AFRO,103,15214,5,378
09-01-2021,MR,Mauritania,AFRO,0,15214,0,378
10-01-2021,MR,Mauritania,AFRO,0,15214,0,378
11-01-2021,MR,Mauritania,AFRO,298,15512,6,384
12-01-2021,MR,Mauritania,AFRO,0,15512,0,384
13-01-2021,MR,Mauritania,AFRO,99,15611,3,387
14-01-2021,MR,Mauritania,AFRO,0,15611,0,387
15-01-2021,MR,Mauritania,AFRO,282,15893,9,396
16-01-2021,MR,Mauritania,AFRO,0,15893,0,396
17-01-2021,MR,Mauritania,AFRO,0,15893,0,396
18-01-2021,MR,Mauritania,AFRO,146,16039,6,402
19-01-2021,MR,Mauritania,AFRO,0,16039,0,402
20-01-2021,MR,Mauritania,AFRO,0,16039,0,402
21-01-2021,MR,Mauritania,AFRO,0,16039,0,402
22-01-2021,MR,Mauritania,AFRO,0,16039,0,402
23-01-2021,MR,Mauritania,AFRO,183,16222,8,410
24-01-2021,MR,Mauritania,AFRO,0,16222,0,410
25-01-2021,MR,Mauritania,AFRO,0,16222,0,410
26-01-2021,MR,Mauritania,AFRO,0,16222,0,410
27-01-2021,MR,Mauritania,AFRO,0,16222,0,410
28-01-2021,MR,Mauritania,AFRO,0,16222,0,410
29-01-2021,MR,Mauritania,AFRO,238,16460,8,418
30-01-2021,MR,Mauritania,AFRO,0,16460,0,418
31-01-2021,MR,Mauritania,AFRO,0,16460,0,418
01-02-2021,MR,Mauritania,AFRO,0,16460,0,418
02-02-2021,MR,Mauritania,AFRO,0,16460,0,418
03-02-2021,MR,Mauritania,AFRO,0,16460,0,418
04-02-2021,MR,Mauritania,AFRO,202,16662,4,422
05-02-2021,MR,Mauritania,AFRO,0,16662,0,422
06-02-2021,MR,Mauritania,AFRO,0,16662,0,422
07-02-2021,MR,Mauritania,AFRO,115,16777,3,425
08-02-2021,MR,Mauritania,AFRO,0,16777,0,425
09-02-2021,MR,Mauritania,AFRO,0,16777,0,425
10-02-2021,MR,Mauritania,AFRO,0,16777,0,425
11-02-2021,MR,Mauritania,AFRO,0,16777,0,425
12-02-2021,MR,Mauritania,AFRO,0,16777,0,425
13-02-2021,MR,Mauritania,AFRO,0,16777,0,425
14-02-2021,MR,Mauritania,AFRO,0,16777,0,425
15-02-2021,MR,Mauritania,AFRO,197,16974,5,430
16-02-2021,MR,Mauritania,AFRO,22,16996,0,430
17-02-2021,MR,Mauritania,AFRO,20,17016,1,431
18-02-2021,MR,Mauritania,AFRO,25,17041,1,432
19-02-2021,MR,Mauritania,AFRO,17,17058,1,433
20-02-2021,MR,Mauritania,AFRO,13,17071,0,433
21-02-2021,MR,Mauritania,AFRO,12,17083,1,434
22-02-2021,MR,Mauritania,AFRO,12,17095,0,434
23-02-2021,MR,Mauritania,AFRO,15,17110,1,435
24-02-2021,MR,Mauritania,AFRO,20,17130,2,437
25-02-2021,MR,Mauritania,AFRO,28,17158,2,439
26-02-2021,MR,Mauritania,AFRO,21,17179,0,439
27-02-2021,MR,Mauritania,AFRO,0,17179,0,439
28-02-2021,MR,Mauritania,AFRO,0,17179,0,439
01-03-2021,MR,Mauritania,AFRO,8,17187,0,439
02-03-2021,MR,Mauritania,AFRO,20,17207,2,441
03-03-2021,MR,Mauritania,AFRO,28,17235,0,441
04-03-2021,MR,Mauritania,AFRO,17,17252,1,442
05-03-2021,MR,Mauritania,AFRO,0,17252,0,442
06-03-2021,MR,Mauritania,AFRO,15,17267,0,442
07-03-2021,MR,Mauritania,AFRO,42,17309,0,442
08-03-2021,MR,Mauritania,AFRO,0,17309,0,442
09-03-2021,MR,Mauritania,AFRO,31,17340,0,442
10-03-2021,MR,Mauritania,AFRO,25,17365,0,442
11-03-2021,MR,Mauritania,AFRO,20,17385,0,442
12-03-2021,MR,Mauritania,AFRO,9,17394,0,442
13-03-2021,MR,Mauritania,AFRO,16,17410,0,442
14-03-2021,MR,Mauritania,AFRO,0,17410,0,442
15-03-2021,MR,Mauritania,AFRO,28,17438,2,444
16-03-2021,MR,Mauritania,AFRO,19,17457,0,444
17-03-2021,MR,Mauritania,AFRO,30,17487,0,444
18-03-2021,MR,Mauritania,AFRO,34,17521,1,445
19-03-2021,MR,Mauritania,AFRO,21,17542,0,445
20-03-2021,MR,Mauritania,AFRO,28,17570,1,446
21-03-2021,MR,Mauritania,AFRO,17,17587,0,446
22-03-2021,MR,Mauritania,AFRO,14,17601,0,446
23-03-2021,MR,Mauritania,AFRO,29,17630,1,447
24-03-2021,MR,Mauritania,AFRO,28,17658,0,447
25-03-2021,MR,Mauritania,AFRO,32,17690,0,447
26-03-2021,MR,Mauritania,AFRO,22,17712,0,447
27-03-2021,MR,Mauritania,AFRO,33,17745,1,448
28-03-2021,MR,Mauritania,AFRO,0,17745,0,448
29-03-2021,MR,Mauritania,AFRO,26,17771,0,448
30-03-2021,MR,Mauritania,AFRO,25,17796,1,449
31-03-2021,MR,Mauritania,AFRO,28,17824,0,449
01-04-2021,MR,Mauritania,AFRO,23,17847,0,449
02-04-2021,MR,Mauritania,AFRO,31,17878,0,449
03-04-2021,MR,Mauritania,AFRO,26,17904,0,449
04-04-2021,MR,Mauritania,AFRO,13,17917,0,449
05-04-2021,MR,Mauritania,AFRO,10,17927,0,449
06-04-2021,MR,Mauritania,AFRO,12,17939,0,449
07-04-2021,MR,Mauritania,AFRO,16,17955,1,450
08-04-2021,MR,Mauritania,AFRO,0,17955,0,450
09-04-2021,MR,Mauritania,AFRO,40,17995,0,450
10-04-2021,MR,Mauritania,AFRO,10,18005,0,450
11-04-2021,MR,Mauritania,AFRO,0,18005,0,450
12-04-2021,MR,Mauritania,AFRO,17,18022,0,450
13-04-2021,MR,Mauritania,AFRO,13,18035,0,450
14-04-2021,MR,Mauritania,AFRO,17,18052,1,451
15-04-2021,MR,Mauritania,AFRO,14,18066,1,452
16-04-2021,MR,Mauritania,AFRO,6,18072,0,452
17-04-2021,MR,Mauritania,AFRO,0,18072,0,452
18-04-2021,MR,Mauritania,AFRO,49,18121,0,452
19-04-2021,MR,Mauritania,AFRO,8,18129,1,453
20-04-2021,MR,Mauritania,AFRO,13,18142,1,454
21-04-2021,MR,Mauritania,AFRO,14,18156,0,454
22-04-2021,MR,Mauritania,AFRO,19,18175,0,454
23-04-2021,MR,Mauritania,AFRO,17,18192,0,454
24-04-2021,MR,Mauritania,AFRO,0,18192,0,454
25-04-2021,MR,Mauritania,AFRO,0,18192,0,454
26-04-2021,MR,Mauritania,AFRO,65,18257,0,454
27-04-2021,MR,Mauritania,AFRO,25,18282,1,455
28-04-2021,MR,Mauritania,AFRO,32,18314,0,455
29-04-2021,MR,Mauritania,AFRO,32,18346,0,455
30-04-2021,MR,Mauritania,AFRO,31,18377,0,455
01-05-2021,MR,Mauritania,AFRO,25,18402,0,455
02-05-2021,MR,Mauritania,AFRO,0,18402,0,455
03-05-2021,MR,Mauritania,AFRO,46,18448,0,455
04-05-2021,MR,Mauritania,AFRO,28,18476,0,455
05-05-2021,MR,Mauritania,AFRO,27,18503,0,455
06-05-2021,MR,Mauritania,AFRO,39,18542,1,456
07-05-2021,MR,Mauritania,AFRO,34,18576,0,456
08-05-2021,MR,Mauritania,AFRO,37,18613,0,456
09-05-2021,MR,Mauritania,AFRO,23,18636,0,456
10-05-2021,MR,Mauritania,AFRO,31,18667,0,456
11-05-2021,MR,Mauritania,AFRO,24,18691,0,456
12-05-2021,MR,Mauritania,AFRO,33,18724,1,457
13-05-2021,MR,Mauritania,AFRO,21,18745,0,457
14-05-2021,MR,Mauritania,AFRO,22,18767,0,457
15-05-2021,MR,Mauritania,AFRO,14,18781,0,457
16-05-2021,MR,Mauritania,AFRO,25,18806,0,457
17-05-2021,MR,Mauritania,AFRO,22,18828,0,457
18-05-2021,MR,Mauritania,AFRO,30,18858,0,457
19-05-2021,MR,Mauritania,AFRO,47,18905,0,457
20-05-2021,MR,Mauritania,AFRO,52,18957,0,457
21-05-2021,MR,Mauritania,AFRO,54,19011,0,457
22-05-2021,MR,Mauritania,AFRO,38,19049,1,458
23-05-2021,MR,Mauritania,AFRO,65,19114,0,458
24-05-2021,MR,Mauritania,AFRO,35,19149,0,458
25-05-2021,MR,Mauritania,AFRO,46,19195,2,460
26-05-2021,MR,Mauritania,AFRO,56,19251,0,460
27-05-2021,MR,Mauritania,AFRO,36,19287,1,461
28-05-2021,MR,Mauritania,AFRO,57,19344,1,462
29-05-2021,MR,Mauritania,AFRO,63,19407,0,462
30-05-2021,MR,Mauritania,AFRO,56,19463,1,463
01-01-2021,MU,Mauritius,AFRO,0,527,0,10
02-01-2021,MU,Mauritius,AFRO,0,527,0,10
03-01-2021,MU,Mauritius,AFRO,0,527,0,10
04-01-2021,MU,Mauritius,AFRO,0,527,0,10
05-01-2021,MU,Mauritius,AFRO,4,531,0,10
06-01-2021,MU,Mauritius,AFRO,0,531,0,10
07-01-2021,MU,Mauritius,AFRO,0,531,0,10
08-01-2021,MU,Mauritius,AFRO,8,539,0,10
09-01-2021,MU,Mauritius,AFRO,0,539,0,10
10-01-2021,MU,Mauritius,AFRO,0,539,0,10
11-01-2021,MU,Mauritius,AFRO,0,539,0,10
12-01-2021,MU,Mauritius,AFRO,6,545,0,10
13-01-2021,MU,Mauritius,AFRO,1,546,0,10
14-01-2021,MU,Mauritius,AFRO,0,546,0,10
15-01-2021,MU,Mauritius,AFRO,0,546,0,10
16-01-2021,MU,Mauritius,AFRO,1,547,0,10
17-01-2021,MU,Mauritius,AFRO,0,547,0,10
18-01-2021,MU,Mauritius,AFRO,0,547,0,10
19-01-2021,MU,Mauritius,AFRO,0,547,0,10
20-01-2021,MU,Mauritius,AFRO,9,556,0,10
21-01-2021,MU,Mauritius,AFRO,0,556,0,10
22-01-2021,MU,Mauritius,AFRO,0,556,0,10
23-01-2021,MU,Mauritius,AFRO,0,556,0,10
24-01-2021,MU,Mauritius,AFRO,0,556,0,10
25-01-2021,MU,Mauritius,AFRO,0,556,0,10
26-01-2021,MU,Mauritius,AFRO,12,568,0,10
27-01-2021,MU,Mauritius,AFRO,0,568,0,10
28-01-2021,MU,Mauritius,AFRO,0,568,0,10
29-01-2021,MU,Mauritius,AFRO,0,568,0,10
30-01-2021,MU,Mauritius,AFRO,0,568,0,10
31-01-2021,MU,Mauritius,AFRO,0,568,0,10
01-02-2021,MU,Mauritius,AFRO,0,568,0,10
02-02-2021,MU,Mauritius,AFRO,0,568,0,10
03-02-2021,MU,Mauritius,AFRO,15,583,0,10
04-02-2021,MU,Mauritius,AFRO,1,584,0,10
05-02-2021,MU,Mauritius,AFRO,0,584,0,10
06-02-2021,MU,Mauritius,AFRO,0,584,0,10
07-02-2021,MU,Mauritius,AFRO,0,584,0,10
08-02-2021,MU,Mauritius,AFRO,0,584,0,10
09-02-2021,MU,Mauritius,AFRO,0,584,0,10
10-02-2021,MU,Mauritius,AFRO,0,584,0,10
11-02-2021,MU,Mauritius,AFRO,10,594,0,10
12-02-2021,MU,Mauritius,AFRO,1,595,0,10
13-02-2021,MU,Mauritius,AFRO,0,595,0,10
14-02-2021,MU,Mauritius,AFRO,0,595,0,10
15-02-2021,MU,Mauritius,AFRO,0,595,0,10
16-02-2021,MU,Mauritius,AFRO,6,601,0,10
17-02-2021,MU,Mauritius,AFRO,2,603,0,10
18-02-2021,MU,Mauritius,AFRO,0,603,0,10
19-02-2021,MU,Mauritius,AFRO,0,603,0,10
20-02-2021,MU,Mauritius,AFRO,0,603,0,10
21-02-2021,MU,Mauritius,AFRO,0,603,0,10
22-02-2021,MU,Mauritius,AFRO,0,603,0,10
23-02-2021,MU,Mauritius,AFRO,0,603,0,10
24-02-2021,MU,Mauritius,AFRO,0,603,0,10
25-02-2021,MU,Mauritius,AFRO,0,603,0,10
26-02-2021,MU,Mauritius,AFRO,7,610,0,10
27-02-2021,MU,Mauritius,AFRO,0,610,0,10
28-02-2021,MU,Mauritius,AFRO,0,610,0,10
01-03-2021,MU,Mauritius,AFRO,0,610,0,10
02-03-2021,MU,Mauritius,AFRO,9,619,0,10
03-03-2021,MU,Mauritius,AFRO,0,619,0,10
04-03-2021,MU,Mauritius,AFRO,0,619,0,10
05-03-2021,MU,Mauritius,AFRO,1,620,0,10
06-03-2021,MU,Mauritius,AFRO,0,620,0,10
07-03-2021,MU,Mauritius,AFRO,0,620,0,10
08-03-2021,MU,Mauritius,AFRO,19,639,0,10
09-03-2021,MU,Mauritius,AFRO,2,641,0,10
10-03-2021,MU,Mauritius,AFRO,0,641,0,10
11-03-2021,MU,Mauritius,AFRO,0,641,0,10
12-03-2021,MU,Mauritius,AFRO,0,641,0,10
13-03-2021,MU,Mauritius,AFRO,50,691,0,10
14-03-2021,MU,Mauritius,AFRO,0,691,0,10
15-03-2021,MU,Mauritius,AFRO,0,691,0,10
16-03-2021,MU,Mauritius,AFRO,79,770,0,10
17-03-2021,MU,Mauritius,AFRO,14,784,0,10
18-03-2021,MU,Mauritius,AFRO,5,789,0,10
19-03-2021,MU,Mauritius,AFRO,3,792,0,10
20-03-2021,MU,Mauritius,AFRO,0,792,0,10
21-03-2021,MU,Mauritius,AFRO,20,812,0,10
22-03-2021,MU,Mauritius,AFRO,0,812,0,10
23-03-2021,MU,Mauritius,AFRO,0,812,0,10
24-03-2021,MU,Mauritius,AFRO,0,812,0,10
25-03-2021,MU,Mauritius,AFRO,48,860,0,10
26-03-2021,MU,Mauritius,AFRO,0,860,0,10
27-03-2021,MU,Mauritius,AFRO,10,870,0,10
28-03-2021,MU,Mauritius,AFRO,0,870,0,10
29-03-2021,MU,Mauritius,AFRO,63,933,0,10
30-03-2021,MU,Mauritius,AFRO,30,963,0,10
31-03-2021,MU,Mauritius,AFRO,0,963,0,10
01-04-2021,MU,Mauritius,AFRO,71,1034,2,12
02-04-2021,MU,Mauritius,AFRO,0,1034,0,12
03-04-2021,MU,Mauritius,AFRO,0,1034,0,12
04-04-2021,MU,Mauritius,AFRO,0,1034,0,12
05-04-2021,MU,Mauritius,AFRO,78,1112,0,12
06-04-2021,MU,Mauritius,AFRO,0,1112,0,12
07-04-2021,MU,Mauritius,AFRO,0,1112,0,12
08-04-2021,MU,Mauritius,AFRO,0,1112,0,12
09-04-2021,MU,Mauritius,AFRO,0,1112,0,12
10-04-2021,MU,Mauritius,AFRO,0,1112,0,12
11-04-2021,MU,Mauritius,AFRO,0,1112,0,12
12-04-2021,MU,Mauritius,AFRO,64,1176,0,12
13-04-2021,MU,Mauritius,AFRO,0,1176,0,12
14-04-2021,MU,Mauritius,AFRO,22,1198,3,15
15-04-2021,MU,Mauritius,AFRO,0,1198,0,15
16-04-2021,MU,Mauritius,AFRO,0,1198,0,15
17-04-2021,MU,Mauritius,AFRO,0,1198,0,15
18-04-2021,MU,Mauritius,AFRO,5,1203,0,15
19-04-2021,MU,Mauritius,AFRO,0,1203,0,15
20-04-2021,MU,Mauritius,AFRO,0,1203,0,15
21-04-2021,MU,Mauritius,AFRO,0,1203,0,15
22-04-2021,MU,Mauritius,AFRO,0,1203,0,15
23-04-2021,MU,Mauritius,AFRO,0,1203,0,15
24-04-2021,MU,Mauritius,AFRO,3,1206,1,16
25-04-2021,MU,Mauritius,AFRO,0,1206,0,16
26-04-2021,MU,Mauritius,AFRO,0,1206,0,16
27-04-2021,MU,Mauritius,AFRO,0,1206,0,16
28-04-2021,MU,Mauritius,AFRO,0,1206,0,16
29-04-2021,MU,Mauritius,AFRO,0,1206,0,16
30-04-2021,MU,Mauritius,AFRO,0,1206,0,16
01-05-2021,MU,Mauritius,AFRO,0,1206,0,16
02-05-2021,MU,Mauritius,AFRO,0,1206,0,16
03-05-2021,MU,Mauritius,AFRO,0,1206,0,16
04-05-2021,MU,Mauritius,AFRO,35,1241,1,17
05-05-2021,MU,Mauritius,AFRO,0,1241,0,17
06-05-2021,MU,Mauritius,AFRO,0,1241,0,17
07-05-2021,MU,Mauritius,AFRO,0,1241,0,17
08-05-2021,MU,Mauritius,AFRO,0,1241,0,17
09-05-2021,MU,Mauritius,AFRO,5,1246,0,17
10-05-2021,MU,Mauritius,AFRO,0,1246,0,17
11-05-2021,MU,Mauritius,AFRO,0,1246,0,17
12-05-2021,MU,Mauritius,AFRO,42,1288,0,17
13-05-2021,MU,Mauritius,AFRO,0,1288,0,17
14-05-2021,MU,Mauritius,AFRO,0,1288,0,17
15-05-2021,MU,Mauritius,AFRO,0,1288,0,17
16-05-2021,MU,Mauritius,AFRO,0,1288,0,17
17-05-2021,MU,Mauritius,AFRO,0,1288,0,17
18-05-2021,MU,Mauritius,AFRO,0,1288,0,17
19-05-2021,MU,Mauritius,AFRO,0,1288,0,17
20-05-2021,MU,Mauritius,AFRO,34,1322,0,17
21-05-2021,MU,Mauritius,AFRO,0,1322,0,17
22-05-2021,MU,Mauritius,AFRO,0,1322,0,17
23-05-2021,MU,Mauritius,AFRO,0,1322,0,17
24-05-2021,MU,Mauritius,AFRO,0,1322,0,17
25-05-2021,MU,Mauritius,AFRO,0,1322,0,17
26-05-2021,MU,Mauritius,AFRO,0,1322,0,17
27-05-2021,MU,Mauritius,AFRO,0,1322,0,17
28-05-2021,MU,Mauritius,AFRO,0,1322,0,17
29-05-2021,MU,Mauritius,AFRO,71,1393,0,17
30-05-2021,MU,Mauritius,AFRO,0,1393,0,17
01-01-2021,YT,Mayotte,AFRO,0,5890,0,55
02-01-2021,YT,Mayotte,AFRO,0,5890,0,55
03-01-2021,YT,Mayotte,AFRO,0,5890,0,55
04-01-2021,YT,Mayotte,AFRO,0,5890,0,55
05-01-2021,YT,Mayotte,AFRO,155,6045,1,56
06-01-2021,YT,Mayotte,AFRO,0,6045,0,56
07-01-2021,YT,Mayotte,AFRO,0,6045,0,56
08-01-2021,YT,Mayotte,AFRO,0,6045,0,56
09-01-2021,YT,Mayotte,AFRO,187,6232,0,56
10-01-2021,YT,Mayotte,AFRO,0,6232,0,56
11-01-2021,YT,Mayotte,AFRO,23,6255,0,56
12-01-2021,YT,Mayotte,AFRO,0,6255,0,56
13-01-2021,YT,Mayotte,AFRO,0,6255,0,56
14-01-2021,YT,Mayotte,AFRO,0,6255,0,56
15-01-2021,YT,Mayotte,AFRO,356,6611,2,58
16-01-2021,YT,Mayotte,AFRO,0,6611,0,58
17-01-2021,YT,Mayotte,AFRO,0,6611,0,58
18-01-2021,YT,Mayotte,AFRO,0,6611,0,58
19-01-2021,YT,Mayotte,AFRO,178,6789,0,58
20-01-2021,YT,Mayotte,AFRO,129,6918,0,58
21-01-2021,YT,Mayotte,AFRO,63,6981,0,58
22-01-2021,YT,Mayotte,AFRO,177,7158,0,58
23-01-2021,YT,Mayotte,AFRO,92,7250,0,58
24-01-2021,YT,Mayotte,AFRO,294,7544,1,59
25-01-2021,YT,Mayotte,AFRO,0,7544,0,59
26-01-2021,YT,Mayotte,AFRO,46,7590,0,59
27-01-2021,YT,Mayotte,AFRO,0,7590,0,59
28-01-2021,YT,Mayotte,AFRO,294,7884,1,60
29-01-2021,YT,Mayotte,AFRO,347,8231,1,61
30-01-2021,YT,Mayotte,AFRO,0,8231,0,61
31-01-2021,YT,Mayotte,AFRO,0,8231,0,61
01-02-2021,YT,Mayotte,AFRO,0,8231,0,61
02-02-2021,YT,Mayotte,AFRO,357,8588,0,61
03-02-2021,YT,Mayotte,AFRO,415,9003,0,61
04-02-2021,YT,Mayotte,AFRO,289,9292,1,62
05-02-2021,YT,Mayotte,AFRO,254,9546,1,63
06-02-2021,YT,Mayotte,AFRO,1209,10755,1,64
07-02-2021,YT,Mayotte,AFRO,0,10755,0,64
08-02-2021,YT,Mayotte,AFRO,0,10755,0,64
09-02-2021,YT,Mayotte,AFRO,392,11147,1,65
10-02-2021,YT,Mayotte,AFRO,300,11447,3,68
11-02-2021,YT,Mayotte,AFRO,336,11783,1,69
12-02-2021,YT,Mayotte,AFRO,657,12440,3,72
13-02-2021,YT,Mayotte,AFRO,262,12702,0,72
14-02-2021,YT,Mayotte,AFRO,833,13535,6,78
15-02-2021,YT,Mayotte,AFRO,0,13535,0,78
16-02-2021,YT,Mayotte,AFRO,135,13670,3,81
17-02-2021,YT,Mayotte,AFRO,367,14037,4,85
18-02-2021,YT,Mayotte,AFRO,444,14481,0,85
19-02-2021,YT,Mayotte,AFRO,11,14492,4,89
20-02-2021,YT,Mayotte,AFRO,873,15365,3,92
21-02-2021,YT,Mayotte,AFRO,427,15792,0,92
22-02-2021,YT,Mayotte,AFRO,0,15792,0,92
23-02-2021,YT,Mayotte,AFRO,557,16349,3,95
24-02-2021,YT,Mayotte,AFRO,289,16638,3,98
25-02-2021,YT,Mayotte,AFRO,0,16638,0,98
26-02-2021,YT,Mayotte,AFRO,223,16861,4,102
27-02-2021,YT,Mayotte,AFRO,0,16861,0,102
28-02-2021,YT,Mayotte,AFRO,0,16861,0,102
01-03-2021,YT,Mayotte,AFRO,739,17600,8,110
02-03-2021,YT,Mayotte,AFRO,0,17600,0,110
03-03-2021,YT,Mayotte,AFRO,0,17600,0,110
04-03-2021,YT,Mayotte,AFRO,0,17600,0,110
05-03-2021,YT,Mayotte,AFRO,540,18140,15,125
06-03-2021,YT,Mayotte,AFRO,0,18140,0,125
07-03-2021,YT,Mayotte,AFRO,0,18140,0,125
08-03-2021,YT,Mayotte,AFRO,175,18315,3,128
09-03-2021,YT,Mayotte,AFRO,98,18413,1,129
10-03-2021,YT,Mayotte,AFRO,0,18413,0,129
11-03-2021,YT,Mayotte,AFRO,191,18604,0,129
12-03-2021,YT,Mayotte,AFRO,0,18604,0,129
13-03-2021,YT,Mayotte,AFRO,38,18642,0,129
14-03-2021,YT,Mayotte,AFRO,0,18642,0,129
15-03-2021,YT,Mayotte,AFRO,203,18845,8,137
16-03-2021,YT,Mayotte,AFRO,0,18845,0,137
17-03-2021,YT,Mayotte,AFRO,0,18845,0,137
18-03-2021,YT,Mayotte,AFRO,77,18922,5,142
19-03-2021,YT,Mayotte,AFRO,62,18984,0,142
20-03-2021,YT,Mayotte,AFRO,22,19006,9,151
21-03-2021,YT,Mayotte,AFRO,0,19006,0,151
22-03-2021,YT,Mayotte,AFRO,0,19006,0,151
23-03-2021,YT,Mayotte,AFRO,0,19006,0,151
24-03-2021,YT,Mayotte,AFRO,218,19224,3,154
25-03-2021,YT,Mayotte,AFRO,0,19224,0,154
26-03-2021,YT,Mayotte,AFRO,82,19306,0,154
27-03-2021,YT,Mayotte,AFRO,0,19306,0,154
28-03-2021,YT,Mayotte,AFRO,0,19306,0,154
29-03-2021,YT,Mayotte,AFRO,0,19306,0,154
30-03-2021,YT,Mayotte,AFRO,0,19306,0,154
31-03-2021,YT,Mayotte,AFRO,102,19408,7,161
01-04-2021,YT,Mayotte,AFRO,0,19408,0,161
02-04-2021,YT,Mayotte,AFRO,0,19408,0,161
03-04-2021,YT,Mayotte,AFRO,82,19490,1,162
04-04-2021,YT,Mayotte,AFRO,0,19490,0,162
05-04-2021,YT,Mayotte,AFRO,0,19490,0,162
06-04-2021,YT,Mayotte,AFRO,0,19490,0,162
07-04-2021,YT,Mayotte,AFRO,0,19490,5,167
08-04-2021,YT,Mayotte,AFRO,0,19490,0,167
09-04-2021,YT,Mayotte,AFRO,153,19643,0,167
10-04-2021,YT,Mayotte,AFRO,0,19643,0,167
11-04-2021,YT,Mayotte,AFRO,0,19643,0,167
12-04-2021,YT,Mayotte,AFRO,0,19643,0,167
13-04-2021,YT,Mayotte,AFRO,63,19706,0,167
14-04-2021,YT,Mayotte,AFRO,0,19706,0,167
15-04-2021,YT,Mayotte,AFRO,51,19757,1,168
16-04-2021,YT,Mayotte,AFRO,32,19789,0,168
17-04-2021,YT,Mayotte,AFRO,0,19789,0,168
18-04-2021,YT,Mayotte,AFRO,0,19789,0,168
19-04-2021,YT,Mayotte,AFRO,0,19789,0,168
20-04-2021,YT,Mayotte,AFRO,60,19849,1,169
21-04-2021,YT,Mayotte,AFRO,47,19896,0,169
22-04-2021,YT,Mayotte,AFRO,0,19896,0,169
23-04-2021,YT,Mayotte,AFRO,0,19896,0,169
24-04-2021,YT,Mayotte,AFRO,0,19896,0,169
25-04-2021,YT,Mayotte,AFRO,0,19896,0,169
26-04-2021,YT,Mayotte,AFRO,0,19896,0,169
27-04-2021,YT,Mayotte,AFRO,0,19896,0,169
28-04-2021,YT,Mayotte,AFRO,159,20055,1,170
29-04-2021,YT,Mayotte,AFRO,0,20055,0,170
30-04-2021,YT,Mayotte,AFRO,0,20055,0,170
01-05-2021,YT,Mayotte,AFRO,39,20094,0,170
02-05-2021,YT,Mayotte,AFRO,0,20094,0,170
03-05-2021,YT,Mayotte,AFRO,0,20094,0,170
04-05-2021,YT,Mayotte,AFRO,0,20094,0,170
05-05-2021,YT,Mayotte,AFRO,0,20094,0,170
06-05-2021,YT,Mayotte,AFRO,40,20134,0,170
07-05-2021,YT,Mayotte,AFRO,0,20134,0,170
08-05-2021,YT,Mayotte,AFRO,0,20134,0,170
09-05-2021,YT,Mayotte,AFRO,0,20134,0,170
10-05-2021,YT,Mayotte,AFRO,0,20134,0,170
11-05-2021,YT,Mayotte,AFRO,0,20134,0,170
12-05-2021,YT,Mayotte,AFRO,42,20176,1,171
13-05-2021,YT,Mayotte,AFRO,0,20176,0,171
14-05-2021,YT,Mayotte,AFRO,0,20176,0,171
15-05-2021,YT,Mayotte,AFRO,0,20176,0,171
16-05-2021,YT,Mayotte,AFRO,0,20176,0,171
17-05-2021,YT,Mayotte,AFRO,0,20176,0,171
18-05-2021,YT,Mayotte,AFRO,0,20176,0,171
19-05-2021,YT,Mayotte,AFRO,0,20176,0,171
20-05-2021,YT,Mayotte,AFRO,0,20176,0,171
21-05-2021,YT,Mayotte,AFRO,0,20176,0,171
22-05-2021,YT,Mayotte,AFRO,-875,19301,0,171
23-05-2021,YT,Mayotte,AFRO,0,19301,0,171
24-05-2021,YT,Mayotte,AFRO,0,19301,0,171
25-05-2021,YT,Mayotte,AFRO,0,19301,0,171
26-05-2021,YT,Mayotte,AFRO,0,19301,0,171
27-05-2021,YT,Mayotte,AFRO,0,19301,0,171
28-05-2021,YT,Mayotte,AFRO,0,19301,0,171
29-05-2021,YT,Mayotte,AFRO,24,19325,2,173
30-05-2021,YT,Mayotte,AFRO,0,19325,0,173
01-01-2021,MX,Mexico,AMRO,12406,1413935,1052,124897
02-01-2021,MX,Mexico,AMRO,12159,1426094,910,125807
03-01-2021,MX,Mexico,AMRO,11091,1437185,700,126507
04-01-2021,MX,Mexico,AMRO,6359,1443544,344,126851
05-01-2021,MX,Mexico,AMRO,5211,1448755,362,127213
06-01-2021,MX,Mexico,AMRO,6464,1455219,544,127757
07-01-2021,MX,Mexico,AMRO,11271,1466490,1065,128822
08-01-2021,MX,Mexico,AMRO,13345,1479835,1165,129987
09-01-2021,MX,Mexico,AMRO,13734,1493569,1044,131031
10-01-2021,MX,Mexico,AMRO,14362,1507931,1038,132069
11-01-2021,MX,Mexico,AMRO,16105,1524036,1135,133204
12-01-2021,MX,Mexico,AMRO,10003,1534039,502,133706
13-01-2021,MX,Mexico,AMRO,7594,1541633,662,134368
14-01-2021,MX,Mexico,AMRO,14395,1556028,1314,135682
15-01-2021,MX,Mexico,AMRO,15873,1571901,1235,136917
16-01-2021,MX,Mexico,AMRO,16468,1588369,999,137916
17-01-2021,MX,Mexico,AMRO,21366,1609735,1106,139022
18-01-2021,MX,Mexico,AMRO,20523,1630258,1219,140241
19-01-2021,MX,Mexico,AMRO,11170,1641428,463,140704
20-01-2021,MX,Mexico,AMRO,8074,1649502,544,141248
21-01-2021,MX,Mexico,AMRO,18894,1668396,1584,142832
22-01-2021,MX,Mexico,AMRO,20548,1688944,1539,144371
23-01-2021,MX,Mexico,AMRO,22339,1711283,1803,146174
24-01-2021,MX,Mexico,AMRO,21007,1732290,1440,147614
25-01-2021,MX,Mexico,AMRO,20057,1752347,1470,149084
26-01-2021,MX,Mexico,AMRO,10872,1763219,530,149614
27-01-2021,MX,Mexico,AMRO,8521,1771740,659,150273
28-01-2021,MX,Mexico,AMRO,17165,1788905,1743,152016
29-01-2021,MX,Mexico,AMRO,17944,1806849,1623,153639
30-01-2021,MX,Mexico,AMRO,18670,1825519,1506,155145
31-01-2021,MX,Mexico,AMRO,16374,1841893,1434,156579
01-02-2021,MX,Mexico,AMRO,15337,1857230,1495,158074
02-02-2021,MX,Mexico,AMRO,7030,1864260,462,158536
03-02-2021,MX,Mexico,AMRO,5448,1869708,564,159100
04-02-2021,MX,Mexico,AMRO,4384,1874092,433,159533
05-02-2021,MX,Mexico,AMRO,12153,1886245,1707,161240
06-02-2021,MX,Mexico,AMRO,13575,1899820,1682,162922
07-02-2021,MX,Mexico,AMRO,13051,1912871,1368,164290
08-02-2021,MX,Mexico,AMRO,13209,1926080,1496,165786
09-02-2021,MX,Mexico,AMRO,6065,1932145,414,166200
10-02-2021,MX,Mexico,AMRO,3868,1936013,531,166731
11-02-2021,MX,Mexico,AMRO,10738,1946751,1701,168432
12-02-2021,MX,Mexico,AMRO,11138,1957889,1328,169760
13-02-2021,MX,Mexico,AMRO,10677,1968566,1474,171234
14-02-2021,MX,Mexico,AMRO,10388,1978954,1323,172557
15-02-2021,MX,Mexico,AMRO,9741,1988695,1214,173771
16-02-2021,MX,Mexico,AMRO,4099,1992794,436,174207
17-02-2021,MX,Mexico,AMRO,3098,1995892,450,174657
18-02-2021,MX,Mexico,AMRO,8683,2004575,1329,175986
19-02-2021,MX,Mexico,AMRO,8988,2013563,1075,177061
20-02-2021,MX,Mexico,AMRO,9099,2022662,1047,178108
21-02-2021,MX,Mexico,AMRO,7829,2030491,857,178965
22-02-2021,MX,Mexico,AMRO,7785,2038276,832,179797
23-02-2021,MX,Mexico,AMRO,3104,2041380,310,180107
24-02-2021,MX,Mexico,AMRO,2252,2043632,429,180536
25-02-2021,MX,Mexico,AMRO,8634,2052266,1273,181809
26-02-2021,MX,Mexico,AMRO,8642,2060908,1006,182815
27-02-2021,MX,Mexico,AMRO,8462,2069370,877,183692
28-02-2021,MX,Mexico,AMRO,7512,2076882,782,184474
01-03-2021,MX,Mexico,AMRO,7246,2084128,783,185257
02-03-2021,MX,Mexico,AMRO,2810,2086938,458,185715
03-03-2021,MX,Mexico,AMRO,2343,2089281,437,186152
04-03-2021,MX,Mexico,AMRO,7913,2097194,1035,187187
05-03-2021,MX,Mexico,AMRO,7793,2104987,857,188044
06-03-2021,MX,Mexico,AMRO,7521,2112508,822,188866
07-03-2021,MX,Mexico,AMRO,6797,2119305,712,189578
08-03-2021,MX,Mexico,AMRO,6561,2125866,779,190357
09-03-2021,MX,Mexico,AMRO,2734,2128600,247,190604
10-03-2021,MX,Mexico,AMRO,1877,2130477,319,190923
11-03-2021,MX,Mexico,AMRO,7407,2137884,866,191789
12-03-2021,MX,Mexico,AMRO,6674,2144558,699,192488
13-03-2021,MX,Mexico,AMRO,6470,2151028,654,193142
14-03-2021,MX,Mexico,AMRO,6743,2157771,709,193851
15-03-2021,MX,Mexico,AMRO,6104,2163875,639,194490
16-03-2021,MX,Mexico,AMRO,2415,2166290,220,194710
17-03-2021,MX,Mexico,AMRO,1439,2167729,234,194944
18-03-2021,MX,Mexico,AMRO,1278,2169007,175,195119
19-03-2021,MX,Mexico,AMRO,6455,2175462,789,195908
20-03-2021,MX,Mexico,AMRO,6726,2182188,698,196606
21-03-2021,MX,Mexico,AMRO,5722,2187910,613,197219
22-03-2021,MX,Mexico,AMRO,5729,2193639,608,197827
23-03-2021,MX,Mexico,AMRO,2133,2195772,209,198036
24-03-2021,MX,Mexico,AMRO,1388,2197160,203,198239
25-03-2021,MX,Mexico,AMRO,5881,2203041,809,199048
26-03-2021,MX,Mexico,AMRO,5714,2208755,579,199627
27-03-2021,MX,Mexico,AMRO,5787,2214542,584,200211
28-03-2021,MX,Mexico,AMRO,5303,2219845,651,200862
29-03-2021,MX,Mexico,AMRO,4922,2224767,567,201429
30-03-2021,MX,Mexico,AMRO,1783,2226550,194,201623
31-03-2021,MX,Mexico,AMRO,1292,2227842,203,201826
01-04-2021,MX,Mexico,AMRO,5068,2232910,807,202633
02-04-2021,MX,Mexico,AMRO,5977,2238887,577,203210
03-04-2021,MX,Mexico,AMRO,5381,2244268,454,203664
04-04-2021,MX,Mexico,AMRO,3089,2247357,190,203854
05-04-2021,MX,Mexico,AMRO,1838,2249195,157,204011
06-04-2021,MX,Mexico,AMRO,1263,2250458,136,204147
07-04-2021,MX,Mexico,AMRO,1247,2251705,252,204399
08-04-2021,MX,Mexico,AMRO,4675,2256380,603,205002
09-04-2021,MX,Mexico,AMRO,5499,2261879,596,205598
10-04-2021,MX,Mexico,AMRO,5140,2267019,548,206146
11-04-2021,MX,Mexico,AMRO,5045,2272064,874,207020
12-04-2021,MX,Mexico,AMRO,6356,2278420,2192,209212
13-04-2021,MX,Mexico,AMRO,1793,2280213,126,209338
14-04-2021,MX,Mexico,AMRO,1627,2281840,364,209702
15-04-2021,MX,Mexico,AMRO,4293,2286133,592,210294
16-04-2021,MX,Mexico,AMRO,5113,2291246,518,210812
17-04-2021,MX,Mexico,AMRO,4189,2295435,401,211213
18-04-2021,MX,Mexico,AMRO,4504,2299939,480,211693
19-04-2021,MX,Mexico,AMRO,4967,2304906,535,212228
20-04-2021,MX,Mexico,AMRO,696,2305602,111,212339
21-04-2021,MX,Mexico,AMRO,1308,2306910,127,212466
22-04-2021,MX,Mexico,AMRO,4262,2311172,582,213048
23-04-2021,MX,Mexico,AMRO,4639,2315811,549,213597
24-04-2021,MX,Mexico,AMRO,3708,2319519,498,214095
25-04-2021,MX,Mexico,AMRO,3911,2323430,409,214504
26-04-2021,MX,Mexico,AMRO,3308,2326738,349,214853
27-04-2021,MX,Mexico,AMRO,1653,2328391,94,214947
28-04-2021,MX,Mexico,AMRO,1143,2329534,166,215113
29-04-2021,MX,Mexico,AMRO,3592,2333126,434,215547
30-04-2021,MX,Mexico,AMRO,3818,2336944,371,215918
01-05-2021,MX,Mexico,AMRO,3990,2340934,529,216447
02-05-2021,MX,Mexico,AMRO,3821,2344755,460,216907
03-05-2021,MX,Mexico,AMRO,3025,2347780,261,217168
04-05-2021,MX,Mexico,AMRO,1093,2348873,65,217233
05-05-2021,MX,Mexico,AMRO,1027,2349900,112,217345
06-05-2021,MX,Mexico,AMRO,3064,2352964,395,217740
07-05-2021,MX,Mexico,AMRO,3021,2355985,267,218007
08-05-2021,MX,Mexico,AMRO,2846,2358831,166,218173
09-05-2021,MX,Mexico,AMRO,3043,2361874,484,218657
10-05-2021,MX,Mexico,AMRO,2743,2364617,271,218928
11-05-2021,MX,Mexico,AMRO,1175,2365792,57,218985
12-05-2021,MX,Mexico,AMRO,704,2366496,104,219089
13-05-2021,MX,Mexico,AMRO,1897,2368393,234,219323
14-05-2021,MX,Mexico,AMRO,3090,2371483,267,219590
15-05-2021,MX,Mexico,AMRO,3632,2375115,311,219901
16-05-2021,MX,Mexico,AMRO,2880,2377995,258,220159
17-05-2021,MX,Mexico,AMRO,2695,2380690,225,220384
18-05-2021,MX,Mexico,AMRO,1233,2381923,53,220437
19-05-2021,MX,Mexico,AMRO,822,2382745,56,220493
20-05-2021,MX,Mexico,AMRO,2767,2385512,253,220746
21-05-2021,MX,Mexico,AMRO,2000,2387512,104,220850
22-05-2021,MX,Mexico,AMRO,2628,2390140,230,221080
23-05-2021,MX,Mexico,AMRO,2604,2392744,176,221256
24-05-2021,MX,Mexico,AMRO,2586,2395330,341,221597
25-05-2021,MX,Mexico,AMRO,1274,2396604,50,221647
26-05-2021,MX,Mexico,AMRO,703,2397307,48,221695
27-05-2021,MX,Mexico,AMRO,2483,2399790,265,221960
28-05-2021,MX,Mexico,AMRO,2932,2402722,272,222232
29-05-2021,MX,Mexico,AMRO,3050,2405772,429,222661
30-05-2021,MX,Mexico,AMRO,3006,2408778,411,223072
01-01-2021,FM,Micronesia (Federated States of),WPRO,0,0,0,0
02-01-2021,FM,Micronesia (Federated States of),WPRO,0,0,0,0
03-01-2021,FM,Micronesia (Federated States of),WPRO,0,0,0,0
04-01-2021,FM,Micronesia (Federated States of),WPRO,0,0,0,0
05-01-2021,FM,Micronesia (Federated States of),WPRO,0,0,0,0
06-01-2021,FM,Micronesia (Federated States of),WPRO,0,0,0,0
07-01-2021,FM,Micronesia (Federated States of),WPRO,0,0,0,0
08-01-2021,FM,Micronesia (Federated States of),WPRO,0,0,0,0
09-01-2021,FM,Micronesia (Federated States of),WPRO,0,0,0,0
10-01-2021,FM,Micronesia (Federated States of),WPRO,0,0,0,0
11-01-2021,FM,Micronesia (Federated States of),WPRO,0,0,0,0
12-01-2021,FM,Micronesia (Federated States of),WPRO,0,0,0,0
13-01-2021,FM,Micronesia (Federated States of),WPRO,0,0,0,0
14-01-2021,FM,Micronesia (Federated States of),WPRO,0,0,0,0
15-01-2021,FM,Micronesia (Federated States of),WPRO,0,0,0,0
16-01-2021,FM,Micronesia (Federated States of),WPRO,0,0,0,0
17-01-2021,FM,Micronesia (Federated States of),WPRO,0,0,0,0
18-01-2021,FM,Micronesia (Federated States of),WPRO,0,0,0,0
19-01-2021,FM,Micronesia (Federated States of),WPRO,0,0,0,0
20-01-2021,FM,Micronesia (Federated States of),WPRO,0,0,0,0
21-01-2021,FM,Micronesia (Federated States of),WPRO,0,0,0,0
22-01-2021,FM,Micronesia (Federated States of),WPRO,0,0,0,0
23-01-2021,FM,Micronesia (Federated States of),WPRO,0,0,0,0
24-01-2021,FM,Micronesia (Federated States of),WPRO,0,0,0,0
25-01-2021,FM,Micronesia (Federated States of),WPRO,0,0,0,0
26-01-2021,FM,Micronesia (Federated States of),WPRO,0,0,0,0
27-01-2021,FM,Micronesia (Federated States of),WPRO,0,0,0,0
28-01-2021,FM,Micronesia (Federated States of),WPRO,0,0,0,0
29-01-2021,FM,Micronesia (Federated States of),WPRO,0,0,0,0
30-01-2021,FM,Micronesia (Federated States of),WPRO,0,0,0,0
31-01-2021,FM,Micronesia (Federated States of),WPRO,0,0,0,0
01-02-2021,FM,Micronesia (Federated States of),WPRO,0,0,0,0
02-02-2021,FM,Micronesia (Federated States of),WPRO,0,0,0,0
03-02-2021,FM,Micronesia (Federated States of),WPRO,0,0,0,0
04-02-2021,FM,Micronesia (Federated States of),WPRO,0,0,0,0
05-02-2021,FM,Micronesia (Federated States of),WPRO,0,0,0,0
06-02-2021,FM,Micronesia (Federated States of),WPRO,0,0,0,0
07-02-2021,FM,Micronesia (Federated States of),WPRO,0,0,0,0
08-02-2021,FM,Micronesia (Federated States of),WPRO,0,0,0,0
09-02-2021,FM,Micronesia (Federated States of),WPRO,0,0,0,0
10-02-2021,FM,Micronesia (Federated States of),WPRO,0,0,0,0
11-02-2021,FM,Micronesia (Federated States of),WPRO,0,0,0,0
12-02-2021,FM,Micronesia (Federated States of),WPRO,0,0,0,0
13-02-2021,FM,Micronesia (Federated States of),WPRO,0,0,0,0
14-02-2021,FM,Micronesia (Federated States of),WPRO,0,0,0,0
15-02-2021,FM,Micronesia (Federated States of),WPRO,0,0,0,0
16-02-2021,FM,Micronesia (Federated States of),WPRO,0,0,0,0
17-02-2021,FM,Micronesia (Federated States of),WPRO,0,0,0,0
18-02-2021,FM,Micronesia (Federated States of),WPRO,0,0,0,0
19-02-2021,FM,Micronesia (Federated States of),WPRO,0,0,0,0
20-02-2021,FM,Micronesia (Federated States of),WPRO,0,0,0,0
21-02-2021,FM,Micronesia (Federated States of),WPRO,0,0,0,0
22-02-2021,FM,Micronesia (Federated States of),WPRO,0,0,0,0
23-02-2021,FM,Micronesia (Federated States of),WPRO,0,0,0,0
24-02-2021,FM,Micronesia (Federated States of),WPRO,0,0,0,0
25-02-2021,FM,Micronesia (Federated States of),WPRO,0,0,0,0
26-02-2021,FM,Micronesia (Federated States of),WPRO,0,0,0,0
27-02-2021,FM,Micronesia (Federated States of),WPRO,0,0,0,0
28-02-2021,FM,Micronesia (Federated States of),WPRO,0,0,0,0
01-03-2021,FM,Micronesia (Federated States of),WPRO,0,0,0,0
02-03-2021,FM,Micronesia (Federated States of),WPRO,0,0,0,0
03-03-2021,FM,Micronesia (Federated States of),WPRO,0,0,0,0
04-03-2021,FM,Micronesia (Federated States of),WPRO,0,0,0,0
05-03-2021,FM,Micronesia (Federated States of),WPRO,0,0,0,0
06-03-2021,FM,Micronesia (Federated States of),WPRO,0,0,0,0
07-03-2021,FM,Micronesia (Federated States of),WPRO,0,0,0,0
08-03-2021,FM,Micronesia (Federated States of),WPRO,0,0,0,0
09-03-2021,FM,Micronesia (Federated States of),WPRO,0,0,0,0
10-03-2021,FM,Micronesia (Federated States of),WPRO,0,0,0,0
11-03-2021,FM,Micronesia (Federated States of),WPRO,0,0,0,0
12-03-2021,FM,Micronesia (Federated States of),WPRO,0,0,0,0
13-03-2021,FM,Micronesia (Federated States of),WPRO,0,0,0,0
14-03-2021,FM,Micronesia (Federated States of),WPRO,0,0,0,0
15-03-2021,FM,Micronesia (Federated States of),WPRO,0,0,0,0
16-03-2021,FM,Micronesia (Federated States of),WPRO,0,0,0,0
17-03-2021,FM,Micronesia (Federated States of),WPRO,0,0,0,0
18-03-2021,FM,Micronesia (Federated States of),WPRO,0,0,0,0
19-03-2021,FM,Micronesia (Federated States of),WPRO,0,0,0,0
20-03-2021,FM,Micronesia (Federated States of),WPRO,0,0,0,0
21-03-2021,FM,Micronesia (Federated States of),WPRO,0,0,0,0
22-03-2021,FM,Micronesia (Federated States of),WPRO,0,0,0,0
23-03-2021,FM,Micronesia (Federated States of),WPRO,0,0,0,0
24-03-2021,FM,Micronesia (Federated States of),WPRO,0,0,0,0
25-03-2021,FM,Micronesia (Federated States of),WPRO,0,0,0,0
26-03-2021,FM,Micronesia (Federated States of),WPRO,0,0,0,0
27-03-2021,FM,Micronesia (Federated States of),WPRO,0,0,0,0
28-03-2021,FM,Micronesia (Federated States of),WPRO,0,0,0,0
29-03-2021,FM,Micronesia (Federated States of),WPRO,0,0,0,0
30-03-2021,FM,Micronesia (Federated States of),WPRO,0,0,0,0
31-03-2021,FM,Micronesia (Federated States of),WPRO,0,0,0,0
01-04-2021,FM,Micronesia (Federated States of),WPRO,0,0,0,0
02-04-2021,FM,Micronesia (Federated States of),WPRO,0,0,0,0
03-04-2021,FM,Micronesia (Federated States of),WPRO,0,0,0,0
04-04-2021,FM,Micronesia (Federated States of),WPRO,0,0,0,0
05-04-2021,FM,Micronesia (Federated States of),WPRO,0,0,0,0
06-04-2021,FM,Micronesia (Federated States of),WPRO,0,0,0,0
07-04-2021,FM,Micronesia (Federated States of),WPRO,0,0,0,0
08-04-2021,FM,Micronesia (Federated States of),WPRO,0,0,0,0
09-04-2021,FM,Micronesia (Federated States of),WPRO,0,0,0,0
10-04-2021,FM,Micronesia (Federated States of),WPRO,0,0,0,0
11-04-2021,FM,Micronesia (Federated States of),WPRO,0,0,0,0
12-04-2021,FM,Micronesia (Federated States of),WPRO,0,0,0,0
13-04-2021,FM,Micronesia (Federated States of),WPRO,0,0,0,0
14-04-2021,FM,Micronesia (Federated States of),WPRO,0,0,0,0
15-04-2021,FM,Micronesia (Federated States of),WPRO,0,0,0,0
16-04-2021,FM,Micronesia (Federated States of),WPRO,0,0,0,0
17-04-2021,FM,Micronesia (Federated States of),WPRO,0,0,0,0
18-04-2021,FM,Micronesia (Federated States of),WPRO,0,0,0,0
19-04-2021,FM,Micronesia (Federated States of),WPRO,0,0,0,0
20-04-2021,FM,Micronesia (Federated States of),WPRO,0,0,0,0
21-04-2021,FM,Micronesia (Federated States of),WPRO,0,0,0,0
22-04-2021,FM,Micronesia (Federated States of),WPRO,0,0,0,0
23-04-2021,FM,Micronesia (Federated States of),WPRO,0,0,0,0
24-04-2021,FM,Micronesia (Federated States of),WPRO,0,0,0,0
25-04-2021,FM,Micronesia (Federated States of),WPRO,0,0,0,0
26-04-2021,FM,Micronesia (Federated States of),WPRO,0,0,0,0
27-04-2021,FM,Micronesia (Federated States of),WPRO,0,0,0,0
28-04-2021,FM,Micronesia (Federated States of),WPRO,0,0,0,0
29-04-2021,FM,Micronesia (Federated States of),WPRO,0,0,0,0
30-04-2021,FM,Micronesia (Federated States of),WPRO,0,0,0,0
01-05-2021,FM,Micronesia (Federated States of),WPRO,0,0,0,0
02-05-2021,FM,Micronesia (Federated States of),WPRO,0,0,0,0
03-05-2021,FM,Micronesia (Federated States of),WPRO,0,0,0,0
04-05-2021,FM,Micronesia (Federated States of),WPRO,0,0,0,0
05-05-2021,FM,Micronesia (Federated States of),WPRO,0,0,0,0
06-05-2021,FM,Micronesia (Federated States of),WPRO,0,0,0,0
07-05-2021,FM,Micronesia (Federated States of),WPRO,0,0,0,0
08-05-2021,FM,Micronesia (Federated States of),WPRO,0,0,0,0
09-05-2021,FM,Micronesia (Federated States of),WPRO,0,0,0,0
10-05-2021,FM,Micronesia (Federated States of),WPRO,0,0,0,0
11-05-2021,FM,Micronesia (Federated States of),WPRO,0,0,0,0
12-05-2021,FM,Micronesia (Federated States of),WPRO,0,0,0,0
13-05-2021,FM,Micronesia (Federated States of),WPRO,0,0,0,0
14-05-2021,FM,Micronesia (Federated States of),WPRO,0,0,0,0
15-05-2021,FM,Micronesia (Federated States of),WPRO,0,0,0,0
16-05-2021,FM,Micronesia (Federated States of),WPRO,0,0,0,0
17-05-2021,FM,Micronesia (Federated States of),WPRO,0,0,0,0
18-05-2021,FM,Micronesia (Federated States of),WPRO,0,0,0,0
19-05-2021,FM,Micronesia (Federated States of),WPRO,0,0,0,0
20-05-2021,FM,Micronesia (Federated States of),WPRO,0,0,0,0
21-05-2021,FM,Micronesia (Federated States of),WPRO,0,0,0,0
22-05-2021,FM,Micronesia (Federated States of),WPRO,0,0,0,0
23-05-2021,FM,Micronesia (Federated States of),WPRO,0,0,0,0
24-05-2021,FM,Micronesia (Federated States of),WPRO,0,0,0,0
25-05-2021,FM,Micronesia (Federated States of),WPRO,0,0,0,0
26-05-2021,FM,Micronesia (Federated States of),WPRO,0,0,0,0
27-05-2021,FM,Micronesia (Federated States of),WPRO,0,0,0,0
28-05-2021,FM,Micronesia (Federated States of),WPRO,0,0,0,0
29-05-2021,FM,Micronesia (Federated States of),WPRO,0,0,0,0
30-05-2021,FM,Micronesia (Federated States of),WPRO,0,0,0,0
01-01-2021,MC,Monaco,EURO,22,878,0,3
02-01-2021,MC,Monaco,EURO,10,888,0,3
03-01-2021,MC,Monaco,EURO,16,904,1,4
04-01-2021,MC,Monaco,EURO,6,910,0,4
05-01-2021,MC,Monaco,EURO,10,920,0,4
06-01-2021,MC,Monaco,EURO,30,950,0,4
07-01-2021,MC,Monaco,EURO,31,981,0,4
08-01-2021,MC,Monaco,EURO,40,1021,1,5
09-01-2021,MC,Monaco,EURO,23,1044,0,5
10-01-2021,MC,Monaco,EURO,12,1056,0,5
11-01-2021,MC,Monaco,EURO,4,1060,0,5
12-01-2021,MC,Monaco,EURO,13,1073,1,6
13-01-2021,MC,Monaco,EURO,25,1098,1,7
14-01-2021,MC,Monaco,EURO,33,1131,0,7
15-01-2021,MC,Monaco,EURO,17,1148,1,8
16-01-2021,MC,Monaco,EURO,24,1172,0,8
17-01-2021,MC,Monaco,EURO,25,1197,0,8
18-01-2021,MC,Monaco,EURO,11,1208,0,8
19-01-2021,MC,Monaco,EURO,7,1215,0,8
20-01-2021,MC,Monaco,EURO,28,1243,1,9
21-01-2021,MC,Monaco,EURO,22,1265,0,9
22-01-2021,MC,Monaco,EURO,25,1290,0,9
23-01-2021,MC,Monaco,EURO,24,1314,0,9
24-01-2021,MC,Monaco,EURO,34,1348,0,9
25-01-2021,MC,Monaco,EURO,12,1360,0,9
26-01-2021,MC,Monaco,EURO,11,1371,0,9
27-01-2021,MC,Monaco,EURO,31,1402,0,9
28-01-2021,MC,Monaco,EURO,14,1416,1,10
29-01-2021,MC,Monaco,EURO,17,1433,1,11
30-01-2021,MC,Monaco,EURO,27,1460,1,12
31-01-2021,MC,Monaco,EURO,18,1478,0,12
01-02-2021,MC,Monaco,EURO,14,1492,1,13
02-02-2021,MC,Monaco,EURO,10,1502,1,14
03-02-2021,MC,Monaco,EURO,44,1546,3,17
04-02-2021,MC,Monaco,EURO,29,1575,1,18
05-02-2021,MC,Monaco,EURO,24,1599,0,18
06-02-2021,MC,Monaco,EURO,29,1628,1,19
07-02-2021,MC,Monaco,EURO,22,1650,1,20
08-02-2021,MC,Monaco,EURO,8,1658,0,20
09-02-2021,MC,Monaco,EURO,10,1668,0,20
10-02-2021,MC,Monaco,EURO,30,1698,0,20
11-02-2021,MC,Monaco,EURO,22,1720,0,20
12-02-2021,MC,Monaco,EURO,18,1738,0,20
13-02-2021,MC,Monaco,EURO,17,1755,1,21
14-02-2021,MC,Monaco,EURO,3,1758,0,21
15-02-2021,MC,Monaco,EURO,5,1763,0,21
16-02-2021,MC,Monaco,EURO,14,1777,0,21
17-02-2021,MC,Monaco,EURO,13,1790,0,21
18-02-2021,MC,Monaco,EURO,29,1819,1,22
19-02-2021,MC,Monaco,EURO,19,1838,0,22
20-02-2021,MC,Monaco,EURO,9,1847,0,22
21-02-2021,MC,Monaco,EURO,18,1865,0,22
22-02-2021,MC,Monaco,EURO,8,1873,0,22
23-02-2021,MC,Monaco,EURO,15,1888,0,22
24-02-2021,MC,Monaco,EURO,19,1907,1,23
25-02-2021,MC,Monaco,EURO,12,1919,0,23
26-02-2021,MC,Monaco,EURO,12,1931,0,23
27-02-2021,MC,Monaco,EURO,10,1941,1,24
28-02-2021,MC,Monaco,EURO,11,1952,0,24
01-03-2021,MC,Monaco,EURO,3,1955,0,24
02-03-2021,MC,Monaco,EURO,9,1964,0,24
03-03-2021,MC,Monaco,EURO,8,1972,1,25
04-03-2021,MC,Monaco,EURO,8,1980,1,26
05-03-2021,MC,Monaco,EURO,16,1996,0,26
06-03-2021,MC,Monaco,EURO,12,2008,0,26
07-03-2021,MC,Monaco,EURO,10,2018,0,26
08-03-2021,MC,Monaco,EURO,4,2022,0,26
09-03-2021,MC,Monaco,EURO,5,2027,0,26
10-03-2021,MC,Monaco,EURO,20,2047,0,26
11-03-2021,MC,Monaco,EURO,14,2061,0,26
12-03-2021,MC,Monaco,EURO,13,2074,0,26
13-03-2021,MC,Monaco,EURO,22,2096,1,27
14-03-2021,MC,Monaco,EURO,9,2105,0,27
15-03-2021,MC,Monaco,EURO,1,2106,0,27
16-03-2021,MC,Monaco,EURO,13,2119,0,27
17-03-2021,MC,Monaco,EURO,15,2134,0,27
18-03-2021,MC,Monaco,EURO,6,2140,0,27
19-03-2021,MC,Monaco,EURO,8,2148,0,27
20-03-2021,MC,Monaco,EURO,15,2163,0,27
21-03-2021,MC,Monaco,EURO,9,2172,0,27
22-03-2021,MC,Monaco,EURO,0,2172,0,27
23-03-2021,MC,Monaco,EURO,9,2181,0,27
24-03-2021,MC,Monaco,EURO,17,2198,0,27
25-03-2021,MC,Monaco,EURO,11,2209,1,28
26-03-2021,MC,Monaco,EURO,17,2226,0,28
27-03-2021,MC,Monaco,EURO,21,2247,0,28
28-03-2021,MC,Monaco,EURO,6,2253,0,28
29-03-2021,MC,Monaco,EURO,5,2258,0,28
30-03-2021,MC,Monaco,EURO,6,2264,0,28
31-03-2021,MC,Monaco,EURO,17,2281,0,28
01-04-2021,MC,Monaco,EURO,6,2287,0,28
02-04-2021,MC,Monaco,EURO,17,2304,0,28
03-04-2021,MC,Monaco,EURO,15,2319,0,28
04-04-2021,MC,Monaco,EURO,6,2325,1,29
05-04-2021,MC,Monaco,EURO,3,2328,0,29
06-04-2021,MC,Monaco,EURO,5,2333,1,30
07-04-2021,MC,Monaco,EURO,11,2344,0,30
08-04-2021,MC,Monaco,EURO,8,2352,0,30
09-04-2021,MC,Monaco,EURO,11,2363,0,30
10-04-2021,MC,Monaco,EURO,5,2368,0,30
11-04-2021,MC,Monaco,EURO,5,2373,1,31
12-04-2021,MC,Monaco,EURO,1,2374,0,31
13-04-2021,MC,Monaco,EURO,3,2377,0,31
14-04-2021,MC,Monaco,EURO,1,2378,0,31
15-04-2021,MC,Monaco,EURO,6,2384,0,31
16-04-2021,MC,Monaco,EURO,3,2387,0,31
17-04-2021,MC,Monaco,EURO,4,2391,0,31
18-04-2021,MC,Monaco,EURO,4,2395,0,31
19-04-2021,MC,Monaco,EURO,4,2399,0,31
20-04-2021,MC,Monaco,EURO,5,2404,0,31
21-04-2021,MC,Monaco,EURO,9,2413,0,31
22-04-2021,MC,Monaco,EURO,9,2422,0,31
23-04-2021,MC,Monaco,EURO,1,2423,0,31
24-04-2021,MC,Monaco,EURO,3,2426,0,31
25-04-2021,MC,Monaco,EURO,3,2429,0,31
26-04-2021,MC,Monaco,EURO,3,2432,1,32
27-04-2021,MC,Monaco,EURO,7,2439,0,32
28-04-2021,MC,Monaco,EURO,3,2442,0,32
29-04-2021,MC,Monaco,EURO,5,2447,0,32
30-04-2021,MC,Monaco,EURO,5,2452,0,32
01-05-2021,MC,Monaco,EURO,2,2454,0,32
02-05-2021,MC,Monaco,EURO,3,2457,0,32
03-05-2021,MC,Monaco,EURO,0,2457,0,32
04-05-2021,MC,Monaco,EURO,8,2465,0,32
05-05-2021,MC,Monaco,EURO,3,2468,0,32
06-05-2021,MC,Monaco,EURO,3,2471,0,32
07-05-2021,MC,Monaco,EURO,4,2475,0,32
08-05-2021,MC,Monaco,EURO,2,2477,0,32
09-05-2021,MC,Monaco,EURO,2,2479,0,32
10-05-2021,MC,Monaco,EURO,0,2479,0,32
11-05-2021,MC,Monaco,EURO,2,2481,0,32
12-05-2021,MC,Monaco,EURO,5,2486,0,32
13-05-2021,MC,Monaco,EURO,1,2487,0,32
14-05-2021,MC,Monaco,EURO,3,2490,0,32
15-05-2021,MC,Monaco,EURO,0,2490,0,32
16-05-2021,MC,Monaco,EURO,3,2493,0,32
17-05-2021,MC,Monaco,EURO,0,2493,0,32
18-05-2021,MC,Monaco,EURO,1,2494,0,32
19-05-2021,MC,Monaco,EURO,1,2495,0,32
20-05-2021,MC,Monaco,EURO,2,2497,0,32
21-05-2021,MC,Monaco,EURO,2,2499,0,32
22-05-2021,MC,Monaco,EURO,1,2500,0,32
23-05-2021,MC,Monaco,EURO,1,2501,0,32
24-05-2021,MC,Monaco,EURO,0,2501,0,32
25-05-2021,MC,Monaco,EURO,0,2501,0,32
26-05-2021,MC,Monaco,EURO,1,2502,0,32
27-05-2021,MC,Monaco,EURO,1,2503,0,32
28-05-2021,MC,Monaco,EURO,0,2503,0,32
29-05-2021,MC,Monaco,EURO,0,2503,0,32
30-05-2021,MC,Monaco,EURO,0,2503,0,32
01-01-2021,MN,Mongolia,WPRO,20,1215,0,0
02-01-2021,MN,Mongolia,WPRO,5,1220,0,0
03-01-2021,MN,Mongolia,WPRO,22,1242,0,0
04-01-2021,MN,Mongolia,WPRO,21,1263,0,0
05-01-2021,MN,Mongolia,WPRO,23,1286,0,0
06-01-2021,MN,Mongolia,WPRO,22,1308,1,1
07-01-2021,MN,Mongolia,WPRO,41,1349,0,1
08-01-2021,MN,Mongolia,WPRO,13,1362,0,1
09-01-2021,MN,Mongolia,WPRO,33,1395,0,1
10-01-2021,MN,Mongolia,WPRO,13,1408,0,1
11-01-2021,MN,Mongolia,WPRO,21,1429,0,1
12-01-2021,MN,Mongolia,WPRO,13,1442,0,1
13-01-2021,MN,Mongolia,WPRO,14,1456,0,1
14-01-2021,MN,Mongolia,WPRO,13,1469,0,1
15-01-2021,MN,Mongolia,WPRO,10,1479,0,1
16-01-2021,MN,Mongolia,WPRO,12,1491,0,1
17-01-2021,MN,Mongolia,WPRO,21,1512,0,1
18-01-2021,MN,Mongolia,WPRO,5,1517,0,1
19-01-2021,MN,Mongolia,WPRO,9,1526,0,1
20-01-2021,MN,Mongolia,WPRO,10,1536,0,1
21-01-2021,MN,Mongolia,WPRO,32,1568,0,1
22-01-2021,MN,Mongolia,WPRO,16,1584,0,1
23-01-2021,MN,Mongolia,WPRO,8,1592,0,1
24-01-2021,MN,Mongolia,WPRO,19,1611,1,2
25-01-2021,MN,Mongolia,WPRO,16,1627,0,2
26-01-2021,MN,Mongolia,WPRO,16,1643,0,2
27-01-2021,MN,Mongolia,WPRO,13,1656,0,2
28-01-2021,MN,Mongolia,WPRO,11,1667,0,2
29-01-2021,MN,Mongolia,WPRO,25,1692,0,2
30-01-2021,MN,Mongolia,WPRO,18,1710,0,2
31-01-2021,MN,Mongolia,WPRO,32,1742,0,2
01-02-2021,MN,Mongolia,WPRO,37,1779,0,2
02-02-2021,MN,Mongolia,WPRO,35,1814,0,2
03-02-2021,MN,Mongolia,WPRO,18,1832,0,2
04-02-2021,MN,Mongolia,WPRO,27,1859,0,2
05-02-2021,MN,Mongolia,WPRO,31,1890,0,2
06-02-2021,MN,Mongolia,WPRO,38,1928,0,2
07-02-2021,MN,Mongolia,WPRO,61,1989,0,2
08-02-2021,MN,Mongolia,WPRO,34,2023,0,2
09-02-2021,MN,Mongolia,WPRO,50,2073,0,2
10-02-2021,MN,Mongolia,WPRO,47,2120,0,2
11-02-2021,MN,Mongolia,WPRO,54,2174,0,2
12-02-2021,MN,Mongolia,WPRO,33,2207,0,2
13-02-2021,MN,Mongolia,WPRO,40,2247,0,2
14-02-2021,MN,Mongolia,WPRO,46,2293,0,2
15-02-2021,MN,Mongolia,WPRO,58,2351,0,2
16-02-2021,MN,Mongolia,WPRO,32,2383,0,2
17-02-2021,MN,Mongolia,WPRO,33,2416,0,2
18-02-2021,MN,Mongolia,WPRO,28,2444,0,2
19-02-2021,MN,Mongolia,WPRO,49,2493,0,2
20-02-2021,MN,Mongolia,WPRO,58,2551,0,2
21-02-2021,MN,Mongolia,WPRO,35,2586,0,2
22-02-2021,MN,Mongolia,WPRO,52,2638,0,2
23-02-2021,MN,Mongolia,WPRO,55,2693,0,2
24-02-2021,MN,Mongolia,WPRO,30,2723,0,2
25-02-2021,MN,Mongolia,WPRO,32,2755,0,2
26-02-2021,MN,Mongolia,WPRO,46,2801,0,2
27-02-2021,MN,Mongolia,WPRO,30,2831,0,2
28-02-2021,MN,Mongolia,WPRO,35,2866,0,2
01-03-2021,MN,Mongolia,WPRO,41,2907,0,2
02-03-2021,MN,Mongolia,WPRO,45,2952,0,2
03-03-2021,MN,Mongolia,WPRO,48,3000,0,2
04-03-2021,MN,Mongolia,WPRO,32,3032,0,2
05-03-2021,MN,Mongolia,WPRO,44,3076,0,2
06-03-2021,MN,Mongolia,WPRO,77,3153,0,2
07-03-2021,MN,Mongolia,WPRO,8,3161,0,2
08-03-2021,MN,Mongolia,WPRO,67,3228,0,2
09-03-2021,MN,Mongolia,WPRO,108,3336,1,3
10-03-2021,MN,Mongolia,WPRO,36,3372,0,3
11-03-2021,MN,Mongolia,WPRO,109,3481,0,3
12-03-2021,MN,Mongolia,WPRO,80,3561,1,4
13-03-2021,MN,Mongolia,WPRO,103,3664,0,4
14-03-2021,MN,Mongolia,WPRO,169,3833,0,4
15-03-2021,MN,Mongolia,WPRO,128,3961,0,4
16-03-2021,MN,Mongolia,WPRO,122,4083,0,4
17-03-2021,MN,Mongolia,WPRO,127,4210,0,4
18-03-2021,MN,Mongolia,WPRO,130,4340,0,4
19-03-2021,MN,Mongolia,WPRO,158,4498,0,4
20-03-2021,MN,Mongolia,WPRO,160,4658,0,4
21-03-2021,MN,Mongolia,WPRO,148,4806,1,5
22-03-2021,MN,Mongolia,WPRO,170,4976,0,5
23-03-2021,MN,Mongolia,WPRO,210,5186,0,5
24-03-2021,MN,Mongolia,WPRO,206,5392,0,5
25-03-2021,MN,Mongolia,WPRO,218,5610,0,5
26-03-2021,MN,Mongolia,WPRO,285,5895,0,5
27-03-2021,MN,Mongolia,WPRO,437,6332,0,5
28-03-2021,MN,Mongolia,WPRO,361,6693,1,6
29-03-2021,MN,Mongolia,WPRO,321,7014,0,6
30-03-2021,MN,Mongolia,WPRO,575,7589,0,6
31-03-2021,MN,Mongolia,WPRO,481,8070,0,6
01-04-2021,MN,Mongolia,WPRO,377,8447,2,8
02-04-2021,MN,Mongolia,WPRO,394,8841,0,8
03-04-2021,MN,Mongolia,WPRO,486,9327,2,10
04-04-2021,MN,Mongolia,WPRO,271,9598,1,11
05-04-2021,MN,Mongolia,WPRO,620,10218,0,11
06-04-2021,MN,Mongolia,WPRO,602,10820,1,12
07-04-2021,MN,Mongolia,WPRO,831,11651,1,13
08-04-2021,MN,Mongolia,WPRO,575,12226,4,17
09-04-2021,MN,Mongolia,WPRO,554,12780,1,18
10-04-2021,MN,Mongolia,WPRO,714,13494,1,19
11-04-2021,MN,Mongolia,WPRO,689,14183,1,20
12-04-2021,MN,Mongolia,WPRO,831,15014,2,22
13-04-2021,MN,Mongolia,WPRO,704,15718,3,25
14-04-2021,MN,Mongolia,WPRO,885,16603,2,27
15-04-2021,MN,Mongolia,WPRO,1220,17823,2,29
16-04-2021,MN,Mongolia,WPRO,742,18565,2,31
17-04-2021,MN,Mongolia,WPRO,1107,19672,6,37
18-04-2021,MN,Mongolia,WPRO,983,20655,4,41
19-04-2021,MN,Mongolia,WPRO,1340,21995,3,44
20-04-2021,MN,Mongolia,WPRO,889,22884,5,49
21-04-2021,MN,Mongolia,WPRO,1311,24195,2,51
22-04-2021,MN,Mongolia,WPRO,1169,25364,5,56
23-04-2021,MN,Mongolia,WPRO,1328,26692,5,61
24-04-2021,MN,Mongolia,WPRO,1264,27956,8,69
25-04-2021,MN,Mongolia,WPRO,1263,29219,5,74
26-04-2021,MN,Mongolia,WPRO,1264,30483,4,78
27-04-2021,MN,Mongolia,WPRO,856,31339,2,80
28-04-2021,MN,Mongolia,WPRO,1098,32437,8,88
29-04-2021,MN,Mongolia,WPRO,1171,33608,9,97
30-04-2021,MN,Mongolia,WPRO,1015,34623,5,102
01-05-2021,MN,Mongolia,WPRO,1356,35979,8,110
02-05-2021,MN,Mongolia,WPRO,1306,37285,5,115
03-05-2021,MN,Mongolia,WPRO,1185,38470,2,117
04-05-2021,MN,Mongolia,WPRO,911,39381,2,119
05-05-2021,MN,Mongolia,WPRO,1015,40396,7,126
06-05-2021,MN,Mongolia,WPRO,1128,41524,4,130
07-05-2021,MN,Mongolia,WPRO,940,42464,12,142
08-05-2021,MN,Mongolia,WPRO,737,43201,11,153
09-05-2021,MN,Mongolia,WPRO,815,44016,7,160
10-05-2021,MN,Mongolia,WPRO,804,44820,2,162
11-05-2021,MN,Mongolia,WPRO,639,45459,8,170
12-05-2021,MN,Mongolia,WPRO,477,45936,9,179
13-05-2021,MN,Mongolia,WPRO,512,46448,5,184
14-05-2021,MN,Mongolia,WPRO,585,47033,9,193
15-05-2021,MN,Mongolia,WPRO,515,47548,7,200
16-05-2021,MN,Mongolia,WPRO,553,48101,5,205
17-05-2021,MN,Mongolia,WPRO,541,48642,2,207
18-05-2021,MN,Mongolia,WPRO,533,49175,7,214
19-05-2021,MN,Mongolia,WPRO,349,49524,7,221
20-05-2021,MN,Mongolia,WPRO,575,50099,6,227
21-05-2021,MN,Mongolia,WPRO,519,50618,8,235
22-05-2021,MN,Mongolia,WPRO,629,51247,5,240
23-05-2021,MN,Mongolia,WPRO,684,51931,4,244
24-05-2021,MN,Mongolia,WPRO,539,52470,4,248
25-05-2021,MN,Mongolia,WPRO,630,53100,5,253
26-05-2021,MN,Mongolia,WPRO,634,53734,2,255
27-05-2021,MN,Mongolia,WPRO,680,54414,2,257
28-05-2021,MN,Mongolia,WPRO,653,55067,2,259
29-05-2021,MN,Mongolia,WPRO,785,55852,4,263
30-05-2021,MN,Mongolia,WPRO,769,56621,5,268
01-01-2021,ME,Montenegro,EURO,249,48793,2,684
02-01-2021,ME,Montenegro,EURO,386,49179,0,684
03-01-2021,ME,Montenegro,EURO,300,49479,5,689
04-01-2021,ME,Montenegro,EURO,520,49999,3,692
05-01-2021,ME,Montenegro,EURO,526,50525,7,699
06-01-2021,ME,Montenegro,EURO,497,51022,6,705
07-01-2021,ME,Montenegro,EURO,479,51501,7,712
08-01-2021,ME,Montenegro,EURO,410,51911,6,718
09-01-2021,ME,Montenegro,EURO,490,52401,3,721
10-01-2021,ME,Montenegro,EURO,343,52744,4,725
11-01-2021,ME,Montenegro,EURO,515,53259,4,729
12-01-2021,ME,Montenegro,EURO,524,53783,1,730
13-01-2021,ME,Montenegro,EURO,447,54230,7,737
14-01-2021,ME,Montenegro,EURO,422,54652,3,740
15-01-2021,ME,Montenegro,EURO,429,55081,1,741
16-01-2021,ME,Montenegro,EURO,403,55484,2,743
17-01-2021,ME,Montenegro,EURO,286,55770,2,745
18-01-2021,ME,Montenegro,EURO,406,56176,1,746
19-01-2021,ME,Montenegro,EURO,351,56527,3,749
20-01-2021,ME,Montenegro,EURO,452,56979,9,758
21-01-2021,ME,Montenegro,EURO,476,57455,4,762
22-01-2021,ME,Montenegro,EURO,421,57876,3,765
23-01-2021,ME,Montenegro,EURO,425,58301,1,766
24-01-2021,ME,Montenegro,EURO,384,58685,2,768
25-01-2021,ME,Montenegro,EURO,567,59252,2,770
26-01-2021,ME,Montenegro,EURO,511,59763,7,777
27-01-2021,ME,Montenegro,EURO,498,60261,6,783
28-01-2021,ME,Montenegro,EURO,463,60724,7,790
29-01-2021,ME,Montenegro,EURO,459,61183,10,800
30-01-2021,ME,Montenegro,EURO,450,61633,2,802
31-01-2021,ME,Montenegro,EURO,365,61998,3,805
01-02-2021,ME,Montenegro,EURO,524,62522,6,811
02-02-2021,ME,Montenegro,EURO,602,63124,7,818
03-02-2021,ME,Montenegro,EURO,515,63639,7,825
04-02-2021,ME,Montenegro,EURO,562,64201,1,826
05-02-2021,ME,Montenegro,EURO,544,64745,5,831
06-02-2021,ME,Montenegro,EURO,510,65255,5,836
07-02-2021,ME,Montenegro,EURO,413,65668,2,838
08-02-2021,ME,Montenegro,EURO,605,66273,4,842
09-02-2021,ME,Montenegro,EURO,620,66893,10,852
10-02-2021,ME,Montenegro,EURO,562,67455,9,861
11-02-2021,ME,Montenegro,EURO,562,68017,8,869
12-02-2021,ME,Montenegro,EURO,482,68499,11,880
13-02-2021,ME,Montenegro,EURO,453,68952,2,882
14-02-2021,ME,Montenegro,EURO,347,69299,8,890
15-02-2021,ME,Montenegro,EURO,411,69710,9,899
16-02-2021,ME,Montenegro,EURO,479,70189,11,910
17-02-2021,ME,Montenegro,EURO,489,70678,6,916
18-02-2021,ME,Montenegro,EURO,454,71132,10,926
19-02-2021,ME,Montenegro,EURO,474,71606,6,932
20-02-2021,ME,Montenegro,EURO,430,72036,7,939
21-02-2021,ME,Montenegro,EURO,369,72405,11,950
22-02-2021,ME,Montenegro,EURO,569,72974,7,957
23-02-2021,ME,Montenegro,EURO,634,73608,12,969
24-02-2021,ME,Montenegro,EURO,583,74191,7,976
25-02-2021,ME,Montenegro,EURO,599,74790,11,987
26-02-2021,ME,Montenegro,EURO,550,75340,7,994
27-02-2021,ME,Montenegro,EURO,514,75854,5,999
28-02-2021,ME,Montenegro,EURO,435,76289,4,1003
01-03-2021,ME,Montenegro,EURO,587,76876,12,1015
02-03-2021,ME,Montenegro,EURO,624,77500,8,1023
03-03-2021,ME,Montenegro,EURO,564,78064,8,1031
04-03-2021,ME,Montenegro,EURO,579,78643,8,1039
05-03-2021,ME,Montenegro,EURO,599,79242,9,1048
06-03-2021,ME,Montenegro,EURO,543,79785,11,1059
07-03-2021,ME,Montenegro,EURO,403,80188,8,1067
08-03-2021,ME,Montenegro,EURO,613,80801,18,1085
09-03-2021,ME,Montenegro,EURO,655,81456,7,1092
10-03-2021,ME,Montenegro,EURO,572,82028,8,1100
11-03-2021,ME,Montenegro,EURO,576,82604,13,1113
12-03-2021,ME,Montenegro,EURO,558,83162,4,1117
13-03-2021,ME,Montenegro,EURO,542,83704,5,1122
14-03-2021,ME,Montenegro,EURO,450,84154,7,1129
15-03-2021,ME,Montenegro,EURO,533,84687,7,1136
16-03-2021,ME,Montenegro,EURO,557,85244,15,1151
17-03-2021,ME,Montenegro,EURO,520,85764,18,1169
18-03-2021,ME,Montenegro,EURO,509,86273,9,1178
19-03-2021,ME,Montenegro,EURO,505,86778,6,1184
20-03-2021,ME,Montenegro,EURO,438,87216,10,1194
21-03-2021,ME,Montenegro,EURO,412,87628,5,1199
22-03-2021,ME,Montenegro,EURO,484,88112,9,1208
23-03-2021,ME,Montenegro,EURO,437,88549,12,1220
24-03-2021,ME,Montenegro,EURO,441,88990,4,1224
25-03-2021,ME,Montenegro,EURO,373,89363,6,1230
26-03-2021,ME,Montenegro,EURO,377,89740,4,1234
27-03-2021,ME,Montenegro,EURO,363,90103,7,1241
28-03-2021,ME,Montenegro,EURO,324,90427,4,1245
29-03-2021,ME,Montenegro,EURO,404,90831,11,1256
30-03-2021,ME,Montenegro,EURO,388,91219,10,1266
31-03-2021,ME,Montenegro,EURO,353,91572,8,1274
01-04-2021,ME,Montenegro,EURO,333,91905,12,1286
02-04-2021,ME,Montenegro,EURO,318,92223,10,1296
03-04-2021,ME,Montenegro,EURO,300,92523,7,1303
04-04-2021,ME,Montenegro,EURO,220,92743,2,1305
05-04-2021,ME,Montenegro,EURO,286,93029,12,1317
06-04-2021,ME,Montenegro,EURO,279,93308,9,1326
07-04-2021,ME,Montenegro,EURO,257,93565,8,1334
08-04-2021,ME,Montenegro,EURO,237,93802,11,1345
09-04-2021,ME,Montenegro,EURO,236,94038,9,1354
10-04-2021,ME,Montenegro,EURO,234,94272,11,1365
11-04-2021,ME,Montenegro,EURO,147,94419,8,1373
12-04-2021,ME,Montenegro,EURO,224,94643,8,1381
13-04-2021,ME,Montenegro,EURO,215,94858,10,1391
14-04-2021,ME,Montenegro,EURO,183,95041,14,1405
15-04-2021,ME,Montenegro,EURO,164,95205,7,1412
16-04-2021,ME,Montenegro,EURO,171,95376,9,1421
17-04-2021,ME,Montenegro,EURO,174,95550,6,1427
18-04-2021,ME,Montenegro,EURO,143,95693,2,1429
19-04-2021,ME,Montenegro,EURO,200,95893,9,1438
20-04-2021,ME,Montenegro,EURO,149,96042,3,1441
21-04-2021,ME,Montenegro,EURO,140,96182,3,1444
22-04-2021,ME,Montenegro,EURO,160,96342,7,1451
23-04-2021,ME,Montenegro,EURO,151,96493,6,1457
24-04-2021,ME,Montenegro,EURO,162,96655,6,1463
25-04-2021,ME,Montenegro,EURO,119,96774,2,1465
26-04-2021,ME,Montenegro,EURO,151,96925,8,1473
27-04-2021,ME,Montenegro,EURO,150,97075,5,1478
28-04-2021,ME,Montenegro,EURO,177,97252,7,1485
29-04-2021,ME,Montenegro,EURO,133,97385,7,1492
30-04-2021,ME,Montenegro,EURO,126,97511,3,1495
01-05-2021,ME,Montenegro,EURO,102,97613,7,1502
02-05-2021,ME,Montenegro,EURO,99,97712,3,1505
03-05-2021,ME,Montenegro,EURO,95,97807,5,1510
04-05-2021,ME,Montenegro,EURO,119,97926,6,1516
05-05-2021,ME,Montenegro,EURO,110,98036,5,1521
06-05-2021,ME,Montenegro,EURO,100,98136,5,1526
07-05-2021,ME,Montenegro,EURO,95,98231,7,1533
08-05-2021,ME,Montenegro,EURO,66,98297,3,1536
09-05-2021,ME,Montenegro,EURO,62,98359,4,1540
10-05-2021,ME,Montenegro,EURO,84,98443,4,1544
11-05-2021,ME,Montenegro,EURO,98,98541,1,1545
12-05-2021,ME,Montenegro,EURO,72,98613,3,1548
13-05-2021,ME,Montenegro,EURO,84,98697,3,1551
14-05-2021,ME,Montenegro,EURO,75,98772,5,1556
15-05-2021,ME,Montenegro,EURO,72,98844,4,1560
16-05-2021,ME,Montenegro,EURO,46,98890,1,1561
17-05-2021,ME,Montenegro,EURO,73,98963,1,1562
18-05-2021,ME,Montenegro,EURO,61,99024,2,1564
19-05-2021,ME,Montenegro,EURO,66,99090,2,1566
20-05-2021,ME,Montenegro,EURO,55,99145,3,1569
21-05-2021,ME,Montenegro,EURO,50,99195,3,1572
22-05-2021,ME,Montenegro,EURO,45,99240,0,1572
23-05-2021,ME,Montenegro,EURO,43,99283,2,1574
24-05-2021,ME,Montenegro,EURO,67,99350,0,1574
25-05-2021,ME,Montenegro,EURO,68,99418,3,1577
26-05-2021,ME,Montenegro,EURO,52,99470,1,1578
27-05-2021,ME,Montenegro,EURO,41,99511,0,1578
28-05-2021,ME,Montenegro,EURO,47,99558,2,1580
29-05-2021,ME,Montenegro,EURO,0,99558,0,1580
30-05-2021,ME,Montenegro,EURO,0,99558,0,1580
01-01-2021,MS,Montserrat,AMRO,0,13,0,1
02-01-2021,MS,Montserrat,AMRO,0,13,0,1
03-01-2021,MS,Montserrat,AMRO,0,13,0,1
04-01-2021,MS,Montserrat,AMRO,0,13,0,1
05-01-2021,MS,Montserrat,AMRO,0,13,0,1
06-01-2021,MS,Montserrat,AMRO,0,13,0,1
07-01-2021,MS,Montserrat,AMRO,0,13,0,1
08-01-2021,MS,Montserrat,AMRO,0,13,0,1
09-01-2021,MS,Montserrat,AMRO,0,13,0,1
10-01-2021,MS,Montserrat,AMRO,0,13,0,1
11-01-2021,MS,Montserrat,AMRO,0,13,0,1
12-01-2021,MS,Montserrat,AMRO,0,13,0,1
13-01-2021,MS,Montserrat,AMRO,0,13,0,1
14-01-2021,MS,Montserrat,AMRO,0,13,0,1
15-01-2021,MS,Montserrat,AMRO,0,13,0,1
16-01-2021,MS,Montserrat,AMRO,0,13,0,1
17-01-2021,MS,Montserrat,AMRO,0,13,0,1
18-01-2021,MS,Montserrat,AMRO,0,13,0,1
19-01-2021,MS,Montserrat,AMRO,0,13,0,1
20-01-2021,MS,Montserrat,AMRO,0,13,0,1
21-01-2021,MS,Montserrat,AMRO,0,13,0,1
22-01-2021,MS,Montserrat,AMRO,0,13,0,1
23-01-2021,MS,Montserrat,AMRO,0,13,0,1
24-01-2021,MS,Montserrat,AMRO,0,13,0,1
25-01-2021,MS,Montserrat,AMRO,0,13,0,1
26-01-2021,MS,Montserrat,AMRO,0,13,0,1
27-01-2021,MS,Montserrat,AMRO,0,13,0,1
28-01-2021,MS,Montserrat,AMRO,0,13,0,1
29-01-2021,MS,Montserrat,AMRO,0,13,0,1
30-01-2021,MS,Montserrat,AMRO,0,13,0,1
31-01-2021,MS,Montserrat,AMRO,0,13,0,1
01-02-2021,MS,Montserrat,AMRO,0,13,0,1
02-02-2021,MS,Montserrat,AMRO,0,13,0,1
03-02-2021,MS,Montserrat,AMRO,0,13,0,1
04-02-2021,MS,Montserrat,AMRO,0,13,0,1
05-02-2021,MS,Montserrat,AMRO,0,13,0,1
06-02-2021,MS,Montserrat,AMRO,0,13,0,1
07-02-2021,MS,Montserrat,AMRO,2,15,0,1
08-02-2021,MS,Montserrat,AMRO,2,17,0,1
09-02-2021,MS,Montserrat,AMRO,0,17,0,1
10-02-2021,MS,Montserrat,AMRO,1,18,0,1
11-02-2021,MS,Montserrat,AMRO,0,18,0,1
12-02-2021,MS,Montserrat,AMRO,1,19,0,1
13-02-2021,MS,Montserrat,AMRO,0,19,0,1
14-02-2021,MS,Montserrat,AMRO,0,19,0,1
15-02-2021,MS,Montserrat,AMRO,1,20,0,1
16-02-2021,MS,Montserrat,AMRO,0,20,0,1
17-02-2021,MS,Montserrat,AMRO,0,20,0,1
18-02-2021,MS,Montserrat,AMRO,0,20,0,1
19-02-2021,MS,Montserrat,AMRO,0,20,0,1
20-02-2021,MS,Montserrat,AMRO,0,20,0,1
21-02-2021,MS,Montserrat,AMRO,0,20,0,1
22-02-2021,MS,Montserrat,AMRO,0,20,0,1
23-02-2021,MS,Montserrat,AMRO,0,20,0,1
24-02-2021,MS,Montserrat,AMRO,0,20,0,1
25-02-2021,MS,Montserrat,AMRO,0,20,0,1
26-02-2021,MS,Montserrat,AMRO,0,20,0,1
27-02-2021,MS,Montserrat,AMRO,0,20,0,1
28-02-2021,MS,Montserrat,AMRO,0,20,0,1
01-03-2021,MS,Montserrat,AMRO,0,20,0,1
02-03-2021,MS,Montserrat,AMRO,0,20,0,1
03-03-2021,MS,Montserrat,AMRO,0,20,0,1
04-03-2021,MS,Montserrat,AMRO,0,20,0,1
05-03-2021,MS,Montserrat,AMRO,0,20,0,1
06-03-2021,MS,Montserrat,AMRO,0,20,0,1
07-03-2021,MS,Montserrat,AMRO,0,20,0,1
08-03-2021,MS,Montserrat,AMRO,0,20,0,1
09-03-2021,MS,Montserrat,AMRO,0,20,0,1
10-03-2021,MS,Montserrat,AMRO,0,20,0,1
11-03-2021,MS,Montserrat,AMRO,0,20,0,1
12-03-2021,MS,Montserrat,AMRO,0,20,0,1
13-03-2021,MS,Montserrat,AMRO,0,20,0,1
14-03-2021,MS,Montserrat,AMRO,0,20,0,1
15-03-2021,MS,Montserrat,AMRO,0,20,0,1
16-03-2021,MS,Montserrat,AMRO,0,20,0,1
17-03-2021,MS,Montserrat,AMRO,0,20,0,1
18-03-2021,MS,Montserrat,AMRO,0,20,0,1
19-03-2021,MS,Montserrat,AMRO,0,20,0,1
20-03-2021,MS,Montserrat,AMRO,0,20,0,1
21-03-2021,MS,Montserrat,AMRO,0,20,0,1
22-03-2021,MS,Montserrat,AMRO,0,20,0,1
23-03-2021,MS,Montserrat,AMRO,0,20,0,1
24-03-2021,MS,Montserrat,AMRO,0,20,0,1
25-03-2021,MS,Montserrat,AMRO,0,20,0,1
26-03-2021,MS,Montserrat,AMRO,0,20,0,1
27-03-2021,MS,Montserrat,AMRO,0,20,0,1
28-03-2021,MS,Montserrat,AMRO,0,20,0,1
29-03-2021,MS,Montserrat,AMRO,0,20,0,1
30-03-2021,MS,Montserrat,AMRO,0,20,0,1
31-03-2021,MS,Montserrat,AMRO,0,20,0,1
01-04-2021,MS,Montserrat,AMRO,0,20,0,1
02-04-2021,MS,Montserrat,AMRO,0,20,0,1
03-04-2021,MS,Montserrat,AMRO,0,20,0,1
04-04-2021,MS,Montserrat,AMRO,0,20,0,1
05-04-2021,MS,Montserrat,AMRO,0,20,0,1
06-04-2021,MS,Montserrat,AMRO,0,20,0,1
07-04-2021,MS,Montserrat,AMRO,0,20,0,1
08-04-2021,MS,Montserrat,AMRO,0,20,0,1
09-04-2021,MS,Montserrat,AMRO,0,20,0,1
10-04-2021,MS,Montserrat,AMRO,0,20,0,1
11-04-2021,MS,Montserrat,AMRO,0,20,0,1
12-04-2021,MS,Montserrat,AMRO,0,20,0,1
13-04-2021,MS,Montserrat,AMRO,0,20,0,1
14-04-2021,MS,Montserrat,AMRO,0,20,0,1
15-04-2021,MS,Montserrat,AMRO,0,20,0,1
16-04-2021,MS,Montserrat,AMRO,0,20,0,1
17-04-2021,MS,Montserrat,AMRO,0,20,0,1
18-04-2021,MS,Montserrat,AMRO,0,20,0,1
19-04-2021,MS,Montserrat,AMRO,0,20,0,1
20-04-2021,MS,Montserrat,AMRO,0,20,0,1
21-04-2021,MS,Montserrat,AMRO,0,20,0,1
22-04-2021,MS,Montserrat,AMRO,0,20,0,1
23-04-2021,MS,Montserrat,AMRO,0,20,0,1
24-04-2021,MS,Montserrat,AMRO,0,20,0,1
25-04-2021,MS,Montserrat,AMRO,0,20,0,1
26-04-2021,MS,Montserrat,AMRO,0,20,0,1
27-04-2021,MS,Montserrat,AMRO,0,20,0,1
28-04-2021,MS,Montserrat,AMRO,0,20,0,1
29-04-2021,MS,Montserrat,AMRO,0,20,0,1
30-04-2021,MS,Montserrat,AMRO,0,20,0,1
01-05-2021,MS,Montserrat,AMRO,0,20,0,1
02-05-2021,MS,Montserrat,AMRO,0,20,0,1
03-05-2021,MS,Montserrat,AMRO,0,20,0,1
04-05-2021,MS,Montserrat,AMRO,0,20,0,1
05-05-2021,MS,Montserrat,AMRO,0,20,0,1
06-05-2021,MS,Montserrat,AMRO,0,20,0,1
07-05-2021,MS,Montserrat,AMRO,0,20,0,1
08-05-2021,MS,Montserrat,AMRO,0,20,0,1
09-05-2021,MS,Montserrat,AMRO,0,20,0,1
10-05-2021,MS,Montserrat,AMRO,0,20,0,1
11-05-2021,MS,Montserrat,AMRO,0,20,0,1
12-05-2021,MS,Montserrat,AMRO,0,20,0,1
13-05-2021,MS,Montserrat,AMRO,0,20,0,1
14-05-2021,MS,Montserrat,AMRO,0,20,0,1
15-05-2021,MS,Montserrat,AMRO,0,20,0,1
16-05-2021,MS,Montserrat,AMRO,0,20,0,1
17-05-2021,MS,Montserrat,AMRO,0,20,0,1
18-05-2021,MS,Montserrat,AMRO,0,20,0,1
19-05-2021,MS,Montserrat,AMRO,0,20,0,1
20-05-2021,MS,Montserrat,AMRO,0,20,0,1
21-05-2021,MS,Montserrat,AMRO,0,20,0,1
22-05-2021,MS,Montserrat,AMRO,0,20,0,1
23-05-2021,MS,Montserrat,AMRO,0,20,0,1
24-05-2021,MS,Montserrat,AMRO,0,20,0,1
25-05-2021,MS,Montserrat,AMRO,0,20,0,1
26-05-2021,MS,Montserrat,AMRO,0,20,0,1
27-05-2021,MS,Montserrat,AMRO,0,20,0,1
28-05-2021,MS,Montserrat,AMRO,0,20,0,1
29-05-2021,MS,Montserrat,AMRO,0,20,0,1
30-05-2021,MS,Montserrat,AMRO,0,20,0,1
01-01-2021,MA,Morocco,EMRO,1861,439193,33,7388
02-01-2021,MA,Morocco,EMRO,1777,440970,37,7425
03-01-2021,MA,Morocco,EMRO,1171,442141,27,7452
04-01-2021,MA,Morocco,EMRO,1005,443146,33,7485
05-01-2021,MA,Morocco,EMRO,656,443802,53,7538
06-01-2021,MA,Morocco,EMRO,1637,445439,43,7581
07-01-2021,MA,Morocco,EMRO,1642,447081,37,7618
08-01-2021,MA,Morocco,EMRO,1597,448678,27,7645
09-01-2021,MA,Morocco,EMRO,1543,450221,40,7685
10-01-2021,MA,Morocco,EMRO,1416,451637,24,7709
11-01-2021,MA,Morocco,EMRO,895,452532,34,7743
12-01-2021,MA,Morocco,EMRO,456,452988,24,7767
13-01-2021,MA,Morocco,EMRO,801,453789,17,7784
14-01-2021,MA,Morocco,EMRO,1266,455055,26,7810
15-01-2021,MA,Morocco,EMRO,1279,456334,44,7854
16-01-2021,MA,Morocco,EMRO,1291,457625,34,7888
17-01-2021,MA,Morocco,EMRO,1240,458865,23,7911
18-01-2021,MA,Morocco,EMRO,806,459671,31,7942
19-01-2021,MA,Morocco,EMRO,473,460144,35,7977
20-01-2021,MA,Morocco,EMRO,1246,461390,34,8011
21-01-2021,MA,Morocco,EMRO,1152,462542,32,8043
22-01-2021,MA,Morocco,EMRO,1164,463706,33,8076
23-01-2021,MA,Morocco,EMRO,1138,464844,29,8105
24-01-2021,MA,Morocco,EMRO,925,465769,23,8128
25-01-2021,MA,Morocco,EMRO,520,466289,22,8150
26-01-2021,MA,Morocco,EMRO,337,466626,22,8172
27-01-2021,MA,Morocco,EMRO,867,467493,15,8187
28-01-2021,MA,Morocco,EMRO,890,468383,20,8207
29-01-2021,MA,Morocco,EMRO,756,469139,17,8224
30-01-2021,MA,Morocco,EMRO,851,469990,22,8246
31-01-2021,MA,Morocco,EMRO,701,470691,13,8259
01-02-2021,MA,Morocco,EMRO,466,471157,16,8275
02-02-2021,MA,Morocco,EMRO,281,471438,12,8287
03-02-2021,MA,Morocco,EMRO,835,472273,22,8309
04-02-2021,MA,Morocco,EMRO,774,473047,14,8323
05-02-2021,MA,Morocco,EMRO,620,473667,28,8351
06-02-2021,MA,Morocco,EMRO,712,474379,17,8368
07-02-2021,MA,Morocco,EMRO,587,474966,13,8381
08-02-2021,MA,Morocco,EMRO,389,475355,13,8394
09-02-2021,MA,Morocco,EMRO,234,475589,14,8408
10-02-2021,MA,Morocco,EMRO,536,476125,16,8424
11-02-2021,MA,Morocco,EMRO,564,476689,12,8436
12-02-2021,MA,Morocco,EMRO,471,477160,4,8440
13-02-2021,MA,Morocco,EMRO,496,477656,10,8450
14-02-2021,MA,Morocco,EMRO,479,478135,10,8460
15-02-2021,MA,Morocco,EMRO,339,478474,17,8477
16-02-2021,MA,Morocco,EMRO,121,478595,14,8491
17-02-2021,MA,Morocco,EMRO,476,479071,13,8504
18-02-2021,MA,Morocco,EMRO,508,479579,13,8517
19-02-2021,MA,Morocco,EMRO,477,480056,7,8524
20-02-2021,MA,Morocco,EMRO,448,480504,16,8540
21-02-2021,MA,Morocco,EMRO,444,480948,8,8548
22-02-2021,MA,Morocco,EMRO,207,481155,6,8554
23-02-2021,MA,Morocco,EMRO,108,481263,5,8559
24-02-2021,MA,Morocco,EMRO,446,481709,15,8574
25-02-2021,MA,Morocco,EMRO,419,482128,18,8592
26-02-2021,MA,Morocco,EMRO,386,482514,6,8598
27-02-2021,MA,Morocco,EMRO,480,482994,10,8608
28-02-2021,MA,Morocco,EMRO,416,483410,7,8615
01-03-2021,MA,Morocco,EMRO,244,483654,8,8623
02-03-2021,MA,Morocco,EMRO,112,483766,14,8637
03-03-2021,MA,Morocco,EMRO,393,484159,8,8645
04-03-2021,MA,Morocco,EMRO,594,484753,8,8653
05-03-2021,MA,Morocco,EMRO,394,485147,16,8669
06-03-2021,MA,Morocco,EMRO,420,485567,4,8673
07-03-2021,MA,Morocco,EMRO,407,485974,3,8676
08-03-2021,MA,Morocco,EMRO,249,486223,6,8682
09-03-2021,MA,Morocco,EMRO,102,486325,1,8683
10-03-2021,MA,Morocco,EMRO,508,486833,12,8695
11-03-2021,MA,Morocco,EMRO,453,487286,10,8705
12-03-2021,MA,Morocco,EMRO,464,487750,7,8712
13-03-2021,MA,Morocco,EMRO,431,488181,4,8716
14-03-2021,MA,Morocco,EMRO,451,488632,2,8718
15-03-2021,MA,Morocco,EMRO,305,488937,5,8723
16-03-2021,MA,Morocco,EMRO,159,489096,10,8733
17-03-2021,MA,Morocco,EMRO,526,489622,4,8737
18-03-2021,MA,Morocco,EMRO,466,490088,8,8745
19-03-2021,MA,Morocco,EMRO,487,490575,3,8748
20-03-2021,MA,Morocco,EMRO,444,491019,7,8755
21-03-2021,MA,Morocco,EMRO,444,491463,8,8763
22-03-2021,MA,Morocco,EMRO,246,491709,4,8767
23-03-2021,MA,Morocco,EMRO,125,491834,2,8769
24-03-2021,MA,Morocco,EMRO,569,492403,6,8775
25-03-2021,MA,Morocco,EMRO,439,492842,11,8786
26-03-2021,MA,Morocco,EMRO,511,493353,2,8788
27-03-2021,MA,Morocco,EMRO,514,493867,5,8793
28-03-2021,MA,Morocco,EMRO,491,494358,5,8798
29-03-2021,MA,Morocco,EMRO,301,494659,0,8798
30-03-2021,MA,Morocco,EMRO,97,494756,9,8807
31-03-2021,MA,Morocco,EMRO,665,495421,6,8813
01-04-2021,MA,Morocco,EMRO,676,496097,5,8818
02-04-2021,MA,Morocco,EMRO,579,496676,7,8825
03-04-2021,MA,Morocco,EMRO,581,497257,10,8835
04-04-2021,MA,Morocco,EMRO,575,497832,7,8842
05-04-2021,MA,Morocco,EMRO,365,498197,8,8850
06-04-2021,MA,Morocco,EMRO,132,498329,7,8857
07-04-2021,MA,Morocco,EMRO,696,499025,8,8865
08-04-2021,MA,Morocco,EMRO,663,499688,2,8867
09-04-2021,MA,Morocco,EMRO,635,500323,6,8873
10-04-2021,MA,Morocco,EMRO,625,500948,12,8885
11-04-2021,MA,Morocco,EMRO,740,501688,6,8891
12-04-2021,MA,Morocco,EMRO,414,502102,9,8900
13-04-2021,MA,Morocco,EMRO,175,502277,9,8909
14-04-2021,MA,Morocco,EMRO,684,502961,6,8915
15-04-2021,MA,Morocco,EMRO,703,503664,5,8920
16-04-2021,MA,Morocco,EMRO,596,504260,7,8927
17-04-2021,MA,Morocco,EMRO,587,504847,7,8934
18-04-2021,MA,Morocco,EMRO,600,505447,10,8944
19-04-2021,MA,Morocco,EMRO,364,505811,1,8945
20-04-2021,MA,Morocco,EMRO,138,505949,7,8952
21-04-2021,MA,Morocco,EMRO,720,506669,7,8959
22-04-2021,MA,Morocco,EMRO,669,507338,10,8969
23-04-2021,MA,Morocco,EMRO,600,507938,7,8976
24-04-2021,MA,Morocco,EMRO,592,508530,7,8983
25-04-2021,MA,Morocco,EMRO,507,509037,5,8988
26-04-2021,MA,Morocco,EMRO,326,509363,4,8992
27-04-2021,MA,Morocco,EMRO,102,509465,7,8999
28-04-2021,MA,Morocco,EMRO,507,509972,6,9005
29-04-2021,MA,Morocco,EMRO,493,510465,10,9015
30-04-2021,MA,Morocco,EMRO,421,510886,5,9020
01-05-2021,MA,Morocco,EMRO,363,511249,3,9023
02-05-2021,MA,Morocco,EMRO,313,511562,3,9026
03-05-2021,MA,Morocco,EMRO,294,511856,2,9028
04-05-2021,MA,Morocco,EMRO,56,511912,4,9032
05-05-2021,MA,Morocco,EMRO,373,512285,6,9038
06-05-2021,MA,Morocco,EMRO,371,512656,5,9043
07-05-2021,MA,Morocco,EMRO,360,513016,6,9049
08-05-2021,MA,Morocco,EMRO,298,513314,8,9057
09-05-2021,MA,Morocco,EMRO,314,513628,7,9064
10-05-2021,MA,Morocco,EMRO,236,513864,8,9072
11-05-2021,MA,Morocco,EMRO,58,513922,5,9077
12-05-2021,MA,Morocco,EMRO,242,514164,6,9083
13-05-2021,MA,Morocco,EMRO,268,514432,5,9088
14-05-2021,MA,Morocco,EMRO,238,514670,3,9091
15-05-2021,MA,Morocco,EMRO,35,514705,1,9092
16-05-2021,MA,Morocco,EMRO,112,514817,6,9098
17-05-2021,MA,Morocco,EMRO,127,514944,0,9098
18-05-2021,MA,Morocco,EMRO,79,515023,6,9104
19-05-2021,MA,Morocco,EMRO,397,515420,1,9105
20-05-2021,MA,Morocco,EMRO,338,515758,1,9106
21-05-2021,MA,Morocco,EMRO,333,516091,3,9109
22-05-2021,MA,Morocco,EMRO,358,516449,6,9115
23-05-2021,MA,Morocco,EMRO,363,516812,4,9119
24-05-2021,MA,Morocco,EMRO,211,517023,3,9122
25-05-2021,MA,Morocco,EMRO,90,517113,4,9126
26-05-2021,MA,Morocco,EMRO,310,517423,3,9129
27-05-2021,MA,Morocco,EMRO,385,517808,2,9131
28-05-2021,MA,Morocco,EMRO,314,518122,3,9134
29-05-2021,MA,Morocco,EMRO,336,518458,1,9135
30-05-2021,MA,Morocco,EMRO,410,518868,3,9138
01-01-2021,MZ,Mozambique,AFRO,269,18642,3,166
02-01-2021,MZ,Mozambique,AFRO,0,18642,0,166
03-01-2021,MZ,Mozambique,AFRO,326,18968,2,168
04-01-2021,MZ,Mozambique,AFRO,341,19309,1,169
05-01-2021,MZ,Mozambique,AFRO,154,19463,2,171
06-01-2021,MZ,Mozambique,AFRO,0,19463,0,171
07-01-2021,MZ,Mozambique,AFRO,204,19667,1,172
08-01-2021,MZ,Mozambique,AFRO,294,19961,4,176
09-01-2021,MZ,Mozambique,AFRO,521,20482,5,181
10-01-2021,MZ,Mozambique,AFRO,879,21361,6,187
11-01-2021,MZ,Mozambique,AFRO,578,21939,5,192
12-01-2021,MZ,Mozambique,AFRO,395,22334,5,197
13-01-2021,MZ,Mozambique,AFRO,662,22996,4,201
14-01-2021,MZ,Mozambique,AFRO,730,23726,4,205
15-01-2021,MZ,Mozambique,AFRO,543,24269,6,211
16-01-2021,MZ,Mozambique,AFRO,0,24269,0,211
17-01-2021,MZ,Mozambique,AFRO,1593,25862,23,234
18-01-2021,MZ,Mozambique,AFRO,689,26551,7,241
19-01-2021,MZ,Mozambique,AFRO,895,27446,8,249
20-01-2021,MZ,Mozambique,AFRO,824,28270,4,253
21-01-2021,MZ,Mozambique,AFRO,1126,29396,18,271
22-01-2021,MZ,Mozambique,AFRO,829,30225,12,283
23-01-2021,MZ,Mozambique,AFRO,623,30848,7,290
24-01-2021,MZ,Mozambique,AFRO,780,31628,7,297
25-01-2021,MZ,Mozambique,AFRO,790,32418,8,305
26-01-2021,MZ,Mozambique,AFRO,363,32781,14,319
27-01-2021,MZ,Mozambique,AFRO,1274,34055,10,329
28-01-2021,MZ,Mozambique,AFRO,871,34926,7,336
29-01-2021,MZ,Mozambique,AFRO,907,35833,11,347
30-01-2021,MZ,Mozambique,AFRO,1275,37108,9,356
31-01-2021,MZ,Mozambique,AFRO,597,37705,7,363
01-02-2021,MZ,Mozambique,AFRO,949,38654,4,367
02-02-2021,MZ,Mozambique,AFRO,806,39460,19,386
03-02-2021,MZ,Mozambique,AFRO,800,40260,17,403
04-02-2021,MZ,Mozambique,AFRO,1173,41433,12,415
05-02-2021,MZ,Mozambique,AFRO,1055,42488,12,427
06-02-2021,MZ,Mozambique,AFRO,696,43184,9,436
07-02-2021,MZ,Mozambique,AFRO,928,44112,15,451
08-02-2021,MZ,Mozambique,AFRO,488,44600,9,460
09-02-2021,MZ,Mozambique,AFRO,312,44912,5,465
10-02-2021,MZ,Mozambique,AFRO,873,45785,15,480
11-02-2021,MZ,Mozambique,AFRO,951,46736,6,486
12-02-2021,MZ,Mozambique,AFRO,1054,47790,15,501
13-02-2021,MZ,Mozambique,AFRO,0,47790,0,501
14-02-2021,MZ,Mozambique,AFRO,798,48588,13,514
15-02-2021,MZ,Mozambique,AFRO,1677,50265,21,535
16-02-2021,MZ,Mozambique,AFRO,426,50691,12,547
17-02-2021,MZ,Mozambique,AFRO,1109,51800,4,551
18-02-2021,MZ,Mozambique,AFRO,829,52629,10,561
19-02-2021,MZ,Mozambique,AFRO,898,53527,10,571
20-02-2021,MZ,Mozambique,AFRO,677,54204,12,583
21-02-2021,MZ,Mozambique,AFRO,764,54968,4,587
22-02-2021,MZ,Mozambique,AFRO,675,55643,8,595
23-02-2021,MZ,Mozambique,AFRO,517,56160,4,599
24-02-2021,MZ,Mozambique,AFRO,435,56595,7,606
25-02-2021,MZ,Mozambique,AFRO,325,56920,2,608
26-02-2021,MZ,Mozambique,AFRO,677,57597,5,613
27-02-2021,MZ,Mozambique,AFRO,621,58218,7,620
28-02-2021,MZ,Mozambique,AFRO,554,58772,10,630
01-03-2021,MZ,Mozambique,AFRO,578,59350,11,641
02-03-2021,MZ,Mozambique,AFRO,257,59607,12,653
03-03-2021,MZ,Mozambique,AFRO,307,59914,12,665
04-03-2021,MZ,Mozambique,AFRO,481,60395,3,668
05-03-2021,MZ,Mozambique,AFRO,775,61170,6,674
06-03-2021,MZ,Mozambique,AFRO,359,61529,6,680
07-03-2021,MZ,Mozambique,AFRO,602,62131,6,686
08-03-2021,MZ,Mozambique,AFRO,389,62520,7,693
09-03-2021,MZ,Mozambique,AFRO,183,62703,5,698
10-03-2021,MZ,Mozambique,AFRO,179,62882,2,700
11-03-2021,MZ,Mozambique,AFRO,292,63174,7,707
12-03-2021,MZ,Mozambique,AFRO,471,63645,4,711
13-03-2021,MZ,Mozambique,AFRO,359,64004,8,719
14-03-2021,MZ,Mozambique,AFRO,292,64296,3,722
15-03-2021,MZ,Mozambique,AFRO,220,64516,3,725
16-03-2021,MZ,Mozambique,AFRO,0,64516,0,725
17-03-2021,MZ,Mozambique,AFRO,413,64929,7,732
18-03-2021,MZ,Mozambique,AFRO,268,65197,1,733
19-03-2021,MZ,Mozambique,AFRO,255,65452,4,737
20-03-2021,MZ,Mozambique,AFRO,347,65799,3,740
21-03-2021,MZ,Mozambique,AFRO,0,65799,0,740
22-03-2021,MZ,Mozambique,AFRO,413,66212,6,746
23-03-2021,MZ,Mozambique,AFRO,94,66306,1,747
24-03-2021,MZ,Mozambique,AFRO,190,66496,3,750
25-03-2021,MZ,Mozambique,AFRO,153,66649,2,752
26-03-2021,MZ,Mozambique,AFRO,113,66762,1,753
27-03-2021,MZ,Mozambique,AFRO,117,66879,5,758
28-03-2021,MZ,Mozambique,AFRO,132,67011,4,762
29-03-2021,MZ,Mozambique,AFRO,186,67197,2,764
30-03-2021,MZ,Mozambique,AFRO,95,67292,5,769
31-03-2021,MZ,Mozambique,AFRO,174,67466,3,772
01-04-2021,MZ,Mozambique,AFRO,113,67579,3,775
02-04-2021,MZ,Mozambique,AFRO,150,67729,0,775
03-04-2021,MZ,Mozambique,AFRO,194,67923,3,778
04-04-2021,MZ,Mozambique,AFRO,82,68005,4,782
05-04-2021,MZ,Mozambique,AFRO,114,68119,0,782
06-04-2021,MZ,Mozambique,AFRO,108,68227,0,782
07-04-2021,MZ,Mozambique,AFRO,0,68227,0,782
08-04-2021,MZ,Mozambique,AFRO,204,68431,3,785
09-04-2021,MZ,Mozambique,AFRO,35,68466,3,788
10-04-2021,MZ,Mozambique,AFRO,0,68466,0,788
11-04-2021,MZ,Mozambique,AFRO,112,68578,1,789
12-04-2021,MZ,Mozambique,AFRO,180,68758,2,791
13-04-2021,MZ,Mozambique,AFRO,34,68792,0,791
14-04-2021,MZ,Mozambique,AFRO,78,68870,3,794
15-04-2021,MZ,Mozambique,AFRO,57,68927,0,794
16-04-2021,MZ,Mozambique,AFRO,75,69002,0,794
17-04-2021,MZ,Mozambique,AFRO,65,69067,3,797
18-04-2021,MZ,Mozambique,AFRO,67,69134,1,798
19-04-2021,MZ,Mozambique,AFRO,69,69203,0,798
20-04-2021,MZ,Mozambique,AFRO,25,69228,2,800
21-04-2021,MZ,Mozambique,AFRO,81,69309,2,802
22-04-2021,MZ,Mozambique,AFRO,128,69437,3,805
23-04-2021,MZ,Mozambique,AFRO,86,69523,0,805
24-04-2021,MZ,Mozambique,AFRO,74,69597,1,806
25-04-2021,MZ,Mozambique,AFRO,46,69643,1,807
26-04-2021,MZ,Mozambique,AFRO,22,69665,0,807
27-04-2021,MZ,Mozambique,AFRO,50,69715,2,809
28-04-2021,MZ,Mozambique,AFRO,47,69762,5,814
29-04-2021,MZ,Mozambique,AFRO,42,69804,0,814
30-04-2021,MZ,Mozambique,AFRO,60,69864,0,814
01-05-2021,MZ,Mozambique,AFRO,53,69917,0,814
02-05-2021,MZ,Mozambique,AFRO,48,69965,0,814
03-05-2021,MZ,Mozambique,AFRO,19,69984,1,815
04-05-2021,MZ,Mozambique,AFRO,16,70000,0,815
05-05-2021,MZ,Mozambique,AFRO,31,70031,2,817
06-05-2021,MZ,Mozambique,AFRO,21,70052,1,818
07-05-2021,MZ,Mozambique,AFRO,56,70108,1,819
08-05-2021,MZ,Mozambique,AFRO,30,70138,1,820
09-05-2021,MZ,Mozambique,AFRO,28,70166,1,821
10-05-2021,MZ,Mozambique,AFRO,46,70212,2,823
11-05-2021,MZ,Mozambique,AFRO,26,70238,2,825
12-05-2021,MZ,Mozambique,AFRO,29,70267,1,826
13-05-2021,MZ,Mozambique,AFRO,20,70287,0,826
14-05-2021,MZ,Mozambique,AFRO,28,70315,0,826
15-05-2021,MZ,Mozambique,AFRO,46,70361,0,826
16-05-2021,MZ,Mozambique,AFRO,49,70410,0,826
17-05-2021,MZ,Mozambique,AFRO,32,70442,0,826
18-05-2021,MZ,Mozambique,AFRO,21,70463,2,828
19-05-2021,MZ,Mozambique,AFRO,22,70485,0,828
20-05-2021,MZ,Mozambique,AFRO,24,70509,0,828
21-05-2021,MZ,Mozambique,AFRO,18,70527,0,828
22-05-2021,MZ,Mozambique,AFRO,24,70551,3,831
23-05-2021,MZ,Mozambique,AFRO,17,70568,0,831
24-05-2021,MZ,Mozambique,AFRO,22,70590,0,831
25-05-2021,MZ,Mozambique,AFRO,16,70606,0,831
26-05-2021,MZ,Mozambique,AFRO,30,70636,2,833
27-05-2021,MZ,Mozambique,AFRO,15,70651,1,834
28-05-2021,MZ,Mozambique,AFRO,22,70673,0,834
29-05-2021,MZ,Mozambique,AFRO,24,70697,1,835
30-05-2021,MZ,Mozambique,AFRO,27,70724,1,836
01-01-2021,MM,Myanmar,SEARO,890,124630,18,2682
02-01-2021,MM,Myanmar,SEARO,423,125053,15,2697
03-01-2021,MM,Myanmar,SEARO,563,125616,14,2711
04-01-2021,MM,Myanmar,SEARO,729,126345,17,2728
05-01-2021,MM,Myanmar,SEARO,590,126935,16,2744
06-01-2021,MM,Myanmar,SEARO,647,127582,22,2766
07-01-2021,MM,Myanmar,SEARO,596,128178,19,2785
08-01-2021,MM,Myanmar,SEARO,594,128772,14,2799
09-01-2021,MM,Myanmar,SEARO,711,129483,13,2812
10-01-2021,MM,Myanmar,SEARO,566,130049,14,2826
11-01-2021,MM,Myanmar,SEARO,555,130604,20,2846
12-01-2021,MM,Myanmar,SEARO,582,131186,12,2858
13-01-2021,MM,Myanmar,SEARO,551,131737,20,2878
14-01-2021,MM,Myanmar,SEARO,523,132260,24,2902
15-01-2021,MM,Myanmar,SEARO,605,132865,10,2912
16-01-2021,MM,Myanmar,SEARO,513,133378,14,2926
17-01-2021,MM,Myanmar,SEARO,491,133869,16,2942
18-01-2021,MM,Myanmar,SEARO,449,134318,13,2955
19-01-2021,MM,Myanmar,SEARO,477,134795,18,2973
20-01-2021,MM,Myanmar,SEARO,448,135243,13,2986
21-01-2021,MM,Myanmar,SEARO,478,135721,11,2997
22-01-2021,MM,Myanmar,SEARO,445,136166,16,3013
23-01-2021,MM,Myanmar,SEARO,425,136591,18,3031
24-01-2021,MM,Myanmar,SEARO,507,137098,14,3045
25-01-2021,MM,Myanmar,SEARO,476,137574,17,3062
26-01-2021,MM,Myanmar,SEARO,383,137957,7,3069
27-01-2021,MM,Myanmar,SEARO,411,138368,13,3082
28-01-2021,MM,Myanmar,SEARO,434,138802,7,3089
29-01-2021,MM,Myanmar,SEARO,350,139152,14,3103
30-01-2021,MM,Myanmar,SEARO,363,139515,12,3115
31-01-2021,MM,Myanmar,SEARO,349,139864,10,3125
01-02-2021,MM,Myanmar,SEARO,281,140145,6,3131
02-02-2021,MM,Myanmar,SEARO,209,140354,7,3138
03-02-2021,MM,Myanmar,SEARO,310,140664,8,3146
04-02-2021,MM,Myanmar,SEARO,263,140927,14,3160
05-02-2021,MM,Myanmar,SEARO,177,141104,3,3163
06-02-2021,MM,Myanmar,SEARO,200,141304,5,3168
07-02-2021,MM,Myanmar,SEARO,0,141304,0,3168
08-02-2021,MM,Myanmar,SEARO,0,141304,7,3175
09-02-2021,MM,Myanmar,SEARO,123,141427,2,3177
10-02-2021,MM,Myanmar,SEARO,21,141448,3,3180
11-02-2021,MM,Myanmar,SEARO,39,141487,1,3181
12-02-2021,MM,Myanmar,SEARO,35,141522,3,3184
13-02-2021,MM,Myanmar,SEARO,21,141543,4,3188
14-02-2021,MM,Myanmar,SEARO,42,141585,0,3188
15-02-2021,MM,Myanmar,SEARO,16,141601,1,3189
16-02-2021,MM,Myanmar,SEARO,36,141637,1,3190
17-02-2021,MM,Myanmar,SEARO,22,141659,2,3192
18-02-2021,MM,Myanmar,SEARO,31,141690,0,3192
19-02-2021,MM,Myanmar,SEARO,19,141709,0,3192
20-02-2021,MM,Myanmar,SEARO,0,141709,0,3192
21-02-2021,MM,Myanmar,SEARO,26,141735,4,3196
22-02-2021,MM,Myanmar,SEARO,15,141750,0,3196
23-02-2021,MM,Myanmar,SEARO,11,141761,1,3197
24-02-2021,MM,Myanmar,SEARO,22,141783,0,3197
25-02-2021,MM,Myanmar,SEARO,33,141816,0,3197
26-02-2021,MM,Myanmar,SEARO,25,141841,1,3198
27-02-2021,MM,Myanmar,SEARO,34,141875,0,3198
28-02-2021,MM,Myanmar,SEARO,15,141890,1,3199
01-03-2021,MM,Myanmar,SEARO,6,141896,0,3199
02-03-2021,MM,Myanmar,SEARO,20,141916,0,3199
03-03-2021,MM,Myanmar,SEARO,49,141965,0,3199
04-03-2021,MM,Myanmar,SEARO,19,141984,0,3199
05-03-2021,MM,Myanmar,SEARO,16,142000,1,3200
06-03-2021,MM,Myanmar,SEARO,0,142000,0,3200
07-03-2021,MM,Myanmar,SEARO,23,142023,0,3200
08-03-2021,MM,Myanmar,SEARO,11,142034,0,3200
09-03-2021,MM,Myanmar,SEARO,11,142045,0,3200
10-03-2021,MM,Myanmar,SEARO,14,142059,0,3200
11-03-2021,MM,Myanmar,SEARO,14,142073,0,3200
12-03-2021,MM,Myanmar,SEARO,41,142114,1,3201
13-03-2021,MM,Myanmar,SEARO,8,142122,0,3201
14-03-2021,MM,Myanmar,SEARO,14,142136,0,3201
15-03-2021,MM,Myanmar,SEARO,11,142147,1,3202
16-03-2021,MM,Myanmar,SEARO,0,142147,0,3202
17-03-2021,MM,Myanmar,SEARO,15,142162,1,3203
18-03-2021,MM,Myanmar,SEARO,28,142190,0,3203
19-03-2021,MM,Myanmar,SEARO,22,142212,1,3204
20-03-2021,MM,Myanmar,SEARO,0,142212,0,3204
21-03-2021,MM,Myanmar,SEARO,0,142212,0,3204
22-03-2021,MM,Myanmar,SEARO,0,142212,0,3204
23-03-2021,MM,Myanmar,SEARO,34,142246,0,3204
24-03-2021,MM,Myanmar,SEARO,46,142292,0,3204
25-03-2021,MM,Myanmar,SEARO,23,142315,0,3204
26-03-2021,MM,Myanmar,SEARO,25,142340,1,3205
27-03-2021,MM,Myanmar,SEARO,19,142359,1,3206
28-03-2021,MM,Myanmar,SEARO,18,142377,0,3206
29-03-2021,MM,Myanmar,SEARO,8,142385,0,3206
30-03-2021,MM,Myanmar,SEARO,8,142393,0,3206
31-03-2021,MM,Myanmar,SEARO,19,142412,0,3206
01-04-2021,MM,Myanmar,SEARO,22,142434,0,3206
02-04-2021,MM,Myanmar,SEARO,32,142466,0,3206
03-04-2021,MM,Myanmar,SEARO,13,142479,0,3206
04-04-2021,MM,Myanmar,SEARO,0,142479,0,3206
05-04-2021,MM,Myanmar,SEARO,32,142511,0,3206
06-04-2021,MM,Myanmar,SEARO,0,142511,0,3206
07-04-2021,MM,Myanmar,SEARO,30,142541,0,3206
08-04-2021,MM,Myanmar,SEARO,8,142549,0,3206
09-04-2021,MM,Myanmar,SEARO,9,142558,0,3206
10-04-2021,MM,Myanmar,SEARO,0,142558,0,3206
11-04-2021,MM,Myanmar,SEARO,18,142576,0,3206
12-04-2021,MM,Myanmar,SEARO,11,142587,0,3206
13-04-2021,MM,Myanmar,SEARO,9,142596,0,3206
14-04-2021,MM,Myanmar,SEARO,9,142605,0,3206
15-04-2021,MM,Myanmar,SEARO,5,142610,0,3206
16-04-2021,MM,Myanmar,SEARO,7,142617,0,3206
17-04-2021,MM,Myanmar,SEARO,2,142619,0,3206
18-04-2021,MM,Myanmar,SEARO,9,142628,0,3206
19-04-2021,MM,Myanmar,SEARO,0,142628,0,3206
20-04-2021,MM,Myanmar,SEARO,16,142644,0,3206
21-04-2021,MM,Myanmar,SEARO,0,142644,0,3206
22-04-2021,MM,Myanmar,SEARO,17,142661,0,3206
23-04-2021,MM,Myanmar,SEARO,13,142674,0,3206
24-04-2021,MM,Myanmar,SEARO,13,142687,0,3206
25-04-2021,MM,Myanmar,SEARO,17,142704,0,3206
26-04-2021,MM,Myanmar,SEARO,18,142722,1,3207
27-04-2021,MM,Myanmar,SEARO,18,142740,0,3207
28-04-2021,MM,Myanmar,SEARO,38,142778,1,3208
29-04-2021,MM,Myanmar,SEARO,12,142790,1,3209
30-04-2021,MM,Myanmar,SEARO,10,142800,0,3209
01-05-2021,MM,Myanmar,SEARO,17,142817,0,3209
02-05-2021,MM,Myanmar,SEARO,14,142831,0,3209
03-05-2021,MM,Myanmar,SEARO,7,142838,0,3209
04-05-2021,MM,Myanmar,SEARO,4,142842,0,3209
05-05-2021,MM,Myanmar,SEARO,16,142858,0,3209
06-05-2021,MM,Myanmar,SEARO,0,142858,0,3209
07-05-2021,MM,Myanmar,SEARO,45,142903,1,3210
08-05-2021,MM,Myanmar,SEARO,31,142934,0,3210
09-05-2021,MM,Myanmar,SEARO,13,142947,0,3210
10-05-2021,MM,Myanmar,SEARO,7,142954,0,3210
11-05-2021,MM,Myanmar,SEARO,9,142963,0,3210
12-05-2021,MM,Myanmar,SEARO,11,142974,0,3210
13-05-2021,MM,Myanmar,SEARO,23,142997,1,3211
14-05-2021,MM,Myanmar,SEARO,7,143004,1,3212
15-05-2021,MM,Myanmar,SEARO,31,143035,0,3212
16-05-2021,MM,Myanmar,SEARO,24,143059,0,3212
17-05-2021,MM,Myanmar,SEARO,6,143065,0,3212
18-05-2021,MM,Myanmar,SEARO,32,143097,1,3213
19-05-2021,MM,Myanmar,SEARO,34,143131,0,3213
20-05-2021,MM,Myanmar,SEARO,28,143159,3,3216
21-05-2021,MM,Myanmar,SEARO,24,143183,0,3216
22-05-2021,MM,Myanmar,SEARO,28,143211,0,3216
23-05-2021,MM,Myanmar,SEARO,17,143228,0,3216
24-05-2021,MM,Myanmar,SEARO,6,143234,0,3216
25-05-2021,MM,Myanmar,SEARO,28,143262,0,3216
26-05-2021,MM,Myanmar,SEARO,34,143296,0,3216
27-05-2021,MM,Myanmar,SEARO,22,143318,0,3216
28-05-2021,MM,Myanmar,SEARO,96,143414,0,3216
29-05-2021,MM,Myanmar,SEARO,72,143486,0,3216
30-05-2021,MM,Myanmar,SEARO,40,143526,0,3216
01-01-2021,NA,Namibia,AFRO,608,23941,9,205
02-01-2021,NA,Namibia,AFRO,0,23941,0,205
03-01-2021,NA,Namibia,AFRO,713,24654,8,213
04-01-2021,NA,Namibia,AFRO,462,25116,2,215
05-01-2021,NA,Namibia,AFRO,270,25386,3,218
06-01-2021,NA,Namibia,AFRO,501,25887,4,222
07-01-2021,NA,Namibia,AFRO,423,26310,13,235
08-01-2021,NA,Namibia,AFRO,372,26682,5,240
09-01-2021,NA,Namibia,AFRO,573,27255,0,240
10-01-2021,NA,Namibia,AFRO,468,27723,11,251
11-01-2021,NA,Namibia,AFRO,536,28259,3,254
12-01-2021,NA,Namibia,AFRO,343,28602,7,261
13-01-2021,NA,Namibia,AFRO,269,28871,3,264
14-01-2021,NA,Namibia,AFRO,312,29183,7,271
15-01-2021,NA,Namibia,AFRO,387,29570,4,275
16-01-2021,NA,Namibia,AFRO,0,29570,0,275
17-01-2021,NA,Namibia,AFRO,628,30198,5,280
18-01-2021,NA,Namibia,AFRO,165,30363,5,285
19-01-2021,NA,Namibia,AFRO,390,30753,8,293
20-01-2021,NA,Namibia,AFRO,242,30995,3,296
21-01-2021,NA,Namibia,AFRO,258,31253,5,301
22-01-2021,NA,Namibia,AFRO,262,31515,9,310
23-01-2021,NA,Namibia,AFRO,333,31848,1,311
24-01-2021,NA,Namibia,AFRO,365,32213,6,317
25-01-2021,NA,Namibia,AFRO,212,32425,2,319
26-01-2021,NA,Namibia,AFRO,225,32650,0,319
27-01-2021,NA,Namibia,AFRO,307,32957,9,328
28-01-2021,NA,Namibia,AFRO,298,33255,4,332
29-01-2021,NA,Namibia,AFRO,194,33449,0,332
30-01-2021,NA,Namibia,AFRO,243,33692,10,342
31-01-2021,NA,Namibia,AFRO,136,33828,8,350
01-02-2021,NA,Namibia,AFRO,112,33940,2,352
02-02-2021,NA,Namibia,AFRO,228,34168,1,353
03-02-2021,NA,Namibia,AFRO,102,34270,2,355
04-02-2021,NA,Namibia,AFRO,102,34372,4,359
05-02-2021,NA,Namibia,AFRO,147,34519,5,364
06-02-2021,NA,Namibia,AFRO,96,34615,6,370
07-02-2021,NA,Namibia,AFRO,230,34845,1,371
08-02-2021,NA,Namibia,AFRO,129,34974,4,375
09-02-2021,NA,Namibia,AFRO,96,35070,0,375
10-02-2021,NA,Namibia,AFRO,131,35201,2,377
11-02-2021,NA,Namibia,AFRO,41,35242,1,378
12-02-2021,NA,Namibia,AFRO,111,35353,4,382
13-02-2021,NA,Namibia,AFRO,201,35554,2,384
14-02-2021,NA,Namibia,AFRO,243,35797,2,386
15-02-2021,NA,Namibia,AFRO,173,35970,2,388
16-02-2021,NA,Namibia,AFRO,272,36242,1,389
17-02-2021,NA,Namibia,AFRO,124,36366,3,392
18-02-2021,NA,Namibia,AFRO,135,36501,2,394
19-02-2021,NA,Namibia,AFRO,179,36680,0,394
20-02-2021,NA,Namibia,AFRO,313,36993,0,394
21-02-2021,NA,Namibia,AFRO,302,37295,8,402
22-02-2021,NA,Namibia,AFRO,188,37483,0,402
23-02-2021,NA,Namibia,AFRO,259,37742,4,406
24-02-2021,NA,Namibia,AFRO,154,37896,5,411
25-02-2021,NA,Namibia,AFRO,80,37976,2,413
26-02-2021,NA,Namibia,AFRO,230,38206,3,416
27-02-2021,NA,Namibia,AFRO,218,38424,2,418
28-02-2021,NA,Namibia,AFRO,220,38644,0,418
01-03-2021,NA,Namibia,AFRO,203,38847,6,424
02-03-2021,NA,Namibia,AFRO,186,39033,4,428
03-03-2021,NA,Namibia,AFRO,149,39182,2,430
04-03-2021,NA,Namibia,AFRO,115,39297,4,434
05-03-2021,NA,Namibia,AFRO,169,39466,2,436
06-03-2021,NA,Namibia,AFRO,0,39466,0,436
07-03-2021,NA,Namibia,AFRO,411,39877,1,437
08-03-2021,NA,Namibia,AFRO,153,40030,1,438
09-03-2021,NA,Namibia,AFRO,157,40187,1,439
10-03-2021,NA,Namibia,AFRO,150,40337,5,444
11-03-2021,NA,Namibia,AFRO,114,40451,4,448
12-03-2021,NA,Namibia,AFRO,180,40631,2,450
13-03-2021,NA,Namibia,AFRO,179,40810,6,456
14-03-2021,NA,Namibia,AFRO,215,41025,2,458
15-03-2021,NA,Namibia,AFRO,175,41200,0,458
16-03-2021,NA,Namibia,AFRO,224,41424,7,465
17-03-2021,NA,Namibia,AFRO,42,41466,9,474
18-03-2021,NA,Namibia,AFRO,80,41546,3,477
19-03-2021,NA,Namibia,AFRO,138,41684,6,483
20-03-2021,NA,Namibia,AFRO,0,41684,0,483
21-03-2021,NA,Namibia,AFRO,519,42203,9,492
22-03-2021,NA,Namibia,AFRO,274,42477,0,492
23-03-2021,NA,Namibia,AFRO,176,42653,2,494
24-03-2021,NA,Namibia,AFRO,118,42771,4,498
25-03-2021,NA,Namibia,AFRO,93,42864,4,502
26-03-2021,NA,Namibia,AFRO,146,43010,0,502
27-03-2021,NA,Namibia,AFRO,169,43179,2,504
28-03-2021,NA,Namibia,AFRO,320,43499,4,508
29-03-2021,NA,Namibia,AFRO,133,43632,1,509
30-03-2021,NA,Namibia,AFRO,291,43923,4,513
31-03-2021,NA,Namibia,AFRO,128,44051,7,520
01-04-2021,NA,Namibia,AFRO,88,44139,3,523
02-04-2021,NA,Namibia,AFRO,235,44374,5,528
03-04-2021,NA,Namibia,AFRO,207,44581,3,531
04-04-2021,NA,Namibia,AFRO,0,44581,0,531
05-04-2021,NA,Namibia,AFRO,209,44790,6,537
06-04-2021,NA,Namibia,AFRO,96,44886,1,538
07-04-2021,NA,Namibia,AFRO,122,45008,4,542
08-04-2021,NA,Namibia,AFRO,31,45039,6,548
09-04-2021,NA,Namibia,AFRO,15,45054,9,557
10-04-2021,NA,Namibia,AFRO,139,45193,2,559
11-04-2021,NA,Namibia,AFRO,130,45323,5,564
12-04-2021,NA,Namibia,AFRO,204,45527,6,570
13-04-2021,NA,Namibia,AFRO,260,45787,5,575
14-04-2021,NA,Namibia,AFRO,162,45949,11,586
15-04-2021,NA,Namibia,AFRO,102,46051,6,592
16-04-2021,NA,Namibia,AFRO,134,46185,4,596
17-04-2021,NA,Namibia,AFRO,145,46330,3,599
18-04-2021,NA,Namibia,AFRO,185,46515,3,602
19-04-2021,NA,Namibia,AFRO,140,46655,2,604
20-04-2021,NA,Namibia,AFRO,118,46773,0,604
21-04-2021,NA,Namibia,AFRO,102,46875,4,608
22-04-2021,NA,Namibia,AFRO,79,46954,1,609
23-04-2021,NA,Namibia,AFRO,218,47172,7,616
24-04-2021,NA,Namibia,AFRO,211,47383,6,622
25-04-2021,NA,Namibia,AFRO,288,47671,2,624
26-04-2021,NA,Namibia,AFRO,105,47776,1,625
27-04-2021,NA,Namibia,AFRO,165,47941,3,628
28-04-2021,NA,Namibia,AFRO,70,48011,6,634
29-04-2021,NA,Namibia,AFRO,166,48177,4,638
30-04-2021,NA,Namibia,AFRO,0,48177,0,638
01-05-2021,NA,Namibia,AFRO,477,48654,5,643
02-05-2021,NA,Namibia,AFRO,0,48654,0,643
03-05-2021,NA,Namibia,AFRO,248,48902,6,649
04-05-2021,NA,Namibia,AFRO,249,49151,10,659
05-05-2021,NA,Namibia,AFRO,52,49203,4,663
06-05-2021,NA,Namibia,AFRO,120,49323,4,667
07-05-2021,NA,Namibia,AFRO,137,49460,7,674
08-05-2021,NA,Namibia,AFRO,92,49552,8,682
09-05-2021,NA,Namibia,AFRO,341,49893,1,683
10-05-2021,NA,Namibia,AFRO,177,50070,6,689
11-05-2021,NA,Namibia,AFRO,139,50209,2,691
12-05-2021,NA,Namibia,AFRO,92,50301,5,696
13-05-2021,NA,Namibia,AFRO,214,50515,6,702
14-05-2021,NA,Namibia,AFRO,218,50733,2,704
15-05-2021,NA,Namibia,AFRO,0,50733,0,704
16-05-2021,NA,Namibia,AFRO,380,51113,6,710
17-05-2021,NA,Namibia,AFRO,105,51218,8,718
18-05-2021,NA,Namibia,AFRO,172,51390,5,723
19-05-2021,NA,Namibia,AFRO,246,51636,10,733
20-05-2021,NA,Namibia,AFRO,191,51827,6,739
21-05-2021,NA,Namibia,AFRO,295,52122,10,749
22-05-2021,NA,Namibia,AFRO,311,52433,10,759
23-05-2021,NA,Namibia,AFRO,279,52712,4,763
24-05-2021,NA,Namibia,AFRO,234,52946,2,765
25-05-2021,NA,Namibia,AFRO,261,53207,9,774
26-05-2021,NA,Namibia,AFRO,225,53432,5,779
27-05-2021,NA,Namibia,AFRO,171,53603,10,789
28-05-2021,NA,Namibia,AFRO,300,53903,6,795
29-05-2021,NA,Namibia,AFRO,365,54268,12,807
30-05-2021,NA,Namibia,AFRO,391,54659,11,818
01-01-2021,NR,Nauru,WPRO,0,0,0,0
02-01-2021,NR,Nauru,WPRO,0,0,0,0
03-01-2021,NR,Nauru,WPRO,0,0,0,0
04-01-2021,NR,Nauru,WPRO,0,0,0,0
05-01-2021,NR,Nauru,WPRO,0,0,0,0
06-01-2021,NR,Nauru,WPRO,0,0,0,0
07-01-2021,NR,Nauru,WPRO,0,0,0,0
08-01-2021,NR,Nauru,WPRO,0,0,0,0
09-01-2021,NR,Nauru,WPRO,0,0,0,0
10-01-2021,NR,Nauru,WPRO,0,0,0,0
11-01-2021,NR,Nauru,WPRO,0,0,0,0
12-01-2021,NR,Nauru,WPRO,0,0,0,0
13-01-2021,NR,Nauru,WPRO,0,0,0,0
14-01-2021,NR,Nauru,WPRO,0,0,0,0
15-01-2021,NR,Nauru,WPRO,0,0,0,0
16-01-2021,NR,Nauru,WPRO,0,0,0,0
17-01-2021,NR,Nauru,WPRO,0,0,0,0
18-01-2021,NR,Nauru,WPRO,0,0,0,0
19-01-2021,NR,Nauru,WPRO,0,0,0,0
20-01-2021,NR,Nauru,WPRO,0,0,0,0
21-01-2021,NR,Nauru,WPRO,0,0,0,0
22-01-2021,NR,Nauru,WPRO,0,0,0,0
23-01-2021,NR,Nauru,WPRO,0,0,0,0
24-01-2021,NR,Nauru,WPRO,0,0,0,0
25-01-2021,NR,Nauru,WPRO,0,0,0,0
26-01-2021,NR,Nauru,WPRO,0,0,0,0
27-01-2021,NR,Nauru,WPRO,0,0,0,0
28-01-2021,NR,Nauru,WPRO,0,0,0,0
29-01-2021,NR,Nauru,WPRO,0,0,0,0
30-01-2021,NR,Nauru,WPRO,0,0,0,0
31-01-2021,NR,Nauru,WPRO,0,0,0,0
01-02-2021,NR,Nauru,WPRO,0,0,0,0
02-02-2021,NR,Nauru,WPRO,0,0,0,0
03-02-2021,NR,Nauru,WPRO,0,0,0,0
04-02-2021,NR,Nauru,WPRO,0,0,0,0
05-02-2021,NR,Nauru,WPRO,0,0,0,0
06-02-2021,NR,Nauru,WPRO,0,0,0,0
07-02-2021,NR,Nauru,WPRO,0,0,0,0
08-02-2021,NR,Nauru,WPRO,0,0,0,0
09-02-2021,NR,Nauru,WPRO,0,0,0,0
10-02-2021,NR,Nauru,WPRO,0,0,0,0
11-02-2021,NR,Nauru,WPRO,0,0,0,0
12-02-2021,NR,Nauru,WPRO,0,0,0,0
13-02-2021,NR,Nauru,WPRO,0,0,0,0
14-02-2021,NR,Nauru,WPRO,0,0,0,0
15-02-2021,NR,Nauru,WPRO,0,0,0,0
16-02-2021,NR,Nauru,WPRO,0,0,0,0
17-02-2021,NR,Nauru,WPRO,0,0,0,0
18-02-2021,NR,Nauru,WPRO,0,0,0,0
19-02-2021,NR,Nauru,WPRO,0,0,0,0
20-02-2021,NR,Nauru,WPRO,0,0,0,0
21-02-2021,NR,Nauru,WPRO,0,0,0,0
22-02-2021,NR,Nauru,WPRO,0,0,0,0
23-02-2021,NR,Nauru,WPRO,0,0,0,0
24-02-2021,NR,Nauru,WPRO,0,0,0,0
25-02-2021,NR,Nauru,WPRO,0,0,0,0
26-02-2021,NR,Nauru,WPRO,0,0,0,0
27-02-2021,NR,Nauru,WPRO,0,0,0,0
28-02-2021,NR,Nauru,WPRO,0,0,0,0
01-03-2021,NR,Nauru,WPRO,0,0,0,0
02-03-2021,NR,Nauru,WPRO,0,0,0,0
03-03-2021,NR,Nauru,WPRO,0,0,0,0
04-03-2021,NR,Nauru,WPRO,0,0,0,0
05-03-2021,NR,Nauru,WPRO,0,0,0,0
06-03-2021,NR,Nauru,WPRO,0,0,0,0
07-03-2021,NR,Nauru,WPRO,0,0,0,0
08-03-2021,NR,Nauru,WPRO,0,0,0,0
09-03-2021,NR,Nauru,WPRO,0,0,0,0
10-03-2021,NR,Nauru,WPRO,0,0,0,0
11-03-2021,NR,Nauru,WPRO,0,0,0,0
12-03-2021,NR,Nauru,WPRO,0,0,0,0
13-03-2021,NR,Nauru,WPRO,0,0,0,0
14-03-2021,NR,Nauru,WPRO,0,0,0,0
15-03-2021,NR,Nauru,WPRO,0,0,0,0
16-03-2021,NR,Nauru,WPRO,0,0,0,0
17-03-2021,NR,Nauru,WPRO,0,0,0,0
18-03-2021,NR,Nauru,WPRO,0,0,0,0
19-03-2021,NR,Nauru,WPRO,0,0,0,0
20-03-2021,NR,Nauru,WPRO,0,0,0,0
21-03-2021,NR,Nauru,WPRO,0,0,0,0
22-03-2021,NR,Nauru,WPRO,0,0,0,0
23-03-2021,NR,Nauru,WPRO,0,0,0,0
24-03-2021,NR,Nauru,WPRO,0,0,0,0
25-03-2021,NR,Nauru,WPRO,0,0,0,0
26-03-2021,NR,Nauru,WPRO,0,0,0,0
27-03-2021,NR,Nauru,WPRO,0,0,0,0
28-03-2021,NR,Nauru,WPRO,0,0,0,0
29-03-2021,NR,Nauru,WPRO,0,0,0,0
30-03-2021,NR,Nauru,WPRO,0,0,0,0
31-03-2021,NR,Nauru,WPRO,0,0,0,0
01-04-2021,NR,Nauru,WPRO,0,0,0,0
02-04-2021,NR,Nauru,WPRO,0,0,0,0
03-04-2021,NR,Nauru,WPRO,0,0,0,0
04-04-2021,NR,Nauru,WPRO,0,0,0,0
05-04-2021,NR,Nauru,WPRO,0,0,0,0
06-04-2021,NR,Nauru,WPRO,0,0,0,0
07-04-2021,NR,Nauru,WPRO,0,0,0,0
08-04-2021,NR,Nauru,WPRO,0,0,0,0
09-04-2021,NR,Nauru,WPRO,0,0,0,0
10-04-2021,NR,Nauru,WPRO,0,0,0,0
11-04-2021,NR,Nauru,WPRO,0,0,0,0
12-04-2021,NR,Nauru,WPRO,0,0,0,0
13-04-2021,NR,Nauru,WPRO,0,0,0,0
14-04-2021,NR,Nauru,WPRO,0,0,0,0
15-04-2021,NR,Nauru,WPRO,0,0,0,0
16-04-2021,NR,Nauru,WPRO,0,0,0,0
17-04-2021,NR,Nauru,WPRO,0,0,0,0
18-04-2021,NR,Nauru,WPRO,0,0,0,0
19-04-2021,NR,Nauru,WPRO,0,0,0,0
20-04-2021,NR,Nauru,WPRO,0,0,0,0
21-04-2021,NR,Nauru,WPRO,0,0,0,0
22-04-2021,NR,Nauru,WPRO,0,0,0,0
23-04-2021,NR,Nauru,WPRO,0,0,0,0
24-04-2021,NR,Nauru,WPRO,0,0,0,0
25-04-2021,NR,Nauru,WPRO,0,0,0,0
26-04-2021,NR,Nauru,WPRO,0,0,0,0
27-04-2021,NR,Nauru,WPRO,0,0,0,0
28-04-2021,NR,Nauru,WPRO,0,0,0,0
29-04-2021,NR,Nauru,WPRO,0,0,0,0
30-04-2021,NR,Nauru,WPRO,0,0,0,0
01-05-2021,NR,Nauru,WPRO,0,0,0,0
02-05-2021,NR,Nauru,WPRO,0,0,0,0
03-05-2021,NR,Nauru,WPRO,0,0,0,0
04-05-2021,NR,Nauru,WPRO,0,0,0,0
05-05-2021,NR,Nauru,WPRO,0,0,0,0
06-05-2021,NR,Nauru,WPRO,0,0,0,0
07-05-2021,NR,Nauru,WPRO,0,0,0,0
08-05-2021,NR,Nauru,WPRO,0,0,0,0
09-05-2021,NR,Nauru,WPRO,0,0,0,0
10-05-2021,NR,Nauru,WPRO,0,0,0,0
11-05-2021,NR,Nauru,WPRO,0,0,0,0
12-05-2021,NR,Nauru,WPRO,0,0,0,0
13-05-2021,NR,Nauru,WPRO,0,0,0,0
14-05-2021,NR,Nauru,WPRO,0,0,0,0
15-05-2021,NR,Nauru,WPRO,0,0,0,0
16-05-2021,NR,Nauru,WPRO,0,0,0,0
17-05-2021,NR,Nauru,WPRO,0,0,0,0
18-05-2021,NR,Nauru,WPRO,0,0,0,0
19-05-2021,NR,Nauru,WPRO,0,0,0,0
20-05-2021,NR,Nauru,WPRO,0,0,0,0
21-05-2021,NR,Nauru,WPRO,0,0,0,0
22-05-2021,NR,Nauru,WPRO,0,0,0,0
23-05-2021,NR,Nauru,WPRO,0,0,0,0
24-05-2021,NR,Nauru,WPRO,0,0,0,0
25-05-2021,NR,Nauru,WPRO,0,0,0,0
26-05-2021,NR,Nauru,WPRO,0,0,0,0
27-05-2021,NR,Nauru,WPRO,0,0,0,0
28-05-2021,NR,Nauru,WPRO,0,0,0,0
29-05-2021,NR,Nauru,WPRO,0,0,0,0
30-05-2021,NR,Nauru,WPRO,0,0,0,0
01-01-2021,NP,Nepal,SEARO,534,260593,9,1856
02-01-2021,NP,Nepal,SEARO,426,261019,8,1864
03-01-2021,NP,Nepal,SEARO,419,261438,6,1870
04-01-2021,NP,Nepal,SEARO,421,261859,8,1878
05-01-2021,NP,Nepal,SEARO,403,262262,7,1885
06-01-2021,NP,Nepal,SEARO,522,262784,8,1893
07-01-2021,NP,Nepal,SEARO,409,263193,6,1899
08-01-2021,NP,Nepal,SEARO,412,263605,4,1903
09-01-2021,NP,Nepal,SEARO,554,264159,6,1909
10-01-2021,NP,Nepal,SEARO,362,264521,3,1912
11-01-2021,NP,Nepal,SEARO,259,264780,5,1917
12-01-2021,NP,Nepal,SEARO,488,265268,10,1927
13-01-2021,NP,Nepal,SEARO,430,265698,5,1932
14-01-2021,NP,Nepal,SEARO,445,266143,5,1937
15-01-2021,NP,Nepal,SEARO,403,266546,6,1943
16-01-2021,NP,Nepal,SEARO,270,266816,5,1948
17-01-2021,NP,Nepal,SEARO,240,267056,6,1954
18-01-2021,NP,Nepal,SEARO,266,267322,5,1959
19-01-2021,NP,Nepal,SEARO,322,267644,6,1965
20-01-2021,NP,Nepal,SEARO,348,267992,4,1969
21-01-2021,NP,Nepal,SEARO,318,268310,6,1975
22-01-2021,NP,Nepal,SEARO,336,268646,4,1979
23-01-2021,NP,Nepal,SEARO,302,268948,7,1986
24-01-2021,NP,Nepal,SEARO,232,269180,8,1994
25-01-2021,NP,Nepal,SEARO,270,269450,7,2001
26-01-2021,NP,Nepal,SEARO,339,269789,10,2011
27-01-2021,NP,Nepal,SEARO,303,270092,6,2017
28-01-2021,NP,Nepal,SEARO,283,270375,3,2020
29-01-2021,NP,Nepal,SEARO,213,270588,0,2020
30-01-2021,NP,Nepal,SEARO,157,270745,5,2025
31-01-2021,NP,Nepal,SEARO,109,270854,2,2027
01-02-2021,NP,Nepal,SEARO,105,270959,2,2029
02-02-2021,NP,Nepal,SEARO,159,271118,0,2029
03-02-2021,NP,Nepal,SEARO,171,271289,1,2030
04-02-2021,NP,Nepal,SEARO,142,271431,1,2031
05-02-2021,NP,Nepal,SEARO,171,271602,2,2033
06-02-2021,NP,Nepal,SEARO,105,271707,2,2035
07-02-2021,NP,Nepal,SEARO,99,271806,0,2035
08-02-2021,NP,Nepal,SEARO,119,271925,3,2038
09-02-2021,NP,Nepal,SEARO,130,272055,7,2045
10-02-2021,NP,Nepal,SEARO,160,272215,2,2047
11-02-2021,NP,Nepal,SEARO,134,272349,0,2047
12-02-2021,NP,Nepal,SEARO,81,272430,5,2052
13-02-2021,NP,Nepal,SEARO,127,272557,2,2054
14-02-2021,NP,Nepal,SEARO,57,272614,0,2054
15-02-2021,NP,Nepal,SEARO,226,272840,1,2055
16-02-2021,NP,Nepal,SEARO,0,272840,0,2055
17-02-2021,NP,Nepal,SEARO,105,272945,0,2055
18-02-2021,NP,Nepal,SEARO,125,273070,0,2055
19-02-2021,NP,Nepal,SEARO,96,273166,3,2058
20-02-2021,NP,Nepal,SEARO,97,273263,3,2061
21-02-2021,NP,Nepal,SEARO,88,273351,0,2061
22-02-2021,NP,Nepal,SEARO,80,273431,0,2061
23-02-2021,NP,Nepal,SEARO,125,273556,0,2061
24-02-2021,NP,Nepal,SEARO,110,273666,4,2065
25-02-2021,NP,Nepal,SEARO,94,273760,619,2684
26-02-2021,NP,Nepal,SEARO,112,273872,83,2767
27-02-2021,NP,Nepal,SEARO,112,273984,4,2771
28-02-2021,NP,Nepal,SEARO,81,274065,2,2773
01-03-2021,NP,Nepal,SEARO,78,274143,1,2774
02-03-2021,NP,Nepal,SEARO,73,274216,3,2777
03-03-2021,NP,Nepal,SEARO,78,274294,0,2777
04-03-2021,NP,Nepal,SEARO,87,274381,233,3010
05-03-2021,NP,Nepal,SEARO,107,274488,0,3010
06-03-2021,NP,Nepal,SEARO,120,274608,0,3010
07-03-2021,NP,Nepal,SEARO,47,274655,0,3010
08-03-2021,NP,Nepal,SEARO,66,274721,0,3010
09-03-2021,NP,Nepal,SEARO,89,274810,1,3011
10-03-2021,NP,Nepal,SEARO,59,274869,1,3012
11-03-2021,NP,Nepal,SEARO,104,274973,0,3012
12-03-2021,NP,Nepal,SEARO,97,275070,0,3012
13-03-2021,NP,Nepal,SEARO,48,275118,0,3012
14-03-2021,NP,Nepal,SEARO,60,275178,2,3014
15-03-2021,NP,Nepal,SEARO,53,275231,0,3014
16-03-2021,NP,Nepal,SEARO,79,275310,0,3014
17-03-2021,NP,Nepal,SEARO,114,275424,0,3014
18-03-2021,NP,Nepal,SEARO,94,275518,0,3014
19-03-2021,NP,Nepal,SEARO,107,275625,1,3015
20-03-2021,NP,Nepal,SEARO,125,275750,1,3016
21-03-2021,NP,Nepal,SEARO,79,275829,0,3016
22-03-2021,NP,Nepal,SEARO,77,275906,0,3016
23-03-2021,NP,Nepal,SEARO,150,276056,3,3019
24-03-2021,NP,Nepal,SEARO,188,276244,0,3019
25-03-2021,NP,Nepal,SEARO,145,276389,1,3020
26-03-2021,NP,Nepal,SEARO,120,276509,0,3020
27-03-2021,NP,Nepal,SEARO,156,276665,4,3024
28-03-2021,NP,Nepal,SEARO,85,276750,3,3027
29-03-2021,NP,Nepal,SEARO,89,276839,0,3027
30-03-2021,NP,Nepal,SEARO,141,276980,0,3027
31-03-2021,NP,Nepal,SEARO,167,277147,3,3030
01-04-2021,NP,Nepal,SEARO,162,277309,0,3030
02-04-2021,NP,Nepal,SEARO,152,277461,1,3031
03-04-2021,NP,Nepal,SEARO,179,277640,0,3031
04-04-2021,NP,Nepal,SEARO,128,277768,1,3032
05-04-2021,NP,Nepal,SEARO,176,277944,0,3032
06-04-2021,NP,Nepal,SEARO,266,278210,4,3036
07-04-2021,NP,Nepal,SEARO,260,278470,0,3036
08-04-2021,NP,Nepal,SEARO,298,278768,2,3038
09-04-2021,NP,Nepal,SEARO,332,279100,0,3038
10-04-2021,NP,Nepal,SEARO,288,279388,0,3038
11-04-2021,NP,Nepal,SEARO,337,279725,1,3039
12-04-2021,NP,Nepal,SEARO,303,280028,1,3040
13-04-2021,NP,Nepal,SEARO,496,280524,13,3053
14-04-2021,NP,Nepal,SEARO,460,280984,5,3058
15-04-2021,NP,Nepal,SEARO,580,281564,3,3061
16-04-2021,NP,Nepal,SEARO,490,282054,5,3066
17-04-2021,NP,Nepal,SEARO,836,282890,4,3070
18-04-2021,NP,Nepal,SEARO,768,283658,5,3075
19-04-2021,NP,Nepal,SEARO,1015,284673,8,3083
20-04-2021,NP,Nepal,SEARO,1227,285900,8,3091
21-04-2021,NP,Nepal,SEARO,1667,287567,11,3102
22-04-2021,NP,Nepal,SEARO,2220,289787,10,3112
23-04-2021,NP,Nepal,SEARO,2365,292152,5,3117
24-04-2021,NP,Nepal,SEARO,2449,294601,5,3122
25-04-2021,NP,Nepal,SEARO,2486,297087,14,3136
26-04-2021,NP,Nepal,SEARO,3032,300119,28,3164
27-04-2021,NP,Nepal,SEARO,3442,303561,12,3176
28-04-2021,NP,Nepal,SEARO,4364,307925,18,3194
29-04-2021,NP,Nepal,SEARO,4774,312699,17,3211
30-04-2021,NP,Nepal,SEARO,4831,317530,35,3246
01-05-2021,NP,Nepal,SEARO,5657,323187,33,3279
02-05-2021,NP,Nepal,SEARO,5706,328893,19,3298
03-05-2021,NP,Nepal,SEARO,7137,336030,27,3325
04-05-2021,NP,Nepal,SEARO,7388,343418,37,3362
05-05-2021,NP,Nepal,SEARO,7587,351005,55,3417
06-05-2021,NP,Nepal,SEARO,8605,359610,58,3475
07-05-2021,NP,Nepal,SEARO,8970,368580,54,3529
08-05-2021,NP,Nepal,SEARO,9023,377603,50,3579
09-05-2021,NP,Nepal,SEARO,8287,385890,53,3632
10-05-2021,NP,Nepal,SEARO,8777,394667,88,3720
11-05-2021,NP,Nepal,SEARO,9127,403794,139,3859
12-05-2021,NP,Nepal,SEARO,9317,413111,225,4084
13-05-2021,NP,Nepal,SEARO,9238,422349,168,4252
14-05-2021,NP,Nepal,SEARO,8842,431191,214,4466
15-05-2021,NP,Nepal,SEARO,8467,439658,203,4669
16-05-2021,NP,Nepal,SEARO,8046,447704,187,4856
17-05-2021,NP,Nepal,SEARO,7316,455020,145,5001
18-05-2021,NP,Nepal,SEARO,9198,464218,214,5215
19-05-2021,NP,Nepal,SEARO,8136,472354,196,5411
20-05-2021,NP,Nepal,SEARO,8064,480418,246,5657
21-05-2021,NP,Nepal,SEARO,8227,488645,190,5847
22-05-2021,NP,Nepal,SEARO,8407,497052,177,6024
23-05-2021,NP,Nepal,SEARO,8591,505643,129,6153
24-05-2021,NP,Nepal,SEARO,7598,513241,193,6346
25-05-2021,NP,Nepal,SEARO,7220,520461,185,6531
26-05-2021,NP,Nepal,SEARO,8387,528848,169,6700
27-05-2021,NP,Nepal,SEARO,6677,535525,145,6845
28-05-2021,NP,Nepal,SEARO,6731,542256,106,6951
29-05-2021,NP,Nepal,SEARO,6855,549111,96,7047
30-05-2021,NP,Nepal,SEARO,4311,553422,116,7163
01-01-2021,NL,Netherlands,EURO,9666,795600,109,11399
02-01-2021,NL,Netherlands,EURO,8170,803770,98,11497
03-01-2021,NL,Netherlands,EURO,8589,812359,38,11535
04-01-2021,NL,Netherlands,EURO,7396,819755,47,11582
05-01-2021,NL,Netherlands,EURO,6632,826387,65,11647
06-01-2021,NL,Netherlands,EURO,6370,832757,152,11799
07-01-2021,NL,Netherlands,EURO,7091,839848,175,11974
08-01-2021,NL,Netherlands,EURO,9680,849528,81,12055
09-01-2021,NL,Netherlands,EURO,8112,857640,88,12143
10-01-2021,NL,Netherlands,EURO,7330,864970,137,12280
11-01-2021,NL,Netherlands,EURO,6604,871574,53,12333
12-01-2021,NL,Netherlands,EURO,5448,877022,47,12380
13-01-2021,NL,Netherlands,EURO,4942,881964,153,12533
14-01-2021,NL,Netherlands,EURO,6092,888056,121,12654
15-01-2021,NL,Netherlands,EURO,6499,894555,86,12740
16-01-2021,NL,Netherlands,EURO,6027,900582,94,12834
17-01-2021,NL,Netherlands,EURO,5295,905877,95,12929
18-01-2021,NL,Netherlands,EURO,5582,911459,43,12972
19-01-2021,NL,Netherlands,EURO,4784,916243,59,13031
20-01-2021,NL,Netherlands,EURO,4295,920538,105,13136
21-01-2021,NL,Netherlands,EURO,5569,926107,86,13222
22-01-2021,NL,Netherlands,EURO,5806,931913,91,13313
23-01-2021,NL,Netherlands,EURO,5747,937660,88,13401
24-01-2021,NL,Netherlands,EURO,5447,943107,87,13488
25-01-2021,NL,Netherlands,EURO,4883,947990,30,13518
26-01-2021,NL,Netherlands,EURO,4092,952082,40,13558
27-01-2021,NL,Netherlands,EURO,3959,956041,86,13644
28-01-2021,NL,Netherlands,EURO,4727,960768,68,13712
29-01-2021,NL,Netherlands,EURO,4693,965461,82,13794
30-01-2021,NL,Netherlands,EURO,4399,969860,57,13851
31-01-2021,NL,Netherlands,EURO,4173,974033,88,13939
01-02-2021,NL,Netherlands,EURO,3680,977713,40,13979
02-02-2021,NL,Netherlands,EURO,3238,980951,27,14006
03-02-2021,NL,Netherlands,EURO,3549,984500,83,14089
04-02-2021,NL,Netherlands,EURO,4018,988518,62,14151
05-02-2021,NL,Netherlands,EURO,4202,992720,67,14218
06-02-2021,NL,Netherlands,EURO,4319,997039,60,14278
07-02-2021,NL,Netherlands,EURO,4089,1001128,61,14339
08-02-2021,NL,Netherlands,EURO,3918,1005046,48,14387
09-02-2021,NL,Netherlands,EURO,2258,1007304,25,14412
10-02-2021,NL,Netherlands,EURO,1759,1009063,83,14495
11-02-2021,NL,Netherlands,EURO,3173,1012236,78,14573
12-02-2021,NL,Netherlands,EURO,4428,1016664,74,14647
13-02-2021,NL,Netherlands,EURO,4328,1020992,65,14712
14-02-2021,NL,Netherlands,EURO,4176,1025168,67,14779
15-02-2021,NL,Netherlands,EURO,3429,1028597,23,14802
16-02-2021,NL,Netherlands,EURO,2842,1031439,27,14829
17-02-2021,NL,Netherlands,EURO,2692,1034131,88,14917
18-02-2021,NL,Netherlands,EURO,3374,1037505,89,15006
19-02-2021,NL,Netherlands,EURO,4560,1042065,74,15080
20-02-2021,NL,Netherlands,EURO,4681,1046746,50,15130
21-02-2021,NL,Netherlands,EURO,4541,1051287,62,15192
22-02-2021,NL,Netherlands,EURO,4669,1055956,17,15209
23-02-2021,NL,Netherlands,EURO,4180,1060136,32,15241
24-02-2021,NL,Netherlands,EURO,3813,1063949,93,15334
25-02-2021,NL,Netherlands,EURO,4372,1068321,63,15397
26-02-2021,NL,Netherlands,EURO,4987,1073308,32,15429
27-02-2021,NL,Netherlands,EURO,5099,1078407,65,15494
28-02-2021,NL,Netherlands,EURO,4924,1083331,41,15535
01-03-2021,NL,Netherlands,EURO,4637,1087968,20,15555
02-03-2021,NL,Netherlands,EURO,3753,1091721,20,15575
03-03-2021,NL,Netherlands,EURO,3966,1095687,64,15639
04-03-2021,NL,Netherlands,EURO,5025,1100712,48,15687
05-03-2021,NL,Netherlands,EURO,4096,1104808,33,15720
06-03-2021,NL,Netherlands,EURO,4663,1109471,32,15752
07-03-2021,NL,Netherlands,EURO,5315,1114786,42,15794
08-03-2021,NL,Netherlands,EURO,4508,1119294,29,15823
09-03-2021,NL,Netherlands,EURO,3888,1123182,26,15849
10-03-2021,NL,Netherlands,EURO,4286,1127468,57,15906
11-03-2021,NL,Netherlands,EURO,5261,1132729,31,15937
12-03-2021,NL,Netherlands,EURO,5297,1138026,50,15987
13-03-2021,NL,Netherlands,EURO,5982,1144008,27,16014
14-03-2021,NL,Netherlands,EURO,6379,1150387,22,16036
15-03-2021,NL,Netherlands,EURO,5954,1156341,24,16060
16-03-2021,NL,Netherlands,EURO,5502,1161843,18,16078
17-03-2021,NL,Netherlands,EURO,4944,1166787,31,16109
18-03-2021,NL,Netherlands,EURO,5910,1172697,47,16156
19-03-2021,NL,Netherlands,EURO,6133,1178830,33,16189
20-03-2021,NL,Netherlands,EURO,7349,1186179,45,16234
21-03-2021,NL,Netherlands,EURO,7609,1193788,18,16252
22-03-2021,NL,Netherlands,EURO,6972,1200760,15,16267
23-03-2021,NL,Netherlands,EURO,6303,1207063,15,16282
24-03-2021,NL,Netherlands,EURO,5609,1212672,48,16330
25-03-2021,NL,Netherlands,EURO,7558,1220230,31,16361
26-03-2021,NL,Netherlands,EURO,7691,1227921,25,16386
27-03-2021,NL,Netherlands,EURO,7564,1235485,25,16411
28-03-2021,NL,Netherlands,EURO,8786,1244271,29,16440
29-03-2021,NL,Netherlands,EURO,7473,1251744,15,16455
30-03-2021,NL,Netherlands,EURO,6783,1258527,10,16465
31-03-2021,NL,Netherlands,EURO,5857,1264384,36,16501
01-04-2021,NL,Netherlands,EURO,7633,1272017,28,16529
02-04-2021,NL,Netherlands,EURO,7819,1279836,22,16551
03-04-2021,NL,Netherlands,EURO,7215,1287051,16,16567
04-04-2021,NL,Netherlands,EURO,7601,1294652,31,16598
05-04-2021,NL,Netherlands,EURO,6864,1301516,16,16614
06-04-2021,NL,Netherlands,EURO,5337,1306853,8,16622
07-04-2021,NL,Netherlands,EURO,5559,1312412,20,16642
08-04-2021,NL,Netherlands,EURO,6371,1318783,23,16665
09-04-2021,NL,Netherlands,EURO,7765,1326548,18,16683
10-04-2021,NL,Netherlands,EURO,7663,1334211,41,16724
11-04-2021,NL,Netherlands,EURO,7665,1341876,23,16747
12-04-2021,NL,Netherlands,EURO,8145,1350021,17,16764
13-04-2021,NL,Netherlands,EURO,6662,1356683,20,16784
14-04-2021,NL,Netherlands,EURO,6726,1363409,30,16814
15-04-2021,NL,Netherlands,EURO,5443,1368852,28,16842
16-04-2021,NL,Netherlands,EURO,8700,1377552,14,16856
17-04-2021,NL,Netherlands,EURO,8895,1386447,12,16868
18-04-2021,NL,Netherlands,EURO,8259,1394706,31,16899
19-04-2021,NL,Netherlands,EURO,8525,1403231,12,16911
20-04-2021,NL,Netherlands,EURO,7158,1410389,22,16933
21-04-2021,NL,Netherlands,EURO,6826,1417215,27,16960
22-04-2021,NL,Netherlands,EURO,8481,1425696,18,16978
23-04-2021,NL,Netherlands,EURO,9585,1435281,20,16998
24-04-2021,NL,Netherlands,EURO,9238,1444519,14,17012
25-04-2021,NL,Netherlands,EURO,8065,1452584,22,17034
26-04-2021,NL,Netherlands,EURO,8022,1460606,11,17045
27-04-2021,NL,Netherlands,EURO,6230,1466836,13,17058
28-04-2021,NL,Netherlands,EURO,5306,1472142,31,17089
29-04-2021,NL,Netherlands,EURO,8658,1480800,11,17100
30-04-2021,NL,Netherlands,EURO,7287,1488087,22,17122
01-05-2021,NL,Netherlands,EURO,7772,1495859,22,17144
02-05-2021,NL,Netherlands,EURO,5786,1501645,21,17165
03-05-2021,NL,Netherlands,EURO,5467,1507112,3,17168
04-05-2021,NL,Netherlands,EURO,9193,1516305,17,17185
05-05-2021,NL,Netherlands,EURO,7764,1524069,32,17217
06-05-2021,NL,Netherlands,EURO,7251,1531320,24,17241
07-05-2021,NL,Netherlands,EURO,6767,1538087,24,17265
08-05-2021,NL,Netherlands,EURO,7474,1545561,22,17287
09-05-2021,NL,Netherlands,EURO,7434,1552995,29,17316
10-05-2021,NL,Netherlands,EURO,6645,1559640,4,17320
11-05-2021,NL,Netherlands,EURO,5866,1565506,17,17337
12-05-2021,NL,Netherlands,EURO,5530,1571036,44,17381
13-05-2021,NL,Netherlands,EURO,6347,1577383,16,17397
14-05-2021,NL,Netherlands,EURO,6013,1583396,14,17411
15-05-2021,NL,Netherlands,EURO,5552,1588948,10,17421
16-05-2021,NL,Netherlands,EURO,4477,1593425,13,17434
17-05-2021,NL,Netherlands,EURO,4431,1597856,13,17447
18-05-2021,NL,Netherlands,EURO,2865,1600721,7,17454
19-05-2021,NL,Netherlands,EURO,5337,1606058,16,17470
20-05-2021,NL,Netherlands,EURO,4559,1610617,15,17485
21-05-2021,NL,Netherlands,EURO,4628,1615245,18,17503
22-05-2021,NL,Netherlands,EURO,4148,1619393,12,17515
23-05-2021,NL,Netherlands,EURO,3182,1622575,19,17534
24-05-2021,NL,Netherlands,EURO,3429,1626004,8,17542
25-05-2021,NL,Netherlands,EURO,2738,1628742,11,17553
26-05-2021,NL,Netherlands,EURO,2495,1631237,13,17566
27-05-2021,NL,Netherlands,EURO,2751,1633988,10,17576
28-05-2021,NL,Netherlands,EURO,3389,1637377,16,17592
29-05-2021,NL,Netherlands,EURO,3884,1641261,15,17607
30-05-2021,NL,Netherlands,EURO,3438,1644699,8,17615
01-01-2021,NC,New Caledonia,WPRO,0,38,0,0
02-01-2021,NC,New Caledonia,WPRO,0,38,0,0
03-01-2021,NC,New Caledonia,WPRO,2,40,0,0
04-01-2021,NC,New Caledonia,WPRO,0,40,0,0
05-01-2021,NC,New Caledonia,WPRO,0,40,0,0
06-01-2021,NC,New Caledonia,WPRO,0,40,0,0
07-01-2021,NC,New Caledonia,WPRO,0,40,0,0
08-01-2021,NC,New Caledonia,WPRO,0,40,0,0
09-01-2021,NC,New Caledonia,WPRO,0,40,0,0
10-01-2021,NC,New Caledonia,WPRO,0,40,0,0
11-01-2021,NC,New Caledonia,WPRO,0,40,0,0
12-01-2021,NC,New Caledonia,WPRO,0,40,0,0
13-01-2021,NC,New Caledonia,WPRO,0,40,0,0
14-01-2021,NC,New Caledonia,WPRO,0,40,0,0
15-01-2021,NC,New Caledonia,WPRO,0,40,0,0
16-01-2021,NC,New Caledonia,WPRO,1,41,0,0
17-01-2021,NC,New Caledonia,WPRO,3,44,0,0
18-01-2021,NC,New Caledonia,WPRO,0,44,0,0
19-01-2021,NC,New Caledonia,WPRO,0,44,0,0
20-01-2021,NC,New Caledonia,WPRO,0,44,0,0
21-01-2021,NC,New Caledonia,WPRO,0,44,0,0
22-01-2021,NC,New Caledonia,WPRO,0,44,0,0
23-01-2021,NC,New Caledonia,WPRO,0,44,0,0
24-01-2021,NC,New Caledonia,WPRO,0,44,0,0
25-01-2021,NC,New Caledonia,WPRO,0,44,0,0
26-01-2021,NC,New Caledonia,WPRO,0,44,0,0
27-01-2021,NC,New Caledonia,WPRO,0,44,0,0
28-01-2021,NC,New Caledonia,WPRO,0,44,0,0
29-01-2021,NC,New Caledonia,WPRO,0,44,0,0
30-01-2021,NC,New Caledonia,WPRO,3,47,0,0
31-01-2021,NC,New Caledonia,WPRO,0,47,0,0
01-02-2021,NC,New Caledonia,WPRO,0,47,0,0
02-02-2021,NC,New Caledonia,WPRO,0,47,0,0
03-02-2021,NC,New Caledonia,WPRO,0,47,0,0
04-02-2021,NC,New Caledonia,WPRO,0,47,0,0
05-02-2021,NC,New Caledonia,WPRO,0,47,0,0
06-02-2021,NC,New Caledonia,WPRO,2,49,0,0
07-02-2021,NC,New Caledonia,WPRO,0,49,0,0
08-02-2021,NC,New Caledonia,WPRO,0,49,0,0
09-02-2021,NC,New Caledonia,WPRO,1,50,0,0
10-02-2021,NC,New Caledonia,WPRO,0,50,0,0
11-02-2021,NC,New Caledonia,WPRO,0,50,0,0
12-02-2021,NC,New Caledonia,WPRO,0,50,0,0
13-02-2021,NC,New Caledonia,WPRO,2,52,0,0
14-02-2021,NC,New Caledonia,WPRO,0,52,0,0
15-02-2021,NC,New Caledonia,WPRO,0,52,0,0
16-02-2021,NC,New Caledonia,WPRO,0,52,0,0
17-02-2021,NC,New Caledonia,WPRO,0,52,0,0
18-02-2021,NC,New Caledonia,WPRO,0,52,0,0
19-02-2021,NC,New Caledonia,WPRO,3,55,0,0
20-02-2021,NC,New Caledonia,WPRO,0,55,0,0
21-02-2021,NC,New Caledonia,WPRO,0,55,0,0
22-02-2021,NC,New Caledonia,WPRO,0,55,0,0
23-02-2021,NC,New Caledonia,WPRO,0,55,0,0
24-02-2021,NC,New Caledonia,WPRO,0,55,0,0
25-02-2021,NC,New Caledonia,WPRO,0,55,0,0
26-02-2021,NC,New Caledonia,WPRO,2,57,0,0
27-02-2021,NC,New Caledonia,WPRO,1,58,0,0
28-02-2021,NC,New Caledonia,WPRO,0,58,0,0
01-03-2021,NC,New Caledonia,WPRO,0,58,0,0
02-03-2021,NC,New Caledonia,WPRO,0,58,0,0
03-03-2021,NC,New Caledonia,WPRO,0,58,0,0
04-03-2021,NC,New Caledonia,WPRO,0,58,0,0
05-03-2021,NC,New Caledonia,WPRO,0,58,0,0
06-03-2021,NC,New Caledonia,WPRO,0,58,0,0
07-03-2021,NC,New Caledonia,WPRO,0,58,0,0
08-03-2021,NC,New Caledonia,WPRO,9,67,0,0
09-03-2021,NC,New Caledonia,WPRO,0,67,0,0
10-03-2021,NC,New Caledonia,WPRO,3,70,0,0
11-03-2021,NC,New Caledonia,WPRO,4,74,0,0
12-03-2021,NC,New Caledonia,WPRO,7,81,0,0
13-03-2021,NC,New Caledonia,WPRO,7,88,0,0
14-03-2021,NC,New Caledonia,WPRO,3,91,0,0
15-03-2021,NC,New Caledonia,WPRO,2,93,0,0
16-03-2021,NC,New Caledonia,WPRO,0,93,0,0
17-03-2021,NC,New Caledonia,WPRO,2,95,0,0
18-03-2021,NC,New Caledonia,WPRO,0,95,0,0
19-03-2021,NC,New Caledonia,WPRO,11,106,0,0
20-03-2021,NC,New Caledonia,WPRO,9,115,0,0
21-03-2021,NC,New Caledonia,WPRO,1,116,0,0
22-03-2021,NC,New Caledonia,WPRO,0,116,0,0
23-03-2021,NC,New Caledonia,WPRO,0,116,0,0
24-03-2021,NC,New Caledonia,WPRO,0,116,0,0
25-03-2021,NC,New Caledonia,WPRO,4,120,0,0
26-03-2021,NC,New Caledonia,WPRO,1,121,0,0
27-03-2021,NC,New Caledonia,WPRO,0,121,0,0
28-03-2021,NC,New Caledonia,WPRO,0,121,0,0
29-03-2021,NC,New Caledonia,WPRO,0,121,0,0
30-03-2021,NC,New Caledonia,WPRO,0,121,0,0
31-03-2021,NC,New Caledonia,WPRO,0,121,0,0
01-04-2021,NC,New Caledonia,WPRO,0,121,0,0
02-04-2021,NC,New Caledonia,WPRO,0,121,0,0
03-04-2021,NC,New Caledonia,WPRO,0,121,0,0
04-04-2021,NC,New Caledonia,WPRO,0,121,0,0
05-04-2021,NC,New Caledonia,WPRO,0,121,0,0
06-04-2021,NC,New Caledonia,WPRO,0,121,0,0
07-04-2021,NC,New Caledonia,WPRO,0,121,0,0
08-04-2021,NC,New Caledonia,WPRO,0,121,0,0
09-04-2021,NC,New Caledonia,WPRO,0,121,0,0
10-04-2021,NC,New Caledonia,WPRO,0,121,0,0
11-04-2021,NC,New Caledonia,WPRO,0,121,0,0
12-04-2021,NC,New Caledonia,WPRO,0,121,0,0
13-04-2021,NC,New Caledonia,WPRO,0,121,0,0
14-04-2021,NC,New Caledonia,WPRO,0,121,0,0
15-04-2021,NC,New Caledonia,WPRO,0,121,0,0
16-04-2021,NC,New Caledonia,WPRO,0,121,0,0
17-04-2021,NC,New Caledonia,WPRO,2,123,0,0
18-04-2021,NC,New Caledonia,WPRO,0,123,0,0
19-04-2021,NC,New Caledonia,WPRO,1,124,0,0
20-04-2021,NC,New Caledonia,WPRO,0,124,0,0
21-04-2021,NC,New Caledonia,WPRO,0,124,0,0
22-04-2021,NC,New Caledonia,WPRO,0,124,0,0
23-04-2021,NC,New Caledonia,WPRO,0,124,0,0
24-04-2021,NC,New Caledonia,WPRO,0,124,0,0
25-04-2021,NC,New Caledonia,WPRO,0,124,0,0
26-04-2021,NC,New Caledonia,WPRO,0,124,0,0
27-04-2021,NC,New Caledonia,WPRO,0,124,0,0
28-04-2021,NC,New Caledonia,WPRO,0,124,0,0
29-04-2021,NC,New Caledonia,WPRO,0,124,0,0
30-04-2021,NC,New Caledonia,WPRO,0,124,0,0
01-05-2021,NC,New Caledonia,WPRO,0,124,0,0
02-05-2021,NC,New Caledonia,WPRO,0,124,0,0
03-05-2021,NC,New Caledonia,WPRO,0,124,0,0
04-05-2021,NC,New Caledonia,WPRO,0,124,0,0
05-05-2021,NC,New Caledonia,WPRO,0,124,0,0
06-05-2021,NC,New Caledonia,WPRO,0,124,0,0
07-05-2021,NC,New Caledonia,WPRO,0,124,0,0
08-05-2021,NC,New Caledonia,WPRO,0,124,0,0
09-05-2021,NC,New Caledonia,WPRO,0,124,0,0
10-05-2021,NC,New Caledonia,WPRO,0,124,0,0
11-05-2021,NC,New Caledonia,WPRO,0,124,0,0
12-05-2021,NC,New Caledonia,WPRO,0,124,0,0
13-05-2021,NC,New Caledonia,WPRO,0,124,0,0
14-05-2021,NC,New Caledonia,WPRO,0,124,0,0
15-05-2021,NC,New Caledonia,WPRO,0,124,0,0
16-05-2021,NC,New Caledonia,WPRO,0,124,0,0
17-05-2021,NC,New Caledonia,WPRO,0,124,0,0
18-05-2021,NC,New Caledonia,WPRO,0,124,0,0
19-05-2021,NC,New Caledonia,WPRO,1,125,0,0
20-05-2021,NC,New Caledonia,WPRO,0,125,0,0
21-05-2021,NC,New Caledonia,WPRO,0,125,0,0
22-05-2021,NC,New Caledonia,WPRO,0,125,0,0
23-05-2021,NC,New Caledonia,WPRO,0,125,0,0
24-05-2021,NC,New Caledonia,WPRO,0,125,0,0
25-05-2021,NC,New Caledonia,WPRO,1,126,0,0
26-05-2021,NC,New Caledonia,WPRO,0,126,0,0
27-05-2021,NC,New Caledonia,WPRO,0,126,0,0
28-05-2021,NC,New Caledonia,WPRO,1,127,0,0
29-05-2021,NC,New Caledonia,WPRO,1,128,0,0
30-05-2021,NC,New Caledonia,WPRO,0,128,0,0
01-01-2021,NZ,New Zealand,WPRO,0,1806,0,25
02-01-2021,NZ,New Zealand,WPRO,0,1806,0,25
03-01-2021,NZ,New Zealand,WPRO,19,1825,0,25
04-01-2021,NZ,New Zealand,WPRO,0,1825,0,25
05-01-2021,NZ,New Zealand,WPRO,3,1828,0,25
06-01-2021,NZ,New Zealand,WPRO,0,1828,0,25
07-01-2021,NZ,New Zealand,WPRO,4,1832,0,25
08-01-2021,NZ,New Zealand,WPRO,0,1832,0,25
09-01-2021,NZ,New Zealand,WPRO,0,1832,0,25
10-01-2021,NZ,New Zealand,WPRO,29,1861,0,25
11-01-2021,NZ,New Zealand,WPRO,4,1865,0,25
12-01-2021,NZ,New Zealand,WPRO,0,1865,0,25
13-01-2021,NZ,New Zealand,WPRO,7,1872,0,25
14-01-2021,NZ,New Zealand,WPRO,0,1872,0,25
15-01-2021,NZ,New Zealand,WPRO,18,1890,0,25
16-01-2021,NZ,New Zealand,WPRO,0,1890,0,25
17-01-2021,NZ,New Zealand,WPRO,10,1900,0,25
18-01-2021,NZ,New Zealand,WPRO,5,1905,0,25
19-01-2021,NZ,New Zealand,WPRO,0,1905,0,25
20-01-2021,NZ,New Zealand,WPRO,6,1911,0,25
21-01-2021,NZ,New Zealand,WPRO,0,1911,0,25
22-01-2021,NZ,New Zealand,WPRO,9,1920,0,25
23-01-2021,NZ,New Zealand,WPRO,-1,1919,0,25
24-01-2021,NZ,New Zealand,WPRO,7,1926,0,25
25-01-2021,NZ,New Zealand,WPRO,6,1932,0,25
26-01-2021,NZ,New Zealand,WPRO,1,1933,0,25
27-01-2021,NZ,New Zealand,WPRO,5,1938,0,25
28-01-2021,NZ,New Zealand,WPRO,5,1943,0,25
29-01-2021,NZ,New Zealand,WPRO,3,1946,0,25
30-01-2021,NZ,New Zealand,WPRO,1,1947,0,25
31-01-2021,NZ,New Zealand,WPRO,0,1947,0,25
01-02-2021,NZ,New Zealand,WPRO,0,1947,0,25
02-02-2021,NZ,New Zealand,WPRO,2,1949,0,25
03-02-2021,NZ,New Zealand,WPRO,2,1951,0,25
04-02-2021,NZ,New Zealand,WPRO,6,1957,0,25
05-02-2021,NZ,New Zealand,WPRO,2,1959,0,25
06-02-2021,NZ,New Zealand,WPRO,0,1959,0,25
07-02-2021,NZ,New Zealand,WPRO,5,1964,0,25
08-02-2021,NZ,New Zealand,WPRO,0,1964,0,25
09-02-2021,NZ,New Zealand,WPRO,1,1965,0,25
10-02-2021,NZ,New Zealand,WPRO,2,1967,0,25
11-02-2021,NZ,New Zealand,WPRO,1,1968,0,25
12-02-2021,NZ,New Zealand,WPRO,2,1970,0,25
13-02-2021,NZ,New Zealand,WPRO,1,1971,0,25
14-02-2021,NZ,New Zealand,WPRO,3,1974,0,25
15-02-2021,NZ,New Zealand,WPRO,6,1980,0,25
16-02-2021,NZ,New Zealand,WPRO,1,1981,1,26
17-02-2021,NZ,New Zealand,WPRO,3,1984,0,26
18-02-2021,NZ,New Zealand,WPRO,4,1988,0,26
19-02-2021,NZ,New Zealand,WPRO,4,1992,0,26
20-02-2021,NZ,New Zealand,WPRO,1,1993,0,26
21-02-2021,NZ,New Zealand,WPRO,1,1994,0,26
22-02-2021,NZ,New Zealand,WPRO,7,2001,0,26
23-02-2021,NZ,New Zealand,WPRO,4,2005,0,26
24-02-2021,NZ,New Zealand,WPRO,4,2009,0,26
25-02-2021,NZ,New Zealand,WPRO,3,2012,0,26
26-02-2021,NZ,New Zealand,WPRO,3,2015,0,26
27-02-2021,NZ,New Zealand,WPRO,1,2016,0,26
28-02-2021,NZ,New Zealand,WPRO,4,2020,0,26
01-03-2021,NZ,New Zealand,WPRO,2,2022,0,26
02-03-2021,NZ,New Zealand,WPRO,4,2026,0,26
03-03-2021,NZ,New Zealand,WPRO,1,2027,0,26
04-03-2021,NZ,New Zealand,WPRO,6,2033,0,26
05-03-2021,NZ,New Zealand,WPRO,0,2033,0,26
06-03-2021,NZ,New Zealand,WPRO,9,2042,0,26
07-03-2021,NZ,New Zealand,WPRO,1,2043,0,26
08-03-2021,NZ,New Zealand,WPRO,6,2049,0,26
09-03-2021,NZ,New Zealand,WPRO,4,2053,0,26
10-03-2021,NZ,New Zealand,WPRO,1,2054,0,26
11-03-2021,NZ,New Zealand,WPRO,6,2060,0,26
12-03-2021,NZ,New Zealand,WPRO,1,2061,0,26
13-03-2021,NZ,New Zealand,WPRO,5,2066,0,26
14-03-2021,NZ,New Zealand,WPRO,1,2067,0,26
15-03-2021,NZ,New Zealand,WPRO,7,2074,0,26
16-03-2021,NZ,New Zealand,WPRO,1,2075,0,26
17-03-2021,NZ,New Zealand,WPRO,3,2078,0,26
18-03-2021,NZ,New Zealand,WPRO,0,2078,0,26
19-03-2021,NZ,New Zealand,WPRO,10,2088,0,26
20-03-2021,NZ,New Zealand,WPRO,0,2088,0,26
21-03-2021,NZ,New Zealand,WPRO,9,2097,0,26
22-03-2021,NZ,New Zealand,WPRO,9,2106,0,26
23-03-2021,NZ,New Zealand,WPRO,5,2111,0,26
24-03-2021,NZ,New Zealand,WPRO,3,2114,0,26
25-03-2021,NZ,New Zealand,WPRO,6,2120,0,26
26-03-2021,NZ,New Zealand,WPRO,3,2123,0,26
27-03-2021,NZ,New Zealand,WPRO,2,2125,0,26
28-03-2021,NZ,New Zealand,WPRO,1,2126,0,26
29-03-2021,NZ,New Zealand,WPRO,11,2137,0,26
30-03-2021,NZ,New Zealand,WPRO,2,2139,0,26
31-03-2021,NZ,New Zealand,WPRO,1,2140,0,26
01-04-2021,NZ,New Zealand,WPRO,5,2145,0,26
02-04-2021,NZ,New Zealand,WPRO,0,2145,0,26
03-04-2021,NZ,New Zealand,WPRO,0,2145,0,26
04-04-2021,NZ,New Zealand,WPRO,6,2151,0,26
05-04-2021,NZ,New Zealand,WPRO,0,2151,0,26
06-04-2021,NZ,New Zealand,WPRO,17,2168,0,26
07-04-2021,NZ,New Zealand,WPRO,7,2175,0,26
08-04-2021,NZ,New Zealand,WPRO,24,2199,0,26
09-04-2021,NZ,New Zealand,WPRO,6,2205,0,26
10-04-2021,NZ,New Zealand,WPRO,10,2215,0,26
11-04-2021,NZ,New Zealand,WPRO,3,2218,0,26
12-04-2021,NZ,New Zealand,WPRO,9,2227,0,26
13-04-2021,NZ,New Zealand,WPRO,4,2231,0,26
14-04-2021,NZ,New Zealand,WPRO,2,2233,0,26
15-04-2021,NZ,New Zealand,WPRO,0,2233,0,26
16-04-2021,NZ,New Zealand,WPRO,1,2234,0,26
17-04-2021,NZ,New Zealand,WPRO,0,2234,0,26
18-04-2021,NZ,New Zealand,WPRO,4,2238,0,26
19-04-2021,NZ,New Zealand,WPRO,2,2240,0,26
20-04-2021,NZ,New Zealand,WPRO,1,2241,0,26
21-04-2021,NZ,New Zealand,WPRO,0,2241,0,26
22-04-2021,NZ,New Zealand,WPRO,3,2244,0,26
23-04-2021,NZ,New Zealand,WPRO,-1,2243,0,26
24-04-2021,NZ,New Zealand,WPRO,2,2245,0,26
25-04-2021,NZ,New Zealand,WPRO,0,2245,0,26
26-04-2021,NZ,New Zealand,WPRO,0,2245,0,26
27-04-2021,NZ,New Zealand,WPRO,7,2252,0,26
28-04-2021,NZ,New Zealand,WPRO,2,2254,0,26
29-04-2021,NZ,New Zealand,WPRO,3,2257,0,26
30-04-2021,NZ,New Zealand,WPRO,0,2257,0,26
01-05-2021,NZ,New Zealand,WPRO,0,2257,0,26
02-05-2021,NZ,New Zealand,WPRO,4,2261,0,26
03-05-2021,NZ,New Zealand,WPRO,5,2266,0,26
04-05-2021,NZ,New Zealand,WPRO,1,2267,0,26
05-05-2021,NZ,New Zealand,WPRO,6,2273,0,26
06-05-2021,NZ,New Zealand,WPRO,4,2277,0,26
07-05-2021,NZ,New Zealand,WPRO,1,2278,0,26
08-05-2021,NZ,New Zealand,WPRO,6,2284,0,26
09-05-2021,NZ,New Zealand,WPRO,2,2286,0,26
10-05-2021,NZ,New Zealand,WPRO,0,2286,0,26
11-05-2021,NZ,New Zealand,WPRO,0,2286,0,26
12-05-2021,NZ,New Zealand,WPRO,1,2287,0,26
13-05-2021,NZ,New Zealand,WPRO,1,2288,0,26
14-05-2021,NZ,New Zealand,WPRO,1,2289,0,26
15-05-2021,NZ,New Zealand,WPRO,0,2289,0,26
16-05-2021,NZ,New Zealand,WPRO,1,2290,0,26
17-05-2021,NZ,New Zealand,WPRO,5,2295,0,26
18-05-2021,NZ,New Zealand,WPRO,1,2296,0,26
19-05-2021,NZ,New Zealand,WPRO,6,2302,0,26
20-05-2021,NZ,New Zealand,WPRO,1,2303,0,26
21-05-2021,NZ,New Zealand,WPRO,3,2306,0,26
22-05-2021,NZ,New Zealand,WPRO,0,2306,0,26
23-05-2021,NZ,New Zealand,WPRO,1,2307,0,26
24-05-2021,NZ,New Zealand,WPRO,4,2311,0,26
25-05-2021,NZ,New Zealand,WPRO,2,2313,0,26
26-05-2021,NZ,New Zealand,WPRO,0,2313,0,26
27-05-2021,NZ,New Zealand,WPRO,1,2314,0,26
28-05-2021,NZ,New Zealand,WPRO,0,2314,0,26
29-05-2021,NZ,New Zealand,WPRO,0,2314,0,26
30-05-2021,NZ,New Zealand,WPRO,2,2316,0,26
01-01-2021,NI,Nicaragua,AMRO,0,4829,0,165
02-01-2021,NI,Nicaragua,AMRO,0,4829,0,165
03-01-2021,NI,Nicaragua,AMRO,0,4829,0,165
04-01-2021,NI,Nicaragua,AMRO,0,4829,0,165
05-01-2021,NI,Nicaragua,AMRO,0,4829,0,165
06-01-2021,NI,Nicaragua,AMRO,38,4867,1,166
07-01-2021,NI,Nicaragua,AMRO,0,4867,0,166
08-01-2021,NI,Nicaragua,AMRO,0,4867,0,166
09-01-2021,NI,Nicaragua,AMRO,0,4867,0,166
10-01-2021,NI,Nicaragua,AMRO,0,4867,0,166
11-01-2021,NI,Nicaragua,AMRO,0,4867,0,166
12-01-2021,NI,Nicaragua,AMRO,0,4867,0,166
13-01-2021,NI,Nicaragua,AMRO,49,4916,1,167
14-01-2021,NI,Nicaragua,AMRO,0,4916,0,167
15-01-2021,NI,Nicaragua,AMRO,0,4916,0,167
16-01-2021,NI,Nicaragua,AMRO,0,4916,0,167
17-01-2021,NI,Nicaragua,AMRO,0,4916,0,167
18-01-2021,NI,Nicaragua,AMRO,0,4916,0,167
19-01-2021,NI,Nicaragua,AMRO,0,4916,0,167
20-01-2021,NI,Nicaragua,AMRO,37,4953,1,168
21-01-2021,NI,Nicaragua,AMRO,0,4953,0,168
22-01-2021,NI,Nicaragua,AMRO,0,4953,0,168
23-01-2021,NI,Nicaragua,AMRO,0,4953,0,168
24-01-2021,NI,Nicaragua,AMRO,0,4953,0,168
25-01-2021,NI,Nicaragua,AMRO,0,4953,0,168
26-01-2021,NI,Nicaragua,AMRO,0,4953,0,168
27-01-2021,NI,Nicaragua,AMRO,39,4992,1,169
28-01-2021,NI,Nicaragua,AMRO,0,4992,0,169
29-01-2021,NI,Nicaragua,AMRO,0,4992,0,169
30-01-2021,NI,Nicaragua,AMRO,0,4992,0,169
31-01-2021,NI,Nicaragua,AMRO,0,4992,0,169
01-02-2021,NI,Nicaragua,AMRO,0,4992,0,169
02-02-2021,NI,Nicaragua,AMRO,0,4992,0,169
03-02-2021,NI,Nicaragua,AMRO,35,5027,1,170
04-02-2021,NI,Nicaragua,AMRO,0,5027,0,170
05-02-2021,NI,Nicaragua,AMRO,0,5027,0,170
06-02-2021,NI,Nicaragua,AMRO,0,5027,0,170
07-02-2021,NI,Nicaragua,AMRO,0,5027,0,170
08-02-2021,NI,Nicaragua,AMRO,0,5027,0,170
09-02-2021,NI,Nicaragua,AMRO,0,5027,0,170
10-02-2021,NI,Nicaragua,AMRO,37,5064,1,171
11-02-2021,NI,Nicaragua,AMRO,0,5064,0,171
12-02-2021,NI,Nicaragua,AMRO,0,5064,0,171
13-02-2021,NI,Nicaragua,AMRO,0,5064,0,171
14-02-2021,NI,Nicaragua,AMRO,0,5064,0,171
15-02-2021,NI,Nicaragua,AMRO,0,5064,0,171
16-02-2021,NI,Nicaragua,AMRO,0,5064,0,171
17-02-2021,NI,Nicaragua,AMRO,42,5106,1,172
18-02-2021,NI,Nicaragua,AMRO,0,5106,0,172
19-02-2021,NI,Nicaragua,AMRO,0,5106,0,172
20-02-2021,NI,Nicaragua,AMRO,0,5106,0,172
21-02-2021,NI,Nicaragua,AMRO,0,5106,0,172
22-02-2021,NI,Nicaragua,AMRO,0,5106,0,172
23-02-2021,NI,Nicaragua,AMRO,0,5106,0,172
24-02-2021,NI,Nicaragua,AMRO,36,5142,1,173
25-02-2021,NI,Nicaragua,AMRO,0,5142,0,173
26-02-2021,NI,Nicaragua,AMRO,0,5142,0,173
27-02-2021,NI,Nicaragua,AMRO,0,5142,0,173
28-02-2021,NI,Nicaragua,AMRO,0,5142,0,173
01-03-2021,NI,Nicaragua,AMRO,0,5142,0,173
02-03-2021,NI,Nicaragua,AMRO,0,5142,0,173
03-03-2021,NI,Nicaragua,AMRO,34,5176,1,174
04-03-2021,NI,Nicaragua,AMRO,0,5176,0,174
05-03-2021,NI,Nicaragua,AMRO,0,5176,0,174
06-03-2021,NI,Nicaragua,AMRO,0,5176,0,174
07-03-2021,NI,Nicaragua,AMRO,0,5176,0,174
08-03-2021,NI,Nicaragua,AMRO,0,5176,0,174
09-03-2021,NI,Nicaragua,AMRO,0,5176,0,174
10-03-2021,NI,Nicaragua,AMRO,40,5216,1,175
11-03-2021,NI,Nicaragua,AMRO,0,5216,0,175
12-03-2021,NI,Nicaragua,AMRO,0,5216,0,175
13-03-2021,NI,Nicaragua,AMRO,0,5216,0,175
14-03-2021,NI,Nicaragua,AMRO,0,5216,0,175
15-03-2021,NI,Nicaragua,AMRO,0,5216,0,175
16-03-2021,NI,Nicaragua,AMRO,0,5216,0,175
17-03-2021,NI,Nicaragua,AMRO,35,5251,1,176
18-03-2021,NI,Nicaragua,AMRO,0,5251,0,176
19-03-2021,NI,Nicaragua,AMRO,0,5251,0,176
20-03-2021,NI,Nicaragua,AMRO,0,5251,0,176
21-03-2021,NI,Nicaragua,AMRO,0,5251,0,176
22-03-2021,NI,Nicaragua,AMRO,0,5251,0,176
23-03-2021,NI,Nicaragua,AMRO,0,5251,0,176
24-03-2021,NI,Nicaragua,AMRO,37,5288,1,177
25-03-2021,NI,Nicaragua,AMRO,0,5288,0,177
26-03-2021,NI,Nicaragua,AMRO,0,5288,0,177
27-03-2021,NI,Nicaragua,AMRO,0,5288,0,177
28-03-2021,NI,Nicaragua,AMRO,0,5288,0,177
29-03-2021,NI,Nicaragua,AMRO,0,5288,0,177
30-03-2021,NI,Nicaragua,AMRO,0,5288,0,177
31-03-2021,NI,Nicaragua,AMRO,38,5326,1,178
01-04-2021,NI,Nicaragua,AMRO,0,5326,0,178
02-04-2021,NI,Nicaragua,AMRO,0,5326,0,178
03-04-2021,NI,Nicaragua,AMRO,0,5326,0,178
04-04-2021,NI,Nicaragua,AMRO,0,5326,0,178
05-04-2021,NI,Nicaragua,AMRO,0,5326,0,178
06-04-2021,NI,Nicaragua,AMRO,0,5326,0,178
07-04-2021,NI,Nicaragua,AMRO,40,5366,1,179
08-04-2021,NI,Nicaragua,AMRO,0,5366,0,179
09-04-2021,NI,Nicaragua,AMRO,0,5366,0,179
10-04-2021,NI,Nicaragua,AMRO,0,5366,0,179
11-04-2021,NI,Nicaragua,AMRO,0,5366,0,179
12-04-2021,NI,Nicaragua,AMRO,0,5366,0,179
13-04-2021,NI,Nicaragua,AMRO,0,5366,0,179
14-04-2021,NI,Nicaragua,AMRO,41,5407,1,180
15-04-2021,NI,Nicaragua,AMRO,0,5407,0,180
16-04-2021,NI,Nicaragua,AMRO,0,5407,0,180
17-04-2021,NI,Nicaragua,AMRO,0,5407,0,180
18-04-2021,NI,Nicaragua,AMRO,0,5407,0,180
19-04-2021,NI,Nicaragua,AMRO,0,5407,0,180
20-04-2021,NI,Nicaragua,AMRO,0,5407,0,180
21-04-2021,NI,Nicaragua,AMRO,43,5450,1,181
22-04-2021,NI,Nicaragua,AMRO,0,5450,0,181
23-04-2021,NI,Nicaragua,AMRO,0,5450,0,181
24-04-2021,NI,Nicaragua,AMRO,0,5450,0,181
25-04-2021,NI,Nicaragua,AMRO,0,5450,0,181
26-04-2021,NI,Nicaragua,AMRO,0,5450,0,181
27-04-2021,NI,Nicaragua,AMRO,0,5450,0,181
28-04-2021,NI,Nicaragua,AMRO,48,5498,1,182
29-04-2021,NI,Nicaragua,AMRO,0,5498,0,182
30-04-2021,NI,Nicaragua,AMRO,0,5498,0,182
01-05-2021,NI,Nicaragua,AMRO,0,5498,0,182
02-05-2021,NI,Nicaragua,AMRO,0,5498,0,182
03-05-2021,NI,Nicaragua,AMRO,0,5498,0,182
04-05-2021,NI,Nicaragua,AMRO,0,5498,0,182
05-05-2021,NI,Nicaragua,AMRO,77,5575,1,183
06-05-2021,NI,Nicaragua,AMRO,0,5575,0,183
07-05-2021,NI,Nicaragua,AMRO,0,5575,0,183
08-05-2021,NI,Nicaragua,AMRO,0,5575,0,183
09-05-2021,NI,Nicaragua,AMRO,0,5575,0,183
10-05-2021,NI,Nicaragua,AMRO,0,5575,0,183
11-05-2021,NI,Nicaragua,AMRO,0,5575,0,183
12-05-2021,NI,Nicaragua,AMRO,74,5649,1,184
13-05-2021,NI,Nicaragua,AMRO,0,5649,0,184
14-05-2021,NI,Nicaragua,AMRO,0,5649,0,184
15-05-2021,NI,Nicaragua,AMRO,0,5649,0,184
16-05-2021,NI,Nicaragua,AMRO,0,5649,0,184
17-05-2021,NI,Nicaragua,AMRO,0,5649,0,184
18-05-2021,NI,Nicaragua,AMRO,0,5649,0,184
19-05-2021,NI,Nicaragua,AMRO,82,5731,1,185
20-05-2021,NI,Nicaragua,AMRO,0,5731,0,185
21-05-2021,NI,Nicaragua,AMRO,0,5731,0,185
22-05-2021,NI,Nicaragua,AMRO,0,5731,0,185
23-05-2021,NI,Nicaragua,AMRO,0,5731,0,185
24-05-2021,NI,Nicaragua,AMRO,0,5731,0,185
25-05-2021,NI,Nicaragua,AMRO,0,5731,0,185
26-05-2021,NI,Nicaragua,AMRO,102,5833,1,186
27-05-2021,NI,Nicaragua,AMRO,0,5833,0,186
28-05-2021,NI,Nicaragua,AMRO,0,5833,0,186
29-05-2021,NI,Nicaragua,AMRO,0,5833,0,186
30-05-2021,NI,Nicaragua,AMRO,0,5833,0,186
01-01-2021,NE,Niger,AFRO,98,3208,6,102
02-01-2021,NE,Niger,AFRO,0,3208,0,102
03-01-2021,NE,Niger,AFRO,0,3208,0,102
04-01-2021,NE,Niger,AFRO,0,3208,0,102
05-01-2021,NE,Niger,AFRO,114,3322,2,104
06-01-2021,NE,Niger,AFRO,0,3322,0,104
07-01-2021,NE,Niger,AFRO,0,3322,0,104
08-01-2021,NE,Niger,AFRO,0,3322,0,104
09-01-2021,NE,Niger,AFRO,0,3322,0,104
10-01-2021,NE,Niger,AFRO,0,3322,0,104
11-01-2021,NE,Niger,AFRO,555,3877,22,126
12-01-2021,NE,Niger,AFRO,0,3877,0,126
13-01-2021,NE,Niger,AFRO,92,3969,9,135
14-01-2021,NE,Niger,AFRO,29,3998,1,136
15-01-2021,NE,Niger,AFRO,60,4058,1,137
16-01-2021,NE,Niger,AFRO,47,4105,1,138
17-01-2021,NE,Niger,AFRO,27,4132,0,138
18-01-2021,NE,Niger,AFRO,24,4156,2,140
19-01-2021,NE,Niger,AFRO,48,4204,5,145
20-01-2021,NE,Niger,AFRO,21,4225,1,146
21-01-2021,NE,Niger,AFRO,24,4249,1,147
22-01-2021,NE,Niger,AFRO,18,4267,0,147
23-01-2021,NE,Niger,AFRO,0,4267,0,147
24-01-2021,NE,Niger,AFRO,54,4321,4,151
25-01-2021,NE,Niger,AFRO,32,4353,0,151
26-01-2021,NE,Niger,AFRO,21,4374,0,151
27-01-2021,NE,Niger,AFRO,0,4374,0,151
28-01-2021,NE,Niger,AFRO,59,4433,2,153
29-01-2021,NE,Niger,AFRO,41,4474,4,157
30-01-2021,NE,Niger,AFRO,15,4489,2,159
31-01-2021,NE,Niger,AFRO,27,4516,0,159
01-02-2021,NE,Niger,AFRO,1,4517,0,159
02-02-2021,NE,Niger,AFRO,20,4537,2,161
03-02-2021,NE,Niger,AFRO,11,4548,1,162
04-02-2021,NE,Niger,AFRO,17,4565,1,163
05-02-2021,NE,Niger,AFRO,10,4575,1,164
06-02-2021,NE,Niger,AFRO,0,4575,0,164
07-02-2021,NE,Niger,AFRO,23,4598,1,165
08-02-2021,NE,Niger,AFRO,14,4612,0,165
09-02-2021,NE,Niger,AFRO,9,4621,1,166
10-02-2021,NE,Niger,AFRO,22,4643,1,167
11-02-2021,NE,Niger,AFRO,0,4643,0,167
12-02-2021,NE,Niger,AFRO,22,4665,0,167
13-02-2021,NE,Niger,AFRO,13,4678,2,169
14-02-2021,NE,Niger,AFRO,12,4690,0,169
15-02-2021,NE,Niger,AFRO,5,4695,0,169
16-02-2021,NE,Niger,AFRO,7,4702,0,169
17-02-2021,NE,Niger,AFRO,4,4706,0,169
18-02-2021,NE,Niger,AFRO,9,4715,1,170
19-02-2021,NE,Niger,AFRO,3,4718,0,170
20-02-2021,NE,Niger,AFRO,7,4725,0,170
21-02-2021,NE,Niger,AFRO,8,4733,0,170
22-02-2021,NE,Niger,AFRO,0,4733,0,170
23-02-2021,NE,Niger,AFRO,7,4740,2,172
24-02-2021,NE,Niger,AFRO,0,4740,0,172
25-02-2021,NE,Niger,AFRO,0,4740,0,172
26-02-2021,NE,Niger,AFRO,0,4740,0,172
27-02-2021,NE,Niger,AFRO,0,4740,0,172
28-02-2021,NE,Niger,AFRO,0,4740,0,172
01-03-2021,NE,Niger,AFRO,0,4740,0,172
02-03-2021,NE,Niger,AFRO,0,4740,0,172
03-03-2021,NE,Niger,AFRO,0,4740,0,172
04-03-2021,NE,Niger,AFRO,0,4740,0,172
05-03-2021,NE,Niger,AFRO,0,4740,0,172
06-03-2021,NE,Niger,AFRO,0,4740,0,172
07-03-2021,NE,Niger,AFRO,0,4740,0,172
08-03-2021,NE,Niger,AFRO,88,4828,5,177
09-03-2021,NE,Niger,AFRO,1,4829,0,177
10-03-2021,NE,Niger,AFRO,0,4829,0,177
11-03-2021,NE,Niger,AFRO,19,4848,2,179
12-03-2021,NE,Niger,AFRO,5,4853,1,180
13-03-2021,NE,Niger,AFRO,0,4853,0,180
14-03-2021,NE,Niger,AFRO,4,4857,1,181
15-03-2021,NE,Niger,AFRO,3,4860,1,182
16-03-2021,NE,Niger,AFRO,5,4865,0,182
17-03-2021,NE,Niger,AFRO,5,4870,1,183
18-03-2021,NE,Niger,AFRO,34,4904,2,185
19-03-2021,NE,Niger,AFRO,2,4906,0,185
20-03-2021,NE,Niger,AFRO,5,4911,0,185
21-03-2021,NE,Niger,AFRO,7,4918,0,185
22-03-2021,NE,Niger,AFRO,0,4918,0,185
23-03-2021,NE,Niger,AFRO,0,4918,0,185
24-03-2021,NE,Niger,AFRO,21,4939,0,185
25-03-2021,NE,Niger,AFRO,16,4955,0,185
26-03-2021,NE,Niger,AFRO,0,4955,0,185
27-03-2021,NE,Niger,AFRO,17,4972,0,185
28-03-2021,NE,Niger,AFRO,15,4987,0,185
29-03-2021,NE,Niger,AFRO,0,4987,0,185
30-03-2021,NE,Niger,AFRO,14,5001,1,186
31-03-2021,NE,Niger,AFRO,2,5003,0,186
01-04-2021,NE,Niger,AFRO,18,5021,1,187
02-04-2021,NE,Niger,AFRO,5,5026,0,187
03-04-2021,NE,Niger,AFRO,2,5028,1,188
04-04-2021,NE,Niger,AFRO,5,5033,0,188
05-04-2021,NE,Niger,AFRO,8,5041,0,188
06-04-2021,NE,Niger,AFRO,1,5042,0,188
07-04-2021,NE,Niger,AFRO,0,5042,0,188
08-04-2021,NE,Niger,AFRO,10,5052,0,188
09-04-2021,NE,Niger,AFRO,0,5052,0,188
10-04-2021,NE,Niger,AFRO,10,5062,0,188
11-04-2021,NE,Niger,AFRO,10,5072,0,188
12-04-2021,NE,Niger,AFRO,2,5074,1,189
13-04-2021,NE,Niger,AFRO,0,5074,0,189
14-04-2021,NE,Niger,AFRO,34,5108,1,190
15-04-2021,NE,Niger,AFRO,5,5113,0,190
16-04-2021,NE,Niger,AFRO,1,5114,0,190
17-04-2021,NE,Niger,AFRO,0,5114,0,190
18-04-2021,NE,Niger,AFRO,0,5114,0,190
19-04-2021,NE,Niger,AFRO,17,5131,0,190
20-04-2021,NE,Niger,AFRO,6,5137,1,191
21-04-2021,NE,Niger,AFRO,3,5140,0,191
22-04-2021,NE,Niger,AFRO,1,5141,0,191
23-04-2021,NE,Niger,AFRO,0,5141,0,191
24-04-2021,NE,Niger,AFRO,0,5141,0,191
25-04-2021,NE,Niger,AFRO,17,5158,0,191
26-04-2021,NE,Niger,AFRO,33,5191,0,191
27-04-2021,NE,Niger,AFRO,13,5204,0,191
28-04-2021,NE,Niger,AFRO,0,5204,0,191
29-04-2021,NE,Niger,AFRO,20,5224,0,191
30-04-2021,NE,Niger,AFRO,0,5224,0,191
01-05-2021,NE,Niger,AFRO,4,5228,0,191
02-05-2021,NE,Niger,AFRO,0,5228,0,191
03-05-2021,NE,Niger,AFRO,23,5251,0,191
04-05-2021,NE,Niger,AFRO,10,5261,0,191
05-05-2021,NE,Niger,AFRO,25,5286,1,192
06-05-2021,NE,Niger,AFRO,23,5309,0,192
07-05-2021,NE,Niger,AFRO,0,5309,0,192
08-05-2021,NE,Niger,AFRO,1,5310,0,192
09-05-2021,NE,Niger,AFRO,9,5319,0,192
10-05-2021,NE,Niger,AFRO,2,5321,0,192
11-05-2021,NE,Niger,AFRO,1,5322,0,192
12-05-2021,NE,Niger,AFRO,2,5324,0,192
13-05-2021,NE,Niger,AFRO,1,5325,0,192
14-05-2021,NE,Niger,AFRO,1,5326,0,192
15-05-2021,NE,Niger,AFRO,0,5326,0,192
16-05-2021,NE,Niger,AFRO,4,5330,0,192
17-05-2021,NE,Niger,AFRO,3,5333,0,192
18-05-2021,NE,Niger,AFRO,6,5339,0,192
19-05-2021,NE,Niger,AFRO,0,5339,0,192
20-05-2021,NE,Niger,AFRO,17,5356,0,192
21-05-2021,NE,Niger,AFRO,5,5361,0,192
22-05-2021,NE,Niger,AFRO,3,5364,0,192
23-05-2021,NE,Niger,AFRO,0,5364,0,192
24-05-2021,NE,Niger,AFRO,19,5383,0,192
25-05-2021,NE,Niger,AFRO,2,5385,0,192
26-05-2021,NE,Niger,AFRO,4,5389,0,192
27-05-2021,NE,Niger,AFRO,9,5398,0,192
28-05-2021,NE,Niger,AFRO,8,5406,0,192
29-05-2021,NE,Niger,AFRO,3,5409,0,192
30-05-2021,NE,Niger,AFRO,1,5410,0,192
01-01-2021,NG,Nigeria,AFRO,934,87510,11,1289
02-01-2021,NG,Nigeria,AFRO,0,87510,0,1289
03-01-2021,NG,Nigeria,AFRO,1653,89163,13,1302
04-01-2021,NG,Nigeria,AFRO,917,90080,9,1311
05-01-2021,NG,Nigeria,AFRO,1204,91284,7,1318
06-01-2021,NG,Nigeria,AFRO,1421,92705,1,1319
07-01-2021,NG,Nigeria,AFRO,1664,94369,5,1324
08-01-2021,NG,Nigeria,AFRO,1565,95934,6,1330
09-01-2021,NG,Nigeria,AFRO,1544,97478,12,1342
10-01-2021,NG,Nigeria,AFRO,0,97478,0,1342
11-01-2021,NG,Nigeria,AFRO,2609,100087,16,1358
12-01-2021,NG,Nigeria,AFRO,1244,101331,3,1361
13-01-2021,NG,Nigeria,AFRO,1270,102601,12,1373
14-01-2021,NG,Nigeria,AFRO,1398,103999,9,1382
15-01-2021,NG,Nigeria,AFRO,1479,105478,23,1405
16-01-2021,NG,Nigeria,AFRO,1867,107345,8,1413
17-01-2021,NG,Nigeria,AFRO,1598,108943,7,1420
18-01-2021,NG,Nigeria,AFRO,1444,110387,15,1435
19-01-2021,NG,Nigeria,AFRO,1617,112004,14,1449
20-01-2021,NG,Nigeria,AFRO,1301,113305,15,1464
21-01-2021,NG,Nigeria,AFRO,1386,114691,14,1478
22-01-2021,NG,Nigeria,AFRO,1962,116653,7,1485
23-01-2021,NG,Nigeria,AFRO,1485,118138,5,1490
24-01-2021,NG,Nigeria,AFRO,2464,120602,5,1495
25-01-2021,NG,Nigeria,AFRO,964,121566,2,1497
26-01-2021,NG,Nigeria,AFRO,1430,122996,10,1507
27-01-2021,NG,Nigeria,AFRO,1303,124299,15,1522
28-01-2021,NG,Nigeria,AFRO,1861,126160,21,1543
29-01-2021,NG,Nigeria,AFRO,864,127024,4,1547
30-01-2021,NG,Nigeria,AFRO,1650,128674,30,1577
31-01-2021,NG,Nigeria,AFRO,1883,130557,1,1578
01-02-2021,NG,Nigeria,AFRO,685,131242,8,1586
02-02-2021,NG,Nigeria,AFRO,676,131918,21,1607
03-02-2021,NG,Nigeria,AFRO,1634,133552,6,1613
04-02-2021,NG,Nigeria,AFRO,1138,134690,5,1618
05-02-2021,NG,Nigeria,AFRO,1340,136030,14,1632
06-02-2021,NG,Nigeria,AFRO,1624,137654,9,1641
07-02-2021,NG,Nigeria,AFRO,1588,139242,6,1647
08-02-2021,NG,Nigeria,AFRO,506,139748,20,1667
09-02-2021,NG,Nigeria,AFRO,643,140391,6,1673
10-02-2021,NG,Nigeria,AFRO,1056,141447,21,1694
11-02-2021,NG,Nigeria,AFRO,1131,142578,8,1702
12-02-2021,NG,Nigeria,AFRO,938,143516,8,1710
13-02-2021,NG,Nigeria,AFRO,1005,144521,24,1734
14-02-2021,NG,Nigeria,AFRO,1143,145664,13,1747
15-02-2021,NG,Nigeria,AFRO,520,146184,5,1752
16-02-2021,NG,Nigeria,AFRO,744,146928,0,1752
17-02-2021,NG,Nigeria,AFRO,1368,148296,25,1777
18-02-2021,NG,Nigeria,AFRO,1073,149369,10,1787
19-02-2021,NG,Nigeria,AFRO,877,150246,16,1803
20-02-2021,NG,Nigeria,AFRO,662,150908,10,1813
21-02-2021,NG,Nigeria,AFRO,645,151553,18,1831
22-02-2021,NG,Nigeria,AFRO,521,152074,8,1839
23-02-2021,NG,Nigeria,AFRO,542,152616,23,1862
24-02-2021,NG,Nigeria,AFRO,571,153187,12,1874
25-02-2021,NG,Nigeria,AFRO,655,153842,11,1885
26-02-2021,NG,Nigeria,AFRO,634,154476,6,1891
27-02-2021,NG,Nigeria,AFRO,600,155076,11,1902
28-02-2021,NG,Nigeria,AFRO,341,155417,3,1905
01-03-2021,NG,Nigeria,AFRO,240,155657,2,1907
02-03-2021,NG,Nigeria,AFRO,360,156017,8,1915
03-03-2021,NG,Nigeria,AFRO,479,156496,8,1923
04-03-2021,NG,Nigeria,AFRO,467,156963,16,1939
05-03-2021,NG,Nigeria,AFRO,708,157671,12,1951
06-03-2021,NG,Nigeria,AFRO,371,158042,3,1954
07-03-2021,NG,Nigeria,AFRO,195,158237,10,1964
08-03-2021,NG,Nigeria,AFRO,269,158506,5,1969
09-03-2021,NG,Nigeria,AFRO,400,158906,13,1982
10-03-2021,NG,Nigeria,AFRO,346,159252,6,1988
11-03-2021,NG,Nigeria,AFRO,394,159646,5,1993
12-03-2021,NG,Nigeria,AFRO,0,159646,0,1993
13-03-2021,NG,Nigeria,AFRO,686,160332,16,2009
14-03-2021,NG,Nigeria,AFRO,205,160537,4,2013
15-03-2021,NG,Nigeria,AFRO,120,160657,0,2013
16-03-2021,NG,Nigeria,AFRO,238,160895,3,2016
17-03-2021,NG,Nigeria,AFRO,179,161074,2,2018
18-03-2021,NG,Nigeria,AFRO,187,161261,9,2027
19-03-2021,NG,Nigeria,AFRO,148,161409,0,2027
20-03-2021,NG,Nigeria,AFRO,130,161539,0,2027
21-03-2021,NG,Nigeria,AFRO,112,161651,3,2030
22-03-2021,NG,Nigeria,AFRO,86,161737,0,2030
23-03-2021,NG,Nigeria,AFRO,131,161868,0,2030
24-03-2021,NG,Nigeria,AFRO,214,162082,1,2031
25-03-2021,NG,Nigeria,AFRO,96,162178,0,2031
26-03-2021,NG,Nigeria,AFRO,0,162178,0,2031
27-03-2021,NG,Nigeria,AFRO,210,162388,8,2039
28-03-2021,NG,Nigeria,AFRO,101,162489,2,2041
29-03-2021,NG,Nigeria,AFRO,104,162593,7,2048
30-03-2021,NG,Nigeria,AFRO,48,162641,1,2049
31-03-2021,NG,Nigeria,AFRO,121,162762,7,2056
01-04-2021,NG,Nigeria,AFRO,129,162891,1,2057
02-04-2021,NG,Nigeria,AFRO,106,162997,1,2058
03-04-2021,NG,Nigeria,AFRO,66,163063,0,2058
04-04-2021,NG,Nigeria,AFRO,50,163113,0,2058
05-04-2021,NG,Nigeria,AFRO,82,163195,0,2058
06-04-2021,NG,Nigeria,AFRO,135,163330,0,2058
07-04-2021,NG,Nigeria,AFRO,0,163330,0,2058
08-04-2021,NG,Nigeria,AFRO,168,163498,0,2058
09-04-2021,NG,Nigeria,AFRO,83,163581,0,2058
10-04-2021,NG,Nigeria,AFRO,0,163581,0,2058
11-04-2021,NG,Nigeria,AFRO,155,163736,2,2060
12-04-2021,NG,Nigeria,AFRO,57,163793,0,2060
13-04-2021,NG,Nigeria,AFRO,0,163793,0,2060
14-04-2021,NG,Nigeria,AFRO,44,163837,1,2061
15-04-2021,NG,Nigeria,AFRO,74,163911,0,2061
16-04-2021,NG,Nigeria,AFRO,89,164000,0,2061
17-04-2021,NG,Nigeria,AFRO,147,164147,0,2061
18-04-2021,NG,Nigeria,AFRO,0,164147,0,2061
19-04-2021,NG,Nigeria,AFRO,86,164233,0,2061
20-04-2021,NG,Nigeria,AFRO,70,164303,0,2061
21-04-2021,NG,Nigeria,AFRO,120,164423,0,2061
22-04-2021,NG,Nigeria,AFRO,0,164423,0,2061
23-04-2021,NG,Nigeria,AFRO,165,164588,0,2061
24-04-2021,NG,Nigeria,AFRO,45,164633,0,2061
25-04-2021,NG,Nigeria,AFRO,51,164684,0,2061
26-04-2021,NG,Nigeria,AFRO,35,164719,1,2062
27-04-2021,NG,Nigeria,AFRO,37,164756,0,2062
28-04-2021,NG,Nigeria,AFRO,156,164912,0,2062
29-04-2021,NG,Nigeria,AFRO,81,164993,1,2063
30-04-2021,NG,Nigeria,AFRO,62,165055,0,2063
01-05-2021,NG,Nigeria,AFRO,55,165110,0,2063
02-05-2021,NG,Nigeria,AFRO,43,165153,0,2063
03-05-2021,NG,Nigeria,AFRO,14,165167,0,2063
04-05-2021,NG,Nigeria,AFRO,32,165199,0,2063
05-05-2021,NG,Nigeria,AFRO,34,165233,0,2063
06-05-2021,NG,Nigeria,AFRO,40,165273,0,2063
07-05-2021,NG,Nigeria,AFRO,40,165313,2,2065
08-05-2021,NG,Nigeria,AFRO,39,165352,0,2065
09-05-2021,NG,Nigeria,AFRO,30,165382,0,2065
10-05-2021,NG,Nigeria,AFRO,37,165419,0,2065
11-05-2021,NG,Nigeria,AFRO,49,165468,0,2065
12-05-2021,NG,Nigeria,AFRO,47,165515,0,2065
13-05-2021,NG,Nigeria,AFRO,44,165559,1,2066
14-05-2021,NG,Nigeria,AFRO,53,165612,0,2066
15-05-2021,NG,Nigeria,AFRO,49,165661,0,2066
16-05-2021,NG,Nigeria,AFRO,41,165702,0,2066
17-05-2021,NG,Nigeria,AFRO,7,165709,0,2066
18-05-2021,NG,Nigeria,AFRO,69,165778,1,2067
19-05-2021,NG,Nigeria,AFRO,29,165807,0,2067
20-05-2021,NG,Nigeria,AFRO,45,165852,0,2067
21-05-2021,NG,Nigeria,AFRO,49,165901,0,2067
22-05-2021,NG,Nigeria,AFRO,43,165944,0,2067
23-05-2021,NG,Nigeria,AFRO,35,165979,0,2067
24-05-2021,NG,Nigeria,AFRO,40,166019,0,2067
25-05-2021,NG,Nigeria,AFRO,42,166061,0,2067
26-05-2021,NG,Nigeria,AFRO,37,166098,4,2071
27-05-2021,NG,Nigeria,AFRO,48,166146,0,2071
28-05-2021,NG,Nigeria,AFRO,45,166191,0,2071
29-05-2021,NG,Nigeria,AFRO,63,166254,0,2071
30-05-2021,NG,Nigeria,AFRO,31,166285,0,2071
01-01-2021,NU,Niue,WPRO,0,0,0,0
02-01-2021,NU,Niue,WPRO,0,0,0,0
03-01-2021,NU,Niue,WPRO,0,0,0,0
04-01-2021,NU,Niue,WPRO,0,0,0,0
05-01-2021,NU,Niue,WPRO,0,0,0,0
06-01-2021,NU,Niue,WPRO,0,0,0,0
07-01-2021,NU,Niue,WPRO,0,0,0,0
08-01-2021,NU,Niue,WPRO,0,0,0,0
09-01-2021,NU,Niue,WPRO,0,0,0,0
10-01-2021,NU,Niue,WPRO,0,0,0,0
11-01-2021,NU,Niue,WPRO,0,0,0,0
12-01-2021,NU,Niue,WPRO,0,0,0,0
13-01-2021,NU,Niue,WPRO,0,0,0,0
14-01-2021,NU,Niue,WPRO,0,0,0,0
15-01-2021,NU,Niue,WPRO,0,0,0,0
16-01-2021,NU,Niue,WPRO,0,0,0,0
17-01-2021,NU,Niue,WPRO,0,0,0,0
18-01-2021,NU,Niue,WPRO,0,0,0,0
19-01-2021,NU,Niue,WPRO,0,0,0,0
20-01-2021,NU,Niue,WPRO,0,0,0,0
21-01-2021,NU,Niue,WPRO,0,0,0,0
22-01-2021,NU,Niue,WPRO,0,0,0,0
23-01-2021,NU,Niue,WPRO,0,0,0,0
24-01-2021,NU,Niue,WPRO,0,0,0,0
25-01-2021,NU,Niue,WPRO,0,0,0,0
26-01-2021,NU,Niue,WPRO,0,0,0,0
27-01-2021,NU,Niue,WPRO,0,0,0,0
28-01-2021,NU,Niue,WPRO,0,0,0,0
29-01-2021,NU,Niue,WPRO,0,0,0,0
30-01-2021,NU,Niue,WPRO,0,0,0,0
31-01-2021,NU,Niue,WPRO,0,0,0,0
01-02-2021,NU,Niue,WPRO,0,0,0,0
02-02-2021,NU,Niue,WPRO,0,0,0,0
03-02-2021,NU,Niue,WPRO,0,0,0,0
04-02-2021,NU,Niue,WPRO,0,0,0,0
05-02-2021,NU,Niue,WPRO,0,0,0,0
06-02-2021,NU,Niue,WPRO,0,0,0,0
07-02-2021,NU,Niue,WPRO,0,0,0,0
08-02-2021,NU,Niue,WPRO,0,0,0,0
09-02-2021,NU,Niue,WPRO,0,0,0,0
10-02-2021,NU,Niue,WPRO,0,0,0,0
11-02-2021,NU,Niue,WPRO,0,0,0,0
12-02-2021,NU,Niue,WPRO,0,0,0,0
13-02-2021,NU,Niue,WPRO,0,0,0,0
14-02-2021,NU,Niue,WPRO,0,0,0,0
15-02-2021,NU,Niue,WPRO,0,0,0,0
16-02-2021,NU,Niue,WPRO,0,0,0,0
17-02-2021,NU,Niue,WPRO,0,0,0,0
18-02-2021,NU,Niue,WPRO,0,0,0,0
19-02-2021,NU,Niue,WPRO,0,0,0,0
20-02-2021,NU,Niue,WPRO,0,0,0,0
21-02-2021,NU,Niue,WPRO,0,0,0,0
22-02-2021,NU,Niue,WPRO,0,0,0,0
23-02-2021,NU,Niue,WPRO,0,0,0,0
24-02-2021,NU,Niue,WPRO,0,0,0,0
25-02-2021,NU,Niue,WPRO,0,0,0,0
26-02-2021,NU,Niue,WPRO,0,0,0,0
27-02-2021,NU,Niue,WPRO,0,0,0,0
28-02-2021,NU,Niue,WPRO,0,0,0,0
01-03-2021,NU,Niue,WPRO,0,0,0,0
02-03-2021,NU,Niue,WPRO,0,0,0,0
03-03-2021,NU,Niue,WPRO,0,0,0,0
04-03-2021,NU,Niue,WPRO,0,0,0,0
05-03-2021,NU,Niue,WPRO,0,0,0,0
06-03-2021,NU,Niue,WPRO,0,0,0,0
07-03-2021,NU,Niue,WPRO,0,0,0,0
08-03-2021,NU,Niue,WPRO,0,0,0,0
09-03-2021,NU,Niue,WPRO,0,0,0,0
10-03-2021,NU,Niue,WPRO,0,0,0,0
11-03-2021,NU,Niue,WPRO,0,0,0,0
12-03-2021,NU,Niue,WPRO,0,0,0,0
13-03-2021,NU,Niue,WPRO,0,0,0,0
14-03-2021,NU,Niue,WPRO,0,0,0,0
15-03-2021,NU,Niue,WPRO,0,0,0,0
16-03-2021,NU,Niue,WPRO,0,0,0,0
17-03-2021,NU,Niue,WPRO,0,0,0,0
18-03-2021,NU,Niue,WPRO,0,0,0,0
19-03-2021,NU,Niue,WPRO,0,0,0,0
20-03-2021,NU,Niue,WPRO,0,0,0,0
21-03-2021,NU,Niue,WPRO,0,0,0,0
22-03-2021,NU,Niue,WPRO,0,0,0,0
23-03-2021,NU,Niue,WPRO,0,0,0,0
24-03-2021,NU,Niue,WPRO,0,0,0,0
25-03-2021,NU,Niue,WPRO,0,0,0,0
26-03-2021,NU,Niue,WPRO,0,0,0,0
27-03-2021,NU,Niue,WPRO,0,0,0,0
28-03-2021,NU,Niue,WPRO,0,0,0,0
29-03-2021,NU,Niue,WPRO,0,0,0,0
30-03-2021,NU,Niue,WPRO,0,0,0,0
31-03-2021,NU,Niue,WPRO,0,0,0,0
01-04-2021,NU,Niue,WPRO,0,0,0,0
02-04-2021,NU,Niue,WPRO,0,0,0,0
03-04-2021,NU,Niue,WPRO,0,0,0,0
04-04-2021,NU,Niue,WPRO,0,0,0,0
05-04-2021,NU,Niue,WPRO,0,0,0,0
06-04-2021,NU,Niue,WPRO,0,0,0,0
07-04-2021,NU,Niue,WPRO,0,0,0,0
08-04-2021,NU,Niue,WPRO,0,0,0,0
09-04-2021,NU,Niue,WPRO,0,0,0,0
10-04-2021,NU,Niue,WPRO,0,0,0,0
11-04-2021,NU,Niue,WPRO,0,0,0,0
12-04-2021,NU,Niue,WPRO,0,0,0,0
13-04-2021,NU,Niue,WPRO,0,0,0,0
14-04-2021,NU,Niue,WPRO,0,0,0,0
15-04-2021,NU,Niue,WPRO,0,0,0,0
16-04-2021,NU,Niue,WPRO,0,0,0,0
17-04-2021,NU,Niue,WPRO,0,0,0,0
18-04-2021,NU,Niue,WPRO,0,0,0,0
19-04-2021,NU,Niue,WPRO,0,0,0,0
20-04-2021,NU,Niue,WPRO,0,0,0,0
21-04-2021,NU,Niue,WPRO,0,0,0,0
22-04-2021,NU,Niue,WPRO,0,0,0,0
23-04-2021,NU,Niue,WPRO,0,0,0,0
24-04-2021,NU,Niue,WPRO,0,0,0,0
25-04-2021,NU,Niue,WPRO,0,0,0,0
26-04-2021,NU,Niue,WPRO,0,0,0,0
27-04-2021,NU,Niue,WPRO,0,0,0,0
28-04-2021,NU,Niue,WPRO,0,0,0,0
29-04-2021,NU,Niue,WPRO,0,0,0,0
30-04-2021,NU,Niue,WPRO,0,0,0,0
01-05-2021,NU,Niue,WPRO,0,0,0,0
02-05-2021,NU,Niue,WPRO,0,0,0,0
03-05-2021,NU,Niue,WPRO,0,0,0,0
04-05-2021,NU,Niue,WPRO,0,0,0,0
05-05-2021,NU,Niue,WPRO,0,0,0,0
06-05-2021,NU,Niue,WPRO,0,0,0,0
07-05-2021,NU,Niue,WPRO,0,0,0,0
08-05-2021,NU,Niue,WPRO,0,0,0,0
09-05-2021,NU,Niue,WPRO,0,0,0,0
10-05-2021,NU,Niue,WPRO,0,0,0,0
11-05-2021,NU,Niue,WPRO,0,0,0,0
12-05-2021,NU,Niue,WPRO,0,0,0,0
13-05-2021,NU,Niue,WPRO,0,0,0,0
14-05-2021,NU,Niue,WPRO,0,0,0,0
15-05-2021,NU,Niue,WPRO,0,0,0,0
16-05-2021,NU,Niue,WPRO,0,0,0,0
17-05-2021,NU,Niue,WPRO,0,0,0,0
18-05-2021,NU,Niue,WPRO,0,0,0,0
19-05-2021,NU,Niue,WPRO,0,0,0,0
20-05-2021,NU,Niue,WPRO,0,0,0,0
21-05-2021,NU,Niue,WPRO,0,0,0,0
22-05-2021,NU,Niue,WPRO,0,0,0,0
23-05-2021,NU,Niue,WPRO,0,0,0,0
24-05-2021,NU,Niue,WPRO,0,0,0,0
25-05-2021,NU,Niue,WPRO,0,0,0,0
26-05-2021,NU,Niue,WPRO,0,0,0,0
27-05-2021,NU,Niue,WPRO,0,0,0,0
28-05-2021,NU,Niue,WPRO,0,0,0,0
29-05-2021,NU,Niue,WPRO,0,0,0,0
30-05-2021,NU,Niue,WPRO,0,0,0,0
01-01-2021,MK,North Macedonia,EURO,535,83329,15,2503
02-01-2021,MK,North Macedonia,EURO,414,83743,7,2510
03-01-2021,MK,North Macedonia,EURO,46,83789,12,2522
04-01-2021,MK,North Macedonia,EURO,235,84024,8,2530
05-01-2021,MK,North Macedonia,EURO,105,84129,20,2550
06-01-2021,MK,North Macedonia,EURO,580,84709,9,2559
07-01-2021,MK,North Macedonia,EURO,619,85328,12,2571
08-01-2021,MK,North Macedonia,EURO,166,85494,10,2581
09-01-2021,MK,North Macedonia,EURO,100,85594,11,2592
10-01-2021,MK,North Macedonia,EURO,556,86150,22,2614
11-01-2021,MK,North Macedonia,EURO,344,86494,8,2622
12-01-2021,MK,North Macedonia,EURO,103,86597,13,2635
13-01-2021,MK,North Macedonia,EURO,520,87117,12,2647
14-01-2021,MK,North Macedonia,EURO,473,87590,10,2657
15-01-2021,MK,North Macedonia,EURO,396,87986,15,2672
16-01-2021,MK,North Macedonia,EURO,403,88389,10,2682
17-01-2021,MK,North Macedonia,EURO,360,88749,14,2696
18-01-2021,MK,North Macedonia,EURO,189,88938,6,2702
19-01-2021,MK,North Macedonia,EURO,54,88992,13,2715
20-01-2021,MK,North Macedonia,EURO,400,89392,11,2726
21-01-2021,MK,North Macedonia,EURO,71,89463,13,2739
22-01-2021,MK,North Macedonia,EURO,354,89817,15,2754
23-01-2021,MK,North Macedonia,EURO,307,90124,14,2768
24-01-2021,MK,North Macedonia,EURO,347,90471,11,2779
25-01-2021,MK,North Macedonia,EURO,183,90654,6,2785
26-01-2021,MK,North Macedonia,EURO,63,90717,6,2791
27-01-2021,MK,North Macedonia,EURO,444,91161,21,2812
28-01-2021,MK,North Macedonia,EURO,394,91555,9,2821
29-01-2021,MK,North Macedonia,EURO,336,91891,10,2831
30-01-2021,MK,North Macedonia,EURO,302,92193,10,2841
31-01-2021,MK,North Macedonia,EURO,325,92518,7,2848
01-02-2021,MK,North Macedonia,EURO,175,92693,7,2855
02-02-2021,MK,North Macedonia,EURO,60,92753,11,2866
03-02-2021,MK,North Macedonia,EURO,407,93160,7,2873
04-02-2021,MK,North Macedonia,EURO,350,93510,20,2893
05-02-2021,MK,North Macedonia,EURO,372,93882,7,2900
06-02-2021,MK,North Macedonia,EURO,314,94196,8,2908
07-02-2021,MK,North Macedonia,EURO,403,94599,8,2916
08-02-2021,MK,North Macedonia,EURO,199,94798,8,2924
09-02-2021,MK,North Macedonia,EURO,73,94871,22,2946
10-02-2021,MK,North Macedonia,EURO,476,95347,9,2955
11-02-2021,MK,North Macedonia,EURO,389,95736,4,2959
12-02-2021,MK,North Macedonia,EURO,416,96152,7,2966
13-02-2021,MK,North Macedonia,EURO,366,96518,5,2971
14-02-2021,MK,North Macedonia,EURO,354,96872,5,2976
15-02-2021,MK,North Macedonia,EURO,180,97052,13,2989
16-02-2021,MK,North Macedonia,EURO,49,97101,9,2998
17-02-2021,MK,North Macedonia,EURO,355,97456,5,3003
18-02-2021,MK,North Macedonia,EURO,347,97803,7,3010
19-02-2021,MK,North Macedonia,EURO,371,98174,8,3018
20-02-2021,MK,North Macedonia,EURO,410,98584,19,3037
21-02-2021,MK,North Macedonia,EURO,447,99031,10,3047
22-02-2021,MK,North Macedonia,EURO,254,99285,16,3063
23-02-2021,MK,North Macedonia,EURO,123,99408,13,3076
24-02-2021,MK,North Macedonia,EURO,509,99917,9,3085
25-02-2021,MK,North Macedonia,EURO,715,100632,13,3098
26-02-2021,MK,North Macedonia,EURO,582,101214,13,3111
27-02-2021,MK,North Macedonia,EURO,548,101762,8,3119
28-02-2021,MK,North Macedonia,EURO,720,102482,7,3126
01-03-2021,MK,North Macedonia,EURO,305,102787,11,3137
02-03-2021,MK,North Macedonia,EURO,233,103020,7,3144
03-03-2021,MK,North Macedonia,EURO,726,103746,7,3151
04-03-2021,MK,North Macedonia,EURO,802,104548,5,3156
05-03-2021,MK,North Macedonia,EURO,721,105269,9,3165
06-03-2021,MK,North Macedonia,EURO,841,106110,11,3176
07-03-2021,MK,North Macedonia,EURO,722,106832,9,3185
08-03-2021,MK,North Macedonia,EURO,331,107163,10,3195
09-03-2021,MK,North Macedonia,EURO,316,107479,11,3206
10-03-2021,MK,North Macedonia,EURO,871,108350,22,3228
11-03-2021,MK,North Macedonia,EURO,912,109262,16,3244
12-03-2021,MK,North Macedonia,EURO,947,110209,21,3265
13-03-2021,MK,North Macedonia,EURO,868,111077,15,3280
14-03-2021,MK,North Macedonia,EURO,1030,112107,20,3300
15-03-2021,MK,North Macedonia,EURO,539,112646,19,3319
16-03-2021,MK,North Macedonia,EURO,284,112930,21,3340
17-03-2021,MK,North Macedonia,EURO,999,113929,24,3364
18-03-2021,MK,North Macedonia,EURO,1293,115222,24,3388
19-03-2021,MK,North Macedonia,EURO,1216,116438,15,3403
20-03-2021,MK,North Macedonia,EURO,999,117437,21,3424
21-03-2021,MK,North Macedonia,EURO,1299,118736,24,3448
22-03-2021,MK,North Macedonia,EURO,642,119378,25,3473
23-03-2021,MK,North Macedonia,EURO,450,119828,30,3503
24-03-2021,MK,North Macedonia,EURO,1054,120882,25,3528
25-03-2021,MK,North Macedonia,EURO,1345,122227,17,3545
26-03-2021,MK,North Macedonia,EURO,1264,123491,29,3574
27-03-2021,MK,North Macedonia,EURO,1419,124910,33,3607
28-03-2021,MK,North Macedonia,EURO,1320,126230,35,3642
29-03-2021,MK,North Macedonia,EURO,708,126938,33,3675
30-03-2021,MK,North Macedonia,EURO,302,127240,41,3716
31-03-2021,MK,North Macedonia,EURO,1271,128511,33,3749
01-04-2021,MK,North Macedonia,EURO,1511,130022,32,3781
02-04-2021,MK,North Macedonia,EURO,1402,131424,29,3810
03-04-2021,MK,North Macedonia,EURO,1316,132740,50,3860
04-04-2021,MK,North Macedonia,EURO,184,132924,0,3860
05-04-2021,MK,North Macedonia,EURO,1394,134318,45,3905
06-04-2021,MK,North Macedonia,EURO,849,135167,72,3977
07-04-2021,MK,North Macedonia,EURO,1259,136426,45,4022
08-04-2021,MK,North Macedonia,EURO,1302,137728,51,4073
09-04-2021,MK,North Macedonia,EURO,1163,138891,35,4108
10-04-2021,MK,North Macedonia,EURO,1174,140065,42,4150
11-04-2021,MK,North Macedonia,EURO,1092,141157,32,4182
12-04-2021,MK,North Macedonia,EURO,687,141844,46,4228
13-04-2021,MK,North Macedonia,EURO,190,142034,34,4262
14-04-2021,MK,North Macedonia,EURO,1128,143162,27,4289
15-04-2021,MK,North Macedonia,EURO,949,144111,33,4322
16-04-2021,MK,North Macedonia,EURO,890,145001,35,4357
17-04-2021,MK,North Macedonia,EURO,908,145909,31,4388
18-04-2021,MK,North Macedonia,EURO,824,146733,31,4419
19-04-2021,MK,North Macedonia,EURO,361,147094,24,4443
20-04-2021,MK,North Macedonia,EURO,135,147229,35,4478
21-04-2021,MK,North Macedonia,EURO,766,147995,31,4509
22-04-2021,MK,North Macedonia,EURO,623,148618,47,4556
23-04-2021,MK,North Macedonia,EURO,603,149221,39,4595
24-04-2021,MK,North Macedonia,EURO,489,149710,33,4628
25-04-2021,MK,North Macedonia,EURO,564,150274,22,4650
26-04-2021,MK,North Macedonia,EURO,314,150588,27,4677
27-04-2021,MK,North Macedonia,EURO,84,150672,37,4714
28-04-2021,MK,North Macedonia,EURO,450,151122,28,4742
29-04-2021,MK,North Macedonia,EURO,447,151569,30,4772
30-04-2021,MK,North Macedonia,EURO,181,151750,0,4772
01-05-2021,MK,North Macedonia,EURO,617,152367,83,4855
02-05-2021,MK,North Macedonia,EURO,214,152581,36,4891
03-05-2021,MK,North Macedonia,EURO,104,152685,45,4936
04-05-2021,MK,North Macedonia,EURO,62,152747,25,4961
05-05-2021,MK,North Macedonia,EURO,67,152814,31,4992
06-05-2021,MK,North Macedonia,EURO,323,153137,24,5016
07-05-2021,MK,North Macedonia,EURO,324,153461,26,5042
08-05-2021,MK,North Macedonia,EURO,233,153694,25,5067
09-05-2021,MK,North Macedonia,EURO,197,153891,12,5079
10-05-2021,MK,North Macedonia,EURO,135,154026,14,5093
11-05-2021,MK,North Macedonia,EURO,25,154051,16,5109
12-05-2021,MK,North Macedonia,EURO,171,154222,26,5135
13-05-2021,MK,North Macedonia,EURO,150,154372,16,5151
14-05-2021,MK,North Macedonia,EURO,122,154494,17,5168
15-05-2021,MK,North Macedonia,EURO,30,154524,16,5184
16-05-2021,MK,North Macedonia,EURO,112,154636,13,5197
17-05-2021,MK,North Macedonia,EURO,62,154698,14,5211
18-05-2021,MK,North Macedonia,EURO,27,154725,19,5230
19-05-2021,MK,North Macedonia,EURO,79,154804,2,5232
20-05-2021,MK,North Macedonia,EURO,87,154891,17,5249
21-05-2021,MK,North Macedonia,EURO,46,154937,16,5265
22-05-2021,MK,North Macedonia,EURO,45,154982,15,5280
23-05-2021,MK,North Macedonia,EURO,46,155028,16,5296
24-05-2021,MK,North Macedonia,EURO,35,155063,15,5311
25-05-2021,MK,North Macedonia,EURO,4,155067,18,5329
26-05-2021,MK,North Macedonia,EURO,4,155071,13,5342
27-05-2021,MK,North Macedonia,EURO,46,155117,14,5356
28-05-2021,MK,North Macedonia,EURO,52,155169,13,5369
29-05-2021,MK,North Macedonia,EURO,48,155217,18,5387
30-05-2021,MK,North Macedonia,EURO,29,155246,11,5398
01-01-2021,MP,Northern Mariana Islands (Commonwealth of the),WPRO,0,122,0,2
02-01-2021,MP,Northern Mariana Islands (Commonwealth of the),WPRO,0,122,0,2
03-01-2021,MP,Northern Mariana Islands (Commonwealth of the),WPRO,0,122,0,2
04-01-2021,MP,Northern Mariana Islands (Commonwealth of the),WPRO,2,124,0,2
05-01-2021,MP,Northern Mariana Islands (Commonwealth of the),WPRO,1,125,0,2
06-01-2021,MP,Northern Mariana Islands (Commonwealth of the),WPRO,0,125,0,2
07-01-2021,MP,Northern Mariana Islands (Commonwealth of the),WPRO,0,125,0,2
08-01-2021,MP,Northern Mariana Islands (Commonwealth of the),WPRO,0,125,0,2
09-01-2021,MP,Northern Mariana Islands (Commonwealth of the),WPRO,0,125,0,2
10-01-2021,MP,Northern Mariana Islands (Commonwealth of the),WPRO,0,125,0,2
11-01-2021,MP,Northern Mariana Islands (Commonwealth of the),WPRO,0,125,0,2
12-01-2021,MP,Northern Mariana Islands (Commonwealth of the),WPRO,3,128,0,2
13-01-2021,MP,Northern Mariana Islands (Commonwealth of the),WPRO,0,128,0,2
14-01-2021,MP,Northern Mariana Islands (Commonwealth of the),WPRO,0,128,0,2
15-01-2021,MP,Northern Mariana Islands (Commonwealth of the),WPRO,0,128,0,2
16-01-2021,MP,Northern Mariana Islands (Commonwealth of the),WPRO,0,128,0,2
17-01-2021,MP,Northern Mariana Islands (Commonwealth of the),WPRO,0,128,0,2
18-01-2021,MP,Northern Mariana Islands (Commonwealth of the),WPRO,1,129,0,2
19-01-2021,MP,Northern Mariana Islands (Commonwealth of the),WPRO,0,129,0,2
20-01-2021,MP,Northern Mariana Islands (Commonwealth of the),WPRO,0,129,0,2
21-01-2021,MP,Northern Mariana Islands (Commonwealth of the),WPRO,0,129,0,2
22-01-2021,MP,Northern Mariana Islands (Commonwealth of the),WPRO,0,129,0,2
23-01-2021,MP,Northern Mariana Islands (Commonwealth of the),WPRO,0,129,0,2
24-01-2021,MP,Northern Mariana Islands (Commonwealth of the),WPRO,3,132,0,2
25-01-2021,MP,Northern Mariana Islands (Commonwealth of the),WPRO,0,132,0,2
26-01-2021,MP,Northern Mariana Islands (Commonwealth of the),WPRO,0,132,0,2
27-01-2021,MP,Northern Mariana Islands (Commonwealth of the),WPRO,0,132,0,2
28-01-2021,MP,Northern Mariana Islands (Commonwealth of the),WPRO,0,132,0,2
29-01-2021,MP,Northern Mariana Islands (Commonwealth of the),WPRO,0,132,0,2
30-01-2021,MP,Northern Mariana Islands (Commonwealth of the),WPRO,0,132,0,2
31-01-2021,MP,Northern Mariana Islands (Commonwealth of the),WPRO,0,132,0,2
01-02-2021,MP,Northern Mariana Islands (Commonwealth of the),WPRO,0,132,0,2
02-02-2021,MP,Northern Mariana Islands (Commonwealth of the),WPRO,1,133,0,2
03-02-2021,MP,Northern Mariana Islands (Commonwealth of the),WPRO,0,133,0,2
04-02-2021,MP,Northern Mariana Islands (Commonwealth of the),WPRO,0,133,0,2
05-02-2021,MP,Northern Mariana Islands (Commonwealth of the),WPRO,0,133,0,2
06-02-2021,MP,Northern Mariana Islands (Commonwealth of the),WPRO,0,133,0,2
07-02-2021,MP,Northern Mariana Islands (Commonwealth of the),WPRO,0,133,0,2
08-02-2021,MP,Northern Mariana Islands (Commonwealth of the),WPRO,0,133,0,2
09-02-2021,MP,Northern Mariana Islands (Commonwealth of the),WPRO,0,133,0,2
10-02-2021,MP,Northern Mariana Islands (Commonwealth of the),WPRO,0,133,0,2
11-02-2021,MP,Northern Mariana Islands (Commonwealth of the),WPRO,0,133,0,2
12-02-2021,MP,Northern Mariana Islands (Commonwealth of the),WPRO,1,134,0,2
13-02-2021,MP,Northern Mariana Islands (Commonwealth of the),WPRO,0,134,0,2
14-02-2021,MP,Northern Mariana Islands (Commonwealth of the),WPRO,0,134,0,2
15-02-2021,MP,Northern Mariana Islands (Commonwealth of the),WPRO,0,134,0,2
16-02-2021,MP,Northern Mariana Islands (Commonwealth of the),WPRO,0,134,0,2
17-02-2021,MP,Northern Mariana Islands (Commonwealth of the),WPRO,1,135,0,2
18-02-2021,MP,Northern Mariana Islands (Commonwealth of the),WPRO,0,135,0,2
19-02-2021,MP,Northern Mariana Islands (Commonwealth of the),WPRO,0,135,0,2
20-02-2021,MP,Northern Mariana Islands (Commonwealth of the),WPRO,0,135,0,2
21-02-2021,MP,Northern Mariana Islands (Commonwealth of the),WPRO,0,135,0,2
22-02-2021,MP,Northern Mariana Islands (Commonwealth of the),WPRO,8,143,0,2
23-02-2021,MP,Northern Mariana Islands (Commonwealth of the),WPRO,0,143,0,2
24-02-2021,MP,Northern Mariana Islands (Commonwealth of the),WPRO,0,143,0,2
25-02-2021,MP,Northern Mariana Islands (Commonwealth of the),WPRO,0,143,0,2
26-02-2021,MP,Northern Mariana Islands (Commonwealth of the),WPRO,0,143,0,2
27-02-2021,MP,Northern Mariana Islands (Commonwealth of the),WPRO,0,143,0,2
28-02-2021,MP,Northern Mariana Islands (Commonwealth of the),WPRO,0,143,0,2
01-03-2021,MP,Northern Mariana Islands (Commonwealth of the),WPRO,0,143,0,2
02-03-2021,MP,Northern Mariana Islands (Commonwealth of the),WPRO,0,143,0,2
03-03-2021,MP,Northern Mariana Islands (Commonwealth of the),WPRO,1,144,0,2
04-03-2021,MP,Northern Mariana Islands (Commonwealth of the),WPRO,0,144,0,2
05-03-2021,MP,Northern Mariana Islands (Commonwealth of the),WPRO,0,144,0,2
06-03-2021,MP,Northern Mariana Islands (Commonwealth of the),WPRO,0,144,0,2
07-03-2021,MP,Northern Mariana Islands (Commonwealth of the),WPRO,1,145,0,2
08-03-2021,MP,Northern Mariana Islands (Commonwealth of the),WPRO,0,145,0,2
09-03-2021,MP,Northern Mariana Islands (Commonwealth of the),WPRO,1,146,0,2
10-03-2021,MP,Northern Mariana Islands (Commonwealth of the),WPRO,0,146,0,2
11-03-2021,MP,Northern Mariana Islands (Commonwealth of the),WPRO,0,146,0,2
12-03-2021,MP,Northern Mariana Islands (Commonwealth of the),WPRO,0,146,0,2
13-03-2021,MP,Northern Mariana Islands (Commonwealth of the),WPRO,1,147,0,2
14-03-2021,MP,Northern Mariana Islands (Commonwealth of the),WPRO,3,150,0,2
15-03-2021,MP,Northern Mariana Islands (Commonwealth of the),WPRO,4,154,0,2
16-03-2021,MP,Northern Mariana Islands (Commonwealth of the),WPRO,2,156,0,2
17-03-2021,MP,Northern Mariana Islands (Commonwealth of the),WPRO,0,156,0,2
18-03-2021,MP,Northern Mariana Islands (Commonwealth of the),WPRO,1,157,0,2
19-03-2021,MP,Northern Mariana Islands (Commonwealth of the),WPRO,0,157,0,2
20-03-2021,MP,Northern Mariana Islands (Commonwealth of the),WPRO,0,157,0,2
21-03-2021,MP,Northern Mariana Islands (Commonwealth of the),WPRO,0,157,0,2
22-03-2021,MP,Northern Mariana Islands (Commonwealth of the),WPRO,0,157,0,2
23-03-2021,MP,Northern Mariana Islands (Commonwealth of the),WPRO,1,158,0,2
24-03-2021,MP,Northern Mariana Islands (Commonwealth of the),WPRO,0,158,0,2
25-03-2021,MP,Northern Mariana Islands (Commonwealth of the),WPRO,1,159,0,2
26-03-2021,MP,Northern Mariana Islands (Commonwealth of the),WPRO,0,159,0,2
27-03-2021,MP,Northern Mariana Islands (Commonwealth of the),WPRO,0,159,0,2
28-03-2021,MP,Northern Mariana Islands (Commonwealth of the),WPRO,0,159,0,2
29-03-2021,MP,Northern Mariana Islands (Commonwealth of the),WPRO,0,159,0,2
30-03-2021,MP,Northern Mariana Islands (Commonwealth of the),WPRO,0,159,0,2
31-03-2021,MP,Northern Mariana Islands (Commonwealth of the),WPRO,0,159,0,2
01-04-2021,MP,Northern Mariana Islands (Commonwealth of the),WPRO,0,159,0,2
02-04-2021,MP,Northern Mariana Islands (Commonwealth of the),WPRO,0,159,0,2
03-04-2021,MP,Northern Mariana Islands (Commonwealth of the),WPRO,0,159,0,2
04-04-2021,MP,Northern Mariana Islands (Commonwealth of the),WPRO,0,159,0,2
05-04-2021,MP,Northern Mariana Islands (Commonwealth of the),WPRO,0,159,0,2
06-04-2021,MP,Northern Mariana Islands (Commonwealth of the),WPRO,0,159,0,2
07-04-2021,MP,Northern Mariana Islands (Commonwealth of the),WPRO,1,160,0,2
08-04-2021,MP,Northern Mariana Islands (Commonwealth of the),WPRO,0,160,0,2
09-04-2021,MP,Northern Mariana Islands (Commonwealth of the),WPRO,0,160,0,2
10-04-2021,MP,Northern Mariana Islands (Commonwealth of the),WPRO,0,160,0,2
11-04-2021,MP,Northern Mariana Islands (Commonwealth of the),WPRO,0,160,0,2
12-04-2021,MP,Northern Mariana Islands (Commonwealth of the),WPRO,0,160,0,2
13-04-2021,MP,Northern Mariana Islands (Commonwealth of the),WPRO,0,160,0,2
14-04-2021,MP,Northern Mariana Islands (Commonwealth of the),WPRO,0,160,0,2
15-04-2021,MP,Northern Mariana Islands (Commonwealth of the),WPRO,1,161,0,2
16-04-2021,MP,Northern Mariana Islands (Commonwealth of the),WPRO,1,162,0,2
17-04-2021,MP,Northern Mariana Islands (Commonwealth of the),WPRO,0,162,0,2
18-04-2021,MP,Northern Mariana Islands (Commonwealth of the),WPRO,0,162,0,2
19-04-2021,MP,Northern Mariana Islands (Commonwealth of the),WPRO,0,162,0,2
20-04-2021,MP,Northern Mariana Islands (Commonwealth of the),WPRO,0,162,0,2
21-04-2021,MP,Northern Mariana Islands (Commonwealth of the),WPRO,0,162,0,2
22-04-2021,MP,Northern Mariana Islands (Commonwealth of the),WPRO,0,162,0,2
23-04-2021,MP,Northern Mariana Islands (Commonwealth of the),WPRO,2,164,0,2
24-04-2021,MP,Northern Mariana Islands (Commonwealth of the),WPRO,0,164,0,2
25-04-2021,MP,Northern Mariana Islands (Commonwealth of the),WPRO,0,164,0,2
26-04-2021,MP,Northern Mariana Islands (Commonwealth of the),WPRO,0,164,0,2
27-04-2021,MP,Northern Mariana Islands (Commonwealth of the),WPRO,0,164,0,2
28-04-2021,MP,Northern Mariana Islands (Commonwealth of the),WPRO,0,164,0,2
29-04-2021,MP,Northern Mariana Islands (Commonwealth of the),WPRO,0,164,0,2
30-04-2021,MP,Northern Mariana Islands (Commonwealth of the),WPRO,0,164,0,2
01-05-2021,MP,Northern Mariana Islands (Commonwealth of the),WPRO,4,168,0,2
02-05-2021,MP,Northern Mariana Islands (Commonwealth of the),WPRO,0,168,0,2
03-05-2021,MP,Northern Mariana Islands (Commonwealth of the),WPRO,0,168,0,2
04-05-2021,MP,Northern Mariana Islands (Commonwealth of the),WPRO,0,168,0,2
05-05-2021,MP,Northern Mariana Islands (Commonwealth of the),WPRO,0,168,0,2
06-05-2021,MP,Northern Mariana Islands (Commonwealth of the),WPRO,0,168,0,2
07-05-2021,MP,Northern Mariana Islands (Commonwealth of the),WPRO,0,168,0,2
08-05-2021,MP,Northern Mariana Islands (Commonwealth of the),WPRO,1,169,0,2
09-05-2021,MP,Northern Mariana Islands (Commonwealth of the),WPRO,0,169,0,2
10-05-2021,MP,Northern Mariana Islands (Commonwealth of the),WPRO,1,170,0,2
11-05-2021,MP,Northern Mariana Islands (Commonwealth of the),WPRO,0,170,0,2
12-05-2021,MP,Northern Mariana Islands (Commonwealth of the),WPRO,0,170,0,2
13-05-2021,MP,Northern Mariana Islands (Commonwealth of the),WPRO,0,170,0,2
14-05-2021,MP,Northern Mariana Islands (Commonwealth of the),WPRO,0,170,0,2
15-05-2021,MP,Northern Mariana Islands (Commonwealth of the),WPRO,2,172,0,2
16-05-2021,MP,Northern Mariana Islands (Commonwealth of the),WPRO,1,173,0,2
17-05-2021,MP,Northern Mariana Islands (Commonwealth of the),WPRO,0,173,0,2
18-05-2021,MP,Northern Mariana Islands (Commonwealth of the),WPRO,0,173,0,2
19-05-2021,MP,Northern Mariana Islands (Commonwealth of the),WPRO,1,174,0,2
20-05-2021,MP,Northern Mariana Islands (Commonwealth of the),WPRO,1,175,0,2
21-05-2021,MP,Northern Mariana Islands (Commonwealth of the),WPRO,1,176,0,2
22-05-2021,MP,Northern Mariana Islands (Commonwealth of the),WPRO,5,181,0,2
23-05-2021,MP,Northern Mariana Islands (Commonwealth of the),WPRO,0,181,0,2
24-05-2021,MP,Northern Mariana Islands (Commonwealth of the),WPRO,0,181,0,2
25-05-2021,MP,Northern Mariana Islands (Commonwealth of the),WPRO,0,181,0,2
26-05-2021,MP,Northern Mariana Islands (Commonwealth of the),WPRO,0,181,0,2
27-05-2021,MP,Northern Mariana Islands (Commonwealth of the),WPRO,0,181,0,2
28-05-2021,MP,Northern Mariana Islands (Commonwealth of the),WPRO,2,183,0,2
29-05-2021,MP,Northern Mariana Islands (Commonwealth of the),WPRO,0,183,0,2
30-05-2021,MP,Northern Mariana Islands (Commonwealth of the),WPRO,0,183,0,2
01-01-2021,NO,Norway,EURO,0,48278,0,436
02-01-2021,NO,Norway,EURO,0,48278,0,436
03-01-2021,NO,Norway,EURO,0,48278,0,436
04-01-2021,NO,Norway,EURO,0,48278,0,436
05-01-2021,NO,Norway,EURO,2437,50715,13,449
06-01-2021,NO,Norway,EURO,525,51240,3,452
07-01-2021,NO,Norway,EURO,940,52180,14,466
08-01-2021,NO,Norway,EURO,787,52967,1,467
09-01-2021,NO,Norway,EURO,825,53792,4,471
10-01-2021,NO,Norway,EURO,0,53792,0,471
11-01-2021,NO,Norway,EURO,1681,55473,7,478
12-01-2021,NO,Norway,EURO,428,55901,4,482
13-01-2021,NO,Norway,EURO,713,56614,27,509
14-01-2021,NO,Norway,EURO,665,57279,2,511
15-01-2021,NO,Norway,EURO,455,57734,6,517
16-01-2021,NO,Norway,EURO,0,57734,0,517
17-01-2021,NO,Norway,EURO,0,57734,0,517
18-01-2021,NO,Norway,EURO,711,58445,0,517
19-01-2021,NO,Norway,EURO,206,58651,4,521
20-01-2021,NO,Norway,EURO,382,59033,4,525
21-01-2021,NO,Norway,EURO,423,59456,18,543
22-01-2021,NO,Norway,EURO,431,59887,1,544
23-01-2021,NO,Norway,EURO,372,60259,0,544
24-01-2021,NO,Norway,EURO,306,60565,0,544
25-01-2021,NO,Norway,EURO,238,60803,0,544
26-01-2021,NO,Norway,EURO,279,61082,4,548
27-01-2021,NO,Norway,EURO,232,61314,2,550
28-01-2021,NO,Norway,EURO,280,61594,6,556
29-01-2021,NO,Norway,EURO,366,61960,1,557
30-01-2021,NO,Norway,EURO,316,62276,6,563
31-01-2021,NO,Norway,EURO,299,62575,0,563
01-02-2021,NO,Norway,EURO,218,62793,0,563
02-02-2021,NO,Norway,EURO,173,62966,4,567
03-02-2021,NO,Norway,EURO,294,63260,1,568
04-02-2021,NO,Norway,EURO,293,63553,6,574
05-02-2021,NO,Norway,EURO,284,63837,8,582
06-02-2021,NO,Norway,EURO,372,64209,0,582
07-02-2021,NO,Norway,EURO,274,64483,0,582
08-02-2021,NO,Norway,EURO,170,64653,0,582
09-02-2021,NO,Norway,EURO,119,64772,0,582
10-02-2021,NO,Norway,EURO,344,65116,1,583
11-02-2021,NO,Norway,EURO,222,65338,9,592
12-02-2021,NO,Norway,EURO,209,65547,0,592
13-02-2021,NO,Norway,EURO,264,65811,0,592
14-02-2021,NO,Norway,EURO,425,66236,0,592
15-02-2021,NO,Norway,EURO,156,66392,0,592
16-02-2021,NO,Norway,EURO,109,66501,1,593
17-02-2021,NO,Norway,EURO,348,66849,0,593
18-02-2021,NO,Norway,EURO,290,67139,14,607
19-02-2021,NO,Norway,EURO,358,67497,0,607
20-02-2021,NO,Norway,EURO,327,67824,0,607
21-02-2021,NO,Norway,EURO,283,68107,0,607
22-02-2021,NO,Norway,EURO,208,68315,0,607
23-02-2021,NO,Norway,EURO,216,68531,1,608
24-02-2021,NO,Norway,EURO,227,68758,0,608
25-02-2021,NO,Norway,EURO,389,69147,12,620
26-02-2021,NO,Norway,EURO,342,69489,0,620
27-02-2021,NO,Norway,EURO,545,70034,2,622
28-02-2021,NO,Norway,EURO,0,70034,0,622
01-03-2021,NO,Norway,EURO,0,70034,0,622
02-03-2021,NO,Norway,EURO,968,71002,1,623
03-03-2021,NO,Norway,EURO,731,71733,0,623
04-03-2021,NO,Norway,EURO,500,72233,9,632
05-03-2021,NO,Norway,EURO,690,72923,0,632
06-03-2021,NO,Norway,EURO,570,73493,0,632
07-03-2021,NO,Norway,EURO,0,73493,0,632
08-03-2021,NO,Norway,EURO,0,73493,0,632
09-03-2021,NO,Norway,EURO,1447,74940,0,632
10-03-2021,NO,Norway,EURO,828,75768,0,632
11-03-2021,NO,Norway,EURO,716,76484,6,638
12-03-2021,NO,Norway,EURO,684,77168,1,639
13-03-2021,NO,Norway,EURO,872,78040,0,639
14-03-2021,NO,Norway,EURO,0,78040,0,639
15-03-2021,NO,Norway,EURO,0,78040,0,639
16-03-2021,NO,Norway,EURO,2400,80440,1,640
17-03-2021,NO,Norway,EURO,861,81301,1,641
18-03-2021,NO,Norway,EURO,1154,82455,7,648
19-03-2021,NO,Norway,EURO,1064,83519,0,648
20-03-2021,NO,Norway,EURO,1034,84553,0,648
21-03-2021,NO,Norway,EURO,0,84553,0,648
22-03-2021,NO,Norway,EURO,0,84553,0,648
23-03-2021,NO,Norway,EURO,2386,86939,1,649
24-03-2021,NO,Norway,EURO,1100,88039,0,649
25-03-2021,NO,Norway,EURO,1078,89117,7,656
26-03-2021,NO,Norway,EURO,984,90101,0,656
27-03-2021,NO,Norway,EURO,833,90934,0,656
28-03-2021,NO,Norway,EURO,0,90934,0,656
29-03-2021,NO,Norway,EURO,0,90934,0,656
30-03-2021,NO,Norway,EURO,2211,93145,4,660
31-03-2021,NO,Norway,EURO,993,94138,1,661
01-04-2021,NO,Norway,EURO,1070,95208,12,673
02-04-2021,NO,Norway,EURO,871,96079,0,673
03-04-2021,NO,Norway,EURO,691,96770,0,673
04-04-2021,NO,Norway,EURO,0,96770,0,673
05-04-2021,NO,Norway,EURO,0,96770,0,673
06-04-2021,NO,Norway,EURO,1904,98674,3,676
07-04-2021,NO,Norway,EURO,575,99249,1,677
08-04-2021,NO,Norway,EURO,898,100147,6,683
09-04-2021,NO,Norway,EURO,934,101081,1,684
10-04-2021,NO,Norway,EURO,878,101959,0,684
11-04-2021,NO,Norway,EURO,0,101959,0,684
12-04-2021,NO,Norway,EURO,0,101959,0,684
13-04-2021,NO,Norway,EURO,1661,103620,3,687
14-04-2021,NO,Norway,EURO,648,104268,1,688
15-04-2021,NO,Norway,EURO,739,105007,18,706
16-04-2021,NO,Norway,EURO,599,105606,1,707
17-04-2021,NO,Norway,EURO,617,106223,1,708
18-04-2021,NO,Norway,EURO,0,106223,0,708
19-04-2021,NO,Norway,EURO,0,106223,0,708
20-04-2021,NO,Norway,EURO,1287,107510,1,709
21-04-2021,NO,Norway,EURO,516,108026,0,709
22-04-2021,NO,Norway,EURO,561,108587,25,734
23-04-2021,NO,Norway,EURO,550,109137,1,735
24-04-2021,NO,Norway,EURO,444,109581,1,736
25-04-2021,NO,Norway,EURO,0,109581,0,736
26-04-2021,NO,Norway,EURO,0,109581,0,736
27-04-2021,NO,Norway,EURO,1030,110611,1,737
28-04-2021,NO,Norway,EURO,551,111162,0,737
29-04-2021,NO,Norway,EURO,523,111685,16,753
30-04-2021,NO,Norway,EURO,470,112155,1,754
01-05-2021,NO,Norway,EURO,385,112540,2,756
02-05-2021,NO,Norway,EURO,0,112540,0,756
03-05-2021,NO,Norway,EURO,0,112540,0,756
04-05-2021,NO,Norway,EURO,928,113468,1,757
05-05-2021,NO,Norway,EURO,482,113950,0,757
06-05-2021,NO,Norway,EURO,484,114434,10,767
07-05-2021,NO,Norway,EURO,471,114905,0,767
08-05-2021,NO,Norway,EURO,505,115410,0,767
09-05-2021,NO,Norway,EURO,0,115410,0,767
10-05-2021,NO,Norway,EURO,0,115410,0,767
11-05-2021,NO,Norway,EURO,1031,116441,0,767
12-05-2021,NO,Norway,EURO,580,117021,1,768
13-05-2021,NO,Norway,EURO,473,117494,6,774
14-05-2021,NO,Norway,EURO,461,117955,0,774
15-05-2021,NO,Norway,EURO,320,118275,0,774
16-05-2021,NO,Norway,EURO,0,118275,0,774
17-05-2021,NO,Norway,EURO,0,118275,0,774
18-05-2021,NO,Norway,EURO,982,119257,0,774
19-05-2021,NO,Norway,EURO,201,119458,0,774
20-05-2021,NO,Norway,EURO,313,119771,7,781
21-05-2021,NO,Norway,EURO,478,120249,0,781
22-05-2021,NO,Norway,EURO,505,120754,0,781
23-05-2021,NO,Norway,EURO,0,120754,0,781
24-05-2021,NO,Norway,EURO,0,120754,0,781
25-05-2021,NO,Norway,EURO,1856,122610,1,782
26-05-2021,NO,Norway,EURO,0,122610,0,782
27-05-2021,NO,Norway,EURO,508,123118,1,783
28-05-2021,NO,Norway,EURO,911,124029,0,783
29-05-2021,NO,Norway,EURO,0,124029,0,783
30-05-2021,NO,Norway,EURO,0,124029,0,783
01-01-2021,PS,"occupied Palestinian territory, including east Jerusalem",EMRO,1268,155365,29,1529
02-01-2021,PS,"occupied Palestinian territory, including east Jerusalem",EMRO,1450,156815,21,1550
03-01-2021,PS,"occupied Palestinian territory, including east Jerusalem",EMRO,1064,157879,28,1578
04-01-2021,PS,"occupied Palestinian territory, including east Jerusalem",EMRO,1155,159034,31,1609
05-01-2021,PS,"occupied Palestinian territory, including east Jerusalem",EMRO,1009,160043,20,1629
06-01-2021,PS,"occupied Palestinian territory, including east Jerusalem",EMRO,1191,161234,20,1649
07-01-2021,PS,"occupied Palestinian territory, including east Jerusalem",EMRO,1088,162322,14,1663
08-01-2021,PS,"occupied Palestinian territory, including east Jerusalem",EMRO,1251,163573,21,1684
09-01-2021,PS,"occupied Palestinian territory, including east Jerusalem",EMRO,822,164395,23,1707
10-01-2021,PS,"occupied Palestinian territory, including east Jerusalem",EMRO,855,165250,28,1735
11-01-2021,PS,"occupied Palestinian territory, including east Jerusalem",EMRO,699,165949,21,1756
12-01-2021,PS,"occupied Palestinian territory, including east Jerusalem",EMRO,928,166877,12,1768
13-01-2021,PS,"occupied Palestinian territory, including east Jerusalem",EMRO,797,167674,16,1784
14-01-2021,PS,"occupied Palestinian territory, including east Jerusalem",EMRO,978,168652,30,1814
15-01-2021,PS,"occupied Palestinian territory, including east Jerusalem",EMRO,736,169388,7,1821
16-01-2021,PS,"occupied Palestinian territory, including east Jerusalem",EMRO,822,170210,27,1848
17-01-2021,PS,"occupied Palestinian territory, including east Jerusalem",EMRO,427,170637,13,1861
18-01-2021,PS,"occupied Palestinian territory, including east Jerusalem",EMRO,578,171215,20,1881
19-01-2021,PS,"occupied Palestinian territory, including east Jerusalem",EMRO,524,171739,8,1889
20-01-2021,PS,"occupied Palestinian territory, including east Jerusalem",EMRO,660,172399,19,1908
21-01-2021,PS,"occupied Palestinian territory, including east Jerusalem",EMRO,497,172896,10,1918
22-01-2021,PS,"occupied Palestinian territory, including east Jerusalem",EMRO,574,173470,7,1925
23-01-2021,PS,"occupied Palestinian territory, including east Jerusalem",EMRO,494,173964,12,1937
24-01-2021,PS,"occupied Palestinian territory, including east Jerusalem",EMRO,449,174413,14,1951
25-01-2021,PS,"occupied Palestinian territory, including east Jerusalem",EMRO,533,174946,11,1962
26-01-2021,PS,"occupied Palestinian territory, including east Jerusalem",EMRO,470,175416,5,1967
27-01-2021,PS,"occupied Palestinian territory, including east Jerusalem",EMRO,660,176076,10,1977
28-01-2021,PS,"occupied Palestinian territory, including east Jerusalem",EMRO,603,176679,5,1982
29-01-2021,PS,"occupied Palestinian territory, including east Jerusalem",EMRO,747,177426,8,1990
30-01-2021,PS,"occupied Palestinian territory, including east Jerusalem",EMRO,575,178001,11,2001
31-01-2021,PS,"occupied Palestinian territory, including east Jerusalem",EMRO,515,178516,9,2010
01-02-2021,PS,"occupied Palestinian territory, including east Jerusalem",EMRO,403,178919,2,2012
02-02-2021,PS,"occupied Palestinian territory, including east Jerusalem",EMRO,586,179505,11,2023
03-02-2021,PS,"occupied Palestinian territory, including east Jerusalem",EMRO,513,180018,9,2032
04-02-2021,PS,"occupied Palestinian territory, including east Jerusalem",EMRO,670,180688,10,2042
05-02-2021,PS,"occupied Palestinian territory, including east Jerusalem",EMRO,661,181349,8,2050
06-02-2021,PS,"occupied Palestinian territory, including east Jerusalem",EMRO,722,182071,5,2055
07-02-2021,PS,"occupied Palestinian territory, including east Jerusalem",EMRO,470,182541,3,2058
08-02-2021,PS,"occupied Palestinian territory, including east Jerusalem",EMRO,824,183365,14,2072
09-02-2021,PS,"occupied Palestinian territory, including east Jerusalem",EMRO,612,183977,7,2079
10-02-2021,PS,"occupied Palestinian territory, including east Jerusalem",EMRO,1022,184999,9,2088
11-02-2021,PS,"occupied Palestinian territory, including east Jerusalem",EMRO,761,185760,12,2100
12-02-2021,PS,"occupied Palestinian territory, including east Jerusalem",EMRO,1101,186861,2,2102
13-02-2021,PS,"occupied Palestinian territory, including east Jerusalem",EMRO,665,187526,8,2110
14-02-2021,PS,"occupied Palestinian territory, including east Jerusalem",EMRO,938,188464,15,2125
15-02-2021,PS,"occupied Palestinian territory, including east Jerusalem",EMRO,804,189268,3,2128
16-02-2021,PS,"occupied Palestinian territory, including east Jerusalem",EMRO,1048,190316,5,2133
17-02-2021,PS,"occupied Palestinian territory, including east Jerusalem",EMRO,1043,191359,6,2139
18-02-2021,PS,"occupied Palestinian territory, including east Jerusalem",EMRO,1432,192791,8,2147
19-02-2021,PS,"occupied Palestinian territory, including east Jerusalem",EMRO,627,193418,8,2155
20-02-2021,PS,"occupied Palestinian territory, including east Jerusalem",EMRO,859,194277,7,2162
21-02-2021,PS,"occupied Palestinian territory, including east Jerusalem",EMRO,598,194875,10,2172
22-02-2021,PS,"occupied Palestinian territory, including east Jerusalem",EMRO,1564,196439,8,2180
23-02-2021,PS,"occupied Palestinian territory, including east Jerusalem",EMRO,1334,197773,10,2190
24-02-2021,PS,"occupied Palestinian territory, including east Jerusalem",EMRO,1996,199769,10,2200
25-02-2021,PS,"occupied Palestinian territory, including east Jerusalem",EMRO,1391,201160,5,2205
26-02-2021,PS,"occupied Palestinian territory, including east Jerusalem",EMRO,2100,203260,11,2216
27-02-2021,PS,"occupied Palestinian territory, including east Jerusalem",EMRO,1555,204815,11,2227
28-02-2021,PS,"occupied Palestinian territory, including east Jerusalem",EMRO,1623,206438,9,2236
01-03-2021,PS,"occupied Palestinian territory, including east Jerusalem",EMRO,1911,208349,23,2259
02-03-2021,PS,"occupied Palestinian territory, including east Jerusalem",EMRO,1724,210073,16,2275
03-03-2021,PS,"occupied Palestinian territory, including east Jerusalem",EMRO,2412,212485,6,2281
04-03-2021,PS,"occupied Palestinian territory, including east Jerusalem",EMRO,2017,214502,15,2296
05-03-2021,PS,"occupied Palestinian territory, including east Jerusalem",EMRO,2300,216802,18,2314
06-03-2021,PS,"occupied Palestinian territory, including east Jerusalem",EMRO,1826,218628,19,2333
07-03-2021,PS,"occupied Palestinian territory, including east Jerusalem",EMRO,2011,220639,19,2352
08-03-2021,PS,"occupied Palestinian territory, including east Jerusalem",EMRO,2264,222903,13,2365
09-03-2021,PS,"occupied Palestinian territory, including east Jerusalem",EMRO,2003,224906,22,2387
10-03-2021,PS,"occupied Palestinian territory, including east Jerusalem",EMRO,1828,226734,13,2400
11-03-2021,PS,"occupied Palestinian territory, including east Jerusalem",EMRO,2331,229065,27,2427
12-03-2021,PS,"occupied Palestinian territory, including east Jerusalem",EMRO,1291,230356,18,2445
13-03-2021,PS,"occupied Palestinian territory, including east Jerusalem",EMRO,2309,232665,22,2467
14-03-2021,PS,"occupied Palestinian territory, including east Jerusalem",EMRO,1784,234449,27,2494
15-03-2021,PS,"occupied Palestinian territory, including east Jerusalem",EMRO,2142,236591,15,2509
16-03-2021,PS,"occupied Palestinian territory, including east Jerusalem",EMRO,2298,238889,25,2534
17-03-2021,PS,"occupied Palestinian territory, including east Jerusalem",EMRO,2397,241286,27,2561
18-03-2021,PS,"occupied Palestinian territory, including east Jerusalem",EMRO,2193,243479,29,2590
19-03-2021,PS,"occupied Palestinian territory, including east Jerusalem",EMRO,2311,245790,18,2608
20-03-2021,PS,"occupied Palestinian territory, including east Jerusalem",EMRO,1851,247641,21,2629
21-03-2021,PS,"occupied Palestinian territory, including east Jerusalem",EMRO,1780,249421,27,2656
22-03-2021,PS,"occupied Palestinian territory, including east Jerusalem",EMRO,2247,251668,21,2677
23-03-2021,PS,"occupied Palestinian territory, including east Jerusalem",EMRO,2338,254006,31,2708
24-03-2021,PS,"occupied Palestinian territory, including east Jerusalem",EMRO,2259,256265,20,2728
25-03-2021,PS,"occupied Palestinian territory, including east Jerusalem",EMRO,2032,258297,23,2751
26-03-2021,PS,"occupied Palestinian territory, including east Jerusalem",EMRO,2093,260390,20,2771
27-03-2021,PS,"occupied Palestinian territory, including east Jerusalem",EMRO,1511,261901,16,2787
28-03-2021,PS,"occupied Palestinian territory, including east Jerusalem",EMRO,1319,263220,23,2810
29-03-2021,PS,"occupied Palestinian territory, including east Jerusalem",EMRO,1714,264934,24,2834
30-03-2021,PS,"occupied Palestinian territory, including east Jerusalem",EMRO,1786,266720,18,2852
31-03-2021,PS,"occupied Palestinian territory, including east Jerusalem",EMRO,1870,268590,16,2868
01-04-2021,PS,"occupied Palestinian territory, including east Jerusalem",EMRO,2288,270878,13,2881
02-04-2021,PS,"occupied Palestinian territory, including east Jerusalem",EMRO,2353,273231,20,2901
03-04-2021,PS,"occupied Palestinian territory, including east Jerusalem",EMRO,2248,275479,16,2917
04-04-2021,PS,"occupied Palestinian territory, including east Jerusalem",EMRO,1651,277130,24,2941
05-04-2021,PS,"occupied Palestinian territory, including east Jerusalem",EMRO,2806,279936,25,2966
06-04-2021,PS,"occupied Palestinian territory, including east Jerusalem",EMRO,2634,282570,10,2976
07-04-2021,PS,"occupied Palestinian territory, including east Jerusalem",EMRO,2593,285163,21,2997
08-04-2021,PS,"occupied Palestinian territory, including east Jerusalem",EMRO,2672,287835,18,3015
09-04-2021,PS,"occupied Palestinian territory, including east Jerusalem",EMRO,2884,290719,28,3043
10-04-2021,PS,"occupied Palestinian territory, including east Jerusalem",EMRO,2418,293137,33,3076
11-04-2021,PS,"occupied Palestinian territory, including east Jerusalem",EMRO,1502,294639,26,3102
12-04-2021,PS,"occupied Palestinian territory, including east Jerusalem",EMRO,2235,296874,22,3124
13-04-2021,PS,"occupied Palestinian territory, including east Jerusalem",EMRO,2762,299636,26,3150
14-04-2021,PS,"occupied Palestinian territory, including east Jerusalem",EMRO,1911,301547,18,3168
15-04-2021,PS,"occupied Palestinian territory, including east Jerusalem",EMRO,1923,303470,22,3190
16-04-2021,PS,"occupied Palestinian territory, including east Jerusalem",EMRO,1717,305187,14,3204
17-04-2021,PS,"occupied Palestinian territory, including east Jerusalem",EMRO,1774,306961,19,3223
18-04-2021,PS,"occupied Palestinian territory, including east Jerusalem",EMRO,1618,308579,28,3251
19-04-2021,PS,"occupied Palestinian territory, including east Jerusalem",EMRO,988,309567,34,3285
20-04-2021,PS,"occupied Palestinian territory, including east Jerusalem",EMRO,1529,311096,30,3315
21-04-2021,PS,"occupied Palestinian territory, including east Jerusalem",EMRO,2025,313121,31,3346
22-04-2021,PS,"occupied Palestinian territory, including east Jerusalem",EMRO,1748,314869,18,3364
23-04-2021,PS,"occupied Palestinian territory, including east Jerusalem",EMRO,1652,316521,19,3383
24-04-2021,PS,"occupied Palestinian territory, including east Jerusalem",EMRO,1440,317961,23,3406
25-04-2021,PS,"occupied Palestinian territory, including east Jerusalem",EMRO,1139,319100,13,3419
26-04-2021,PS,"occupied Palestinian territory, including east Jerusalem",EMRO,713,319813,16,3435
27-04-2021,PS,"occupied Palestinian territory, including east Jerusalem",EMRO,1080,320893,17,3452
28-04-2021,PS,"occupied Palestinian territory, including east Jerusalem",EMRO,1414,322307,17,3469
29-04-2021,PS,"occupied Palestinian territory, including east Jerusalem",EMRO,1084,323391,5,3474
30-04-2021,PS,"occupied Palestinian territory, including east Jerusalem",EMRO,1051,324442,25,3499
01-05-2021,PS,"occupied Palestinian territory, including east Jerusalem",EMRO,861,325303,18,3517
02-05-2021,PS,"occupied Palestinian territory, including east Jerusalem",EMRO,664,325967,8,3525
03-05-2021,PS,"occupied Palestinian territory, including east Jerusalem",EMRO,512,326479,15,3540
04-05-2021,PS,"occupied Palestinian territory, including east Jerusalem",EMRO,565,327044,11,3551
05-05-2021,PS,"occupied Palestinian territory, including east Jerusalem",EMRO,718,327762,13,3564
06-05-2021,PS,"occupied Palestinian territory, including east Jerusalem",EMRO,815,328577,21,3585
07-05-2021,PS,"occupied Palestinian territory, including east Jerusalem",EMRO,651,329228,9,3594
08-05-2021,PS,"occupied Palestinian territory, including east Jerusalem",EMRO,559,329787,12,3606
09-05-2021,PS,"occupied Palestinian territory, including east Jerusalem",EMRO,491,330278,13,3619
10-05-2021,PS,"occupied Palestinian territory, including east Jerusalem",EMRO,314,330592,7,3626
11-05-2021,PS,"occupied Palestinian territory, including east Jerusalem",EMRO,498,331090,20,3646
12-05-2021,PS,"occupied Palestinian territory, including east Jerusalem",EMRO,528,331618,15,3661
13-05-2021,PS,"occupied Palestinian territory, including east Jerusalem",EMRO,493,332111,8,3669
14-05-2021,PS,"occupied Palestinian territory, including east Jerusalem",EMRO,0,332111,0,3669
15-05-2021,PS,"occupied Palestinian territory, including east Jerusalem",EMRO,274,332385,14,3683
16-05-2021,PS,"occupied Palestinian territory, including east Jerusalem",EMRO,114,332499,8,3691
17-05-2021,PS,"occupied Palestinian territory, including east Jerusalem",EMRO,169,332668,5,3696
18-05-2021,PS,"occupied Palestinian territory, including east Jerusalem",EMRO,247,332915,9,3705
19-05-2021,PS,"occupied Palestinian territory, including east Jerusalem",EMRO,253,333168,6,3711
20-05-2021,PS,"occupied Palestinian territory, including east Jerusalem",EMRO,205,333373,5,3716
21-05-2021,PS,"occupied Palestinian territory, including east Jerusalem",EMRO,225,333598,2,3718
22-05-2021,PS,"occupied Palestinian territory, including east Jerusalem",EMRO,212,333810,2,3720
23-05-2021,PS,"occupied Palestinian territory, including east Jerusalem",EMRO,232,334042,7,3727
24-05-2021,PS,"occupied Palestinian territory, including east Jerusalem",EMRO,222,334264,7,3734
25-05-2021,PS,"occupied Palestinian territory, including east Jerusalem",EMRO,355,334619,4,3738
26-05-2021,PS,"occupied Palestinian territory, including east Jerusalem",EMRO,556,335175,10,3748
27-05-2021,PS,"occupied Palestinian territory, including east Jerusalem",EMRO,461,335636,3,3751
28-05-2021,PS,"occupied Palestinian territory, including east Jerusalem",EMRO,380,336016,4,3755
29-05-2021,PS,"occupied Palestinian territory, including east Jerusalem",EMRO,394,336410,2,3757
30-05-2021,PS,"occupied Palestinian territory, including east Jerusalem",EMRO,269,336679,3,3760
01-01-2021,OM,Oman,EMRO,148,128867,2,1499
02-01-2021,OM,Oman,EMRO,0,128867,0,1499
03-01-2021,OM,Oman,EMRO,0,128867,0,1499
04-01-2021,OM,Oman,EMRO,537,129404,2,1501
05-01-2021,OM,Oman,EMRO,180,129584,1,1502
06-01-2021,OM,Oman,EMRO,190,129774,0,1502
07-01-2021,OM,Oman,EMRO,114,129888,2,1504
08-01-2021,OM,Oman,EMRO,182,130070,1,1505
09-01-2021,OM,Oman,EMRO,0,130070,0,1505
10-01-2021,OM,Oman,EMRO,0,130070,0,1505
11-01-2021,OM,Oman,EMRO,538,130608,3,1508
12-01-2021,OM,Oman,EMRO,172,130780,0,1508
13-01-2021,OM,Oman,EMRO,164,130944,0,1508
14-01-2021,OM,Oman,EMRO,142,131086,0,1508
15-01-2021,OM,Oman,EMRO,178,131264,1,1509
16-01-2021,OM,Oman,EMRO,0,131264,0,1509
17-01-2021,OM,Oman,EMRO,0,131264,0,1509
18-01-2021,OM,Oman,EMRO,526,131790,3,1512
19-01-2021,OM,Oman,EMRO,221,132011,2,1514
20-01-2021,OM,Oman,EMRO,135,132146,2,1516
21-01-2021,OM,Oman,EMRO,171,132317,0,1516
22-01-2021,OM,Oman,EMRO,169,132486,1,1517
23-01-2021,OM,Oman,EMRO,0,132486,0,1517
24-01-2021,OM,Oman,EMRO,0,132486,0,1517
25-01-2021,OM,Oman,EMRO,558,133044,4,1521
26-01-2021,OM,Oman,EMRO,209,133253,1,1522
27-01-2021,OM,Oman,EMRO,154,133407,2,1524
28-01-2021,OM,Oman,EMRO,167,133574,1,1525
29-01-2021,OM,Oman,EMRO,154,133728,2,1527
30-01-2021,OM,Oman,EMRO,0,133728,0,1527
31-01-2021,OM,Oman,EMRO,0,133728,0,1527
01-02-2021,OM,Oman,EMRO,598,134326,2,1529
02-02-2021,OM,Oman,EMRO,198,134524,3,1532
03-02-2021,OM,Oman,EMRO,161,134685,0,1532
04-02-2021,OM,Oman,EMRO,171,134856,0,1532
05-02-2021,OM,Oman,EMRO,185,135041,0,1532
06-02-2021,OM,Oman,EMRO,0,135041,0,1532
07-02-2021,OM,Oman,EMRO,0,135041,0,1532
08-02-2021,OM,Oman,EMRO,633,135674,2,1534
09-02-2021,OM,Oman,EMRO,316,135990,1,1535
10-02-2021,OM,Oman,EMRO,197,136187,1,1536
11-02-2021,OM,Oman,EMRO,190,136377,1,1537
12-02-2021,OM,Oman,EMRO,245,136622,2,1539
13-02-2021,OM,Oman,EMRO,0,136622,0,1539
14-02-2021,OM,Oman,EMRO,0,136622,0,1539
15-02-2021,OM,Oman,EMRO,684,137306,3,1542
16-02-2021,OM,Oman,EMRO,286,137592,1,1543
17-02-2021,OM,Oman,EMRO,337,137929,1,1544
18-02-2021,OM,Oman,EMRO,277,138206,5,1549
19-02-2021,OM,Oman,EMRO,288,138494,0,1549
20-02-2021,OM,Oman,EMRO,0,138494,0,1549
21-02-2021,OM,Oman,EMRO,0,138494,0,1549
22-02-2021,OM,Oman,EMRO,868,139362,3,1552
23-02-2021,OM,Oman,EMRO,330,139692,3,1555
24-02-2021,OM,Oman,EMRO,297,139989,2,1557
25-02-2021,OM,Oman,EMRO,311,140300,1,1558
26-02-2021,OM,Oman,EMRO,288,140588,4,1562
27-02-2021,OM,Oman,EMRO,0,140588,0,1562
28-02-2021,OM,Oman,EMRO,0,140588,0,1562
01-03-2021,OM,Oman,EMRO,908,141496,8,1570
02-03-2021,OM,Oman,EMRO,312,141808,7,1577
03-03-2021,OM,Oman,EMRO,361,142169,3,1580
04-03-2021,OM,Oman,EMRO,358,142527,3,1583
05-03-2021,OM,Oman,EMRO,369,142896,0,1583
06-03-2021,OM,Oman,EMRO,0,142896,0,1583
07-03-2021,OM,Oman,EMRO,0,142896,0,1583
08-03-2021,OM,Oman,EMRO,1059,143955,8,1591
09-03-2021,OM,Oman,EMRO,449,144404,3,1594
10-03-2021,OM,Oman,EMRO,427,144831,3,1597
11-03-2021,OM,Oman,EMRO,426,145257,3,1600
12-03-2021,OM,Oman,EMRO,0,145257,0,1600
13-03-2021,OM,Oman,EMRO,0,145257,0,1600
14-03-2021,OM,Oman,EMRO,0,145257,0,1600
15-03-2021,OM,Oman,EMRO,1610,146867,8,1608
16-03-2021,OM,Oman,EMRO,556,147423,1,1609
17-03-2021,OM,Oman,EMRO,587,148010,5,1614
18-03-2021,OM,Oman,EMRO,548,148558,3,1617
19-03-2021,OM,Oman,EMRO,577,149135,3,1620
20-03-2021,OM,Oman,EMRO,0,149135,0,1620
21-03-2021,OM,Oman,EMRO,0,149135,0,1620
22-03-2021,OM,Oman,EMRO,1665,150800,2,1622
23-03-2021,OM,Oman,EMRO,728,151528,7,1629
24-03-2021,OM,Oman,EMRO,836,152364,4,1633
25-03-2021,OM,Oman,EMRO,741,153105,11,1644
26-03-2021,OM,Oman,EMRO,733,153838,6,1650
27-03-2021,OM,Oman,EMRO,0,153838,0,1650
28-03-2021,OM,Oman,EMRO,0,153838,0,1650
29-03-2021,OM,Oman,EMRO,2249,156087,11,1661
30-03-2021,OM,Oman,EMRO,796,156883,1,1662
31-03-2021,OM,Oman,EMRO,1173,158056,7,1669
01-04-2021,OM,Oman,EMRO,1162,159218,9,1678
02-04-2021,OM,Oman,EMRO,800,160018,3,1681
03-04-2021,OM,Oman,EMRO,0,160018,0,1681
04-04-2021,OM,Oman,EMRO,0,160018,0,1681
05-04-2021,OM,Oman,EMRO,3139,163157,31,1712
06-04-2021,OM,Oman,EMRO,1117,164274,10,1722
07-04-2021,OM,Oman,EMRO,1206,165480,6,1728
08-04-2021,OM,Oman,EMRO,1205,166685,7,1735
09-04-2021,OM,Oman,EMRO,1320,168005,12,1747
10-04-2021,OM,Oman,EMRO,0,168005,0,1747
11-04-2021,OM,Oman,EMRO,0,168005,0,1747
12-04-2021,OM,Oman,EMRO,3544,171549,29,1776
13-04-2021,OM,Oman,EMRO,1480,173029,13,1789
14-04-2021,OM,Oman,EMRO,1335,174364,9,1798
15-04-2021,OM,Oman,EMRO,1269,175633,9,1807
16-04-2021,OM,Oman,EMRO,1035,176668,14,1821
17-04-2021,OM,Oman,EMRO,0,176668,0,1821
18-04-2021,OM,Oman,EMRO,0,176668,0,1821
19-04-2021,OM,Oman,EMRO,3363,180031,57,1878
20-04-2021,OM,Oman,EMRO,1399,181430,12,1890
21-04-2021,OM,Oman,EMRO,1263,182693,19,1909
22-04-2021,OM,Oman,EMRO,1077,183770,17,1926
23-04-2021,OM,Oman,EMRO,1508,185278,16,1942
24-04-2021,OM,Oman,EMRO,0,185278,0,1942
25-04-2021,OM,Oman,EMRO,0,185278,0,1942
26-04-2021,OM,Oman,EMRO,3538,188816,35,1977
27-04-2021,OM,Oman,EMRO,1454,190270,6,1983
28-04-2021,OM,Oman,EMRO,1128,191398,9,1992
29-04-2021,OM,Oman,EMRO,928,192326,9,2001
30-04-2021,OM,Oman,EMRO,927,193253,9,2010
01-05-2021,OM,Oman,EMRO,0,193253,0,2010
02-05-2021,OM,Oman,EMRO,0,193253,0,2010
03-05-2021,OM,Oman,EMRO,2554,195807,33,2043
04-05-2021,OM,Oman,EMRO,1093,196900,10,2053
05-05-2021,OM,Oman,EMRO,902,197802,9,2062
06-05-2021,OM,Oman,EMRO,770,198572,9,2071
07-05-2021,OM,Oman,EMRO,772,199344,12,2083
08-05-2021,OM,Oman,EMRO,0,199344,0,2083
09-05-2021,OM,Oman,EMRO,0,199344,0,2083
10-05-2021,OM,Oman,EMRO,2006,201350,37,2120
11-05-2021,OM,Oman,EMRO,787,202137,18,2138
12-05-2021,OM,Oman,EMRO,576,202713,10,2148
13-05-2021,OM,Oman,EMRO,702,203415,12,2160
14-05-2021,OM,Oman,EMRO,675,204090,12,2172
15-05-2021,OM,Oman,EMRO,540,204630,8,2180
16-05-2021,OM,Oman,EMRO,283,204913,4,2184
17-05-2021,OM,Oman,EMRO,588,205501,9,2193
18-05-2021,OM,Oman,EMRO,796,206297,13,2206
19-05-2021,OM,Oman,EMRO,812,207109,13,2219
20-05-2021,OM,Oman,EMRO,696,207805,9,2228
21-05-2021,OM,Oman,EMRO,802,208607,11,2239
22-05-2021,OM,Oman,EMRO,790,209397,9,2248
23-05-2021,OM,Oman,EMRO,527,209924,8,2256
24-05-2021,OM,Oman,EMRO,440,210364,9,2265
25-05-2021,OM,Oman,EMRO,857,211221,9,2274
26-05-2021,OM,Oman,EMRO,817,212038,10,2284
27-05-2021,OM,Oman,EMRO,866,212904,9,2293
28-05-2021,OM,Oman,EMRO,880,213784,10,2303
29-05-2021,OM,Oman,EMRO,0,213784,0,2303
30-05-2021,OM,Oman,EMRO,0,213784,0,2303
01-01-2021, ,Other,Other,0,745,0,13
02-01-2021, ,Other,Other,0,745,0,13
03-01-2021, ,Other,Other,0,745,0,13
04-01-2021, ,Other,Other,0,745,0,13
05-01-2021, ,Other,Other,0,745,0,13
06-01-2021, ,Other,Other,0,745,0,13
07-01-2021, ,Other,Other,0,745,0,13
08-01-2021, ,Other,Other,0,745,0,13
09-01-2021, ,Other,Other,0,745,0,13
10-01-2021, ,Other,Other,0,745,0,13
11-01-2021, ,Other,Other,0,745,0,13
12-01-2021, ,Other,Other,0,745,0,13
13-01-2021, ,Other,Other,0,745,0,13
14-01-2021, ,Other,Other,0,745,0,13
15-01-2021, ,Other,Other,0,745,0,13
16-01-2021, ,Other,Other,0,745,0,13
17-01-2021, ,Other,Other,0,745,0,13
18-01-2021, ,Other,Other,0,745,0,13
19-01-2021, ,Other,Other,0,745,0,13
20-01-2021, ,Other,Other,0,745,0,13
21-01-2021, ,Other,Other,0,745,0,13
22-01-2021, ,Other,Other,0,745,0,13
23-01-2021, ,Other,Other,0,745,0,13
24-01-2021, ,Other,Other,0,745,0,13
25-01-2021, ,Other,Other,0,745,0,13
26-01-2021, ,Other,Other,0,745,0,13
27-01-2021, ,Other,Other,0,745,0,13
28-01-2021, ,Other,Other,0,745,0,13
29-01-2021, ,Other,Other,0,745,0,13
30-01-2021, ,Other,Other,0,745,0,13
31-01-2021, ,Other,Other,0,745,0,13
01-02-2021, ,Other,Other,0,745,0,13
02-02-2021, ,Other,Other,0,745,0,13
03-02-2021, ,Other,Other,0,745,0,13
04-02-2021, ,Other,Other,0,745,0,13
05-02-2021, ,Other,Other,0,745,0,13
06-02-2021, ,Other,Other,0,745,0,13
07-02-2021, ,Other,Other,0,745,0,13
08-02-2021, ,Other,Other,0,745,0,13
09-02-2021, ,Other,Other,0,745,0,13
10-02-2021, ,Other,Other,0,745,0,13
11-02-2021, ,Other,Other,0,745,0,13
12-02-2021, ,Other,Other,0,745,0,13
13-02-2021, ,Other,Other,0,745,0,13
14-02-2021, ,Other,Other,0,745,0,13
15-02-2021, ,Other,Other,0,745,0,13
16-02-2021, ,Other,Other,0,745,0,13
17-02-2021, ,Other,Other,0,745,0,13
18-02-2021, ,Other,Other,0,745,0,13
19-02-2021, ,Other,Other,0,745,0,13
20-02-2021, ,Other,Other,0,745,0,13
21-02-2021, ,Other,Other,0,745,0,13
22-02-2021, ,Other,Other,0,745,0,13
23-02-2021, ,Other,Other,0,745,0,13
24-02-2021, ,Other,Other,0,745,0,13
25-02-2021, ,Other,Other,0,745,0,13
26-02-2021, ,Other,Other,0,745,0,13
27-02-2021, ,Other,Other,0,745,0,13
28-02-2021, ,Other,Other,0,745,0,13
01-03-2021, ,Other,Other,0,745,0,13
02-03-2021, ,Other,Other,0,745,0,13
03-03-2021, ,Other,Other,0,745,0,13
04-03-2021, ,Other,Other,0,745,0,13
05-03-2021, ,Other,Other,0,745,0,13
06-03-2021, ,Other,Other,0,745,0,13
07-03-2021, ,Other,Other,0,745,0,13
08-03-2021, ,Other,Other,0,745,0,13
09-03-2021, ,Other,Other,0,745,0,13
10-03-2021, ,Other,Other,0,745,0,13
11-03-2021, ,Other,Other,0,745,0,13
12-03-2021, ,Other,Other,0,745,0,13
13-03-2021, ,Other,Other,0,745,0,13
14-03-2021, ,Other,Other,0,745,0,13
15-03-2021, ,Other,Other,0,745,0,13
16-03-2021, ,Other,Other,0,745,0,13
17-03-2021, ,Other,Other,0,745,0,13
18-03-2021, ,Other,Other,0,745,0,13
19-03-2021, ,Other,Other,0,745,0,13
20-03-2021, ,Other,Other,0,745,0,13
21-03-2021, ,Other,Other,0,745,0,13
22-03-2021, ,Other,Other,0,745,0,13
23-03-2021, ,Other,Other,0,745,0,13
24-03-2021, ,Other,Other,0,745,0,13
25-03-2021, ,Other,Other,0,745,0,13
26-03-2021, ,Other,Other,0,745,0,13
27-03-2021, ,Other,Other,0,745,0,13
28-03-2021, ,Other,Other,0,745,0,13
29-03-2021, ,Other,Other,0,745,0,13
30-03-2021, ,Other,Other,0,745,0,13
31-03-2021, ,Other,Other,0,745,0,13
01-04-2021, ,Other,Other,0,745,0,13
02-04-2021, ,Other,Other,0,745,0,13
03-04-2021, ,Other,Other,0,745,0,13
04-04-2021, ,Other,Other,0,745,0,13
05-04-2021, ,Other,Other,0,745,0,13
06-04-2021, ,Other,Other,0,745,0,13
07-04-2021, ,Other,Other,0,745,0,13
08-04-2021, ,Other,Other,0,745,0,13
09-04-2021, ,Other,Other,0,745,0,13
10-04-2021, ,Other,Other,0,745,0,13
11-04-2021, ,Other,Other,0,745,0,13
12-04-2021, ,Other,Other,0,745,0,13
13-04-2021, ,Other,Other,0,745,0,13
14-04-2021, ,Other,Other,0,745,0,13
15-04-2021, ,Other,Other,0,745,0,13
16-04-2021, ,Other,Other,0,745,0,13
17-04-2021, ,Other,Other,0,745,0,13
18-04-2021, ,Other,Other,0,745,0,13
19-04-2021, ,Other,Other,0,745,0,13
20-04-2021, ,Other,Other,0,745,0,13
21-04-2021, ,Other,Other,0,745,0,13
22-04-2021, ,Other,Other,1,746,0,13
23-04-2021, ,Other,Other,0,746,0,13
24-04-2021, ,Other,Other,0,746,0,13
25-04-2021, ,Other,Other,0,746,0,13
26-04-2021, ,Other,Other,0,746,0,13
27-04-2021, ,Other,Other,0,746,0,13
28-04-2021, ,Other,Other,12,758,0,13
29-04-2021, ,Other,Other,0,758,0,13
30-04-2021, ,Other,Other,0,758,0,13
01-05-2021, ,Other,Other,0,758,0,13
02-05-2021, ,Other,Other,0,758,0,13
03-05-2021, ,Other,Other,0,758,0,13
04-05-2021, ,Other,Other,0,758,0,13
05-05-2021, ,Other,Other,0,758,0,13
06-05-2021, ,Other,Other,0,758,0,13
07-05-2021, ,Other,Other,0,758,0,13
08-05-2021, ,Other,Other,0,758,0,13
09-05-2021, ,Other,Other,0,758,0,13
10-05-2021, ,Other,Other,0,758,0,13
11-05-2021, ,Other,Other,0,758,0,13
12-05-2021, ,Other,Other,0,758,0,13
13-05-2021, ,Other,Other,0,758,0,13
14-05-2021, ,Other,Other,0,758,0,13
15-05-2021, ,Other,Other,0,758,0,13
16-05-2021, ,Other,Other,0,758,0,13
17-05-2021, ,Other,Other,0,758,0,13
18-05-2021, ,Other,Other,2,760,0,13
19-05-2021, ,Other,Other,1,761,0,13
20-05-2021, ,Other,Other,1,762,0,13
21-05-2021, ,Other,Other,0,762,0,13
22-05-2021, ,Other,Other,2,764,0,13
23-05-2021, ,Other,Other,0,764,0,13
24-05-2021, ,Other,Other,0,764,0,13
25-05-2021, ,Other,Other,0,764,0,13
26-05-2021, ,Other,Other,0,764,0,13
27-05-2021, ,Other,Other,0,764,0,13
28-05-2021, ,Other,Other,0,764,0,13
29-05-2021, ,Other,Other,0,764,0,13
30-05-2021, ,Other,Other,0,764,0,13
01-01-2021,PK,Pakistan,EMRO,2475,479715,58,10105
02-01-2021,PK,Pakistan,EMRO,2463,482178,71,10176
03-01-2021,PK,Pakistan,EMRO,2184,484362,82,10258
04-01-2021,PK,Pakistan,EMRO,2272,486634,53,10311
05-01-2021,PK,Pakistan,EMRO,1895,488529,39,10350
06-01-2021,PK,Pakistan,EMRO,1947,490476,59,10409
07-01-2021,PK,Pakistan,EMRO,2118,492594,52,10461
08-01-2021,PK,Pakistan,EMRO,2481,495075,50,10511
09-01-2021,PK,Pakistan,EMRO,2435,497510,47,10558
10-01-2021,PK,Pakistan,EMRO,2007,499517,40,10598
11-01-2021,PK,Pakistan,EMRO,2899,502416,46,10644
12-01-2021,PK,Pakistan,EMRO,1877,504293,32,10676
13-01-2021,PK,Pakistan,EMRO,2408,506701,41,10717
14-01-2021,PK,Pakistan,EMRO,2123,508824,55,10772
15-01-2021,PK,Pakistan,EMRO,3097,511921,46,10818
16-01-2021,PK,Pakistan,EMRO,2417,514338,45,10863
17-01-2021,PK,Pakistan,EMRO,2432,516770,45,10908
18-01-2021,PK,Pakistan,EMRO,2521,519291,43,10951
19-01-2021,PK,Pakistan,EMRO,1920,521211,46,10997
20-01-2021,PK,Pakistan,EMRO,1800,523011,58,11055
21-01-2021,PK,Pakistan,EMRO,1772,524783,48,11103
22-01-2021,PK,Pakistan,EMRO,2363,527146,54,11157
23-01-2021,PK,Pakistan,EMRO,1745,528891,47,11204
24-01-2021,PK,Pakistan,EMRO,1927,530818,43,11247
25-01-2021,PK,Pakistan,EMRO,1594,532412,48,11295
26-01-2021,PK,Pakistan,EMRO,1629,534041,23,11318
27-01-2021,PK,Pakistan,EMRO,1873,535914,58,11376
28-01-2021,PK,Pakistan,EMRO,1563,537477,74,11450
29-01-2021,PK,Pakistan,EMRO,1910,539387,64,11514
30-01-2021,PK,Pakistan,EMRO,1644,541031,46,11560
31-01-2021,PK,Pakistan,EMRO,2183,543214,63,11623
01-02-2021,PK,Pakistan,EMRO,1599,544813,34,11657
02-02-2021,PK,Pakistan,EMRO,1615,546428,26,11683
03-02-2021,PK,Pakistan,EMRO,1220,547648,63,11746
04-02-2021,PK,Pakistan,EMRO,1384,549032,56,11802
05-02-2021,PK,Pakistan,EMRO,1508,550540,31,11833
06-02-2021,PK,Pakistan,EMRO,1302,551842,53,11886
07-02-2021,PK,Pakistan,EMRO,1286,553128,28,11914
08-02-2021,PK,Pakistan,EMRO,1346,554474,53,11967
09-02-2021,PK,Pakistan,EMRO,1037,555511,59,12026
10-02-2021,PK,Pakistan,EMRO,1008,556519,40,12066
11-02-2021,PK,Pakistan,EMRO,1072,557591,62,12128
12-02-2021,PK,Pakistan,EMRO,1502,559093,57,12185
13-02-2021,PK,Pakistan,EMRO,1270,560363,33,12218
14-02-2021,PK,Pakistan,EMRO,1262,561625,58,12276
15-02-2021,PK,Pakistan,EMRO,1404,563029,31,12307
16-02-2021,PK,Pakistan,EMRO,1048,564077,26,12333
17-02-2021,PK,Pakistan,EMRO,747,564824,47,12380
18-02-2021,PK,Pakistan,EMRO,1165,565989,56,12436
19-02-2021,PK,Pakistan,EMRO,1272,567261,52,12488
20-02-2021,PK,Pakistan,EMRO,1245,568506,39,12527
21-02-2021,PK,Pakistan,EMRO,1340,569846,36,12563
22-02-2021,PK,Pakistan,EMRO,1328,571174,38,12601
23-02-2021,PK,Pakistan,EMRO,1160,572334,16,12617
24-02-2021,PK,Pakistan,EMRO,1050,573384,41,12658
25-02-2021,PK,Pakistan,EMRO,1196,574580,50,12708
26-02-2021,PK,Pakistan,EMRO,1361,575941,64,12772
27-02-2021,PK,Pakistan,EMRO,1541,577482,32,12804
28-02-2021,PK,Pakistan,EMRO,1315,578797,33,12837
01-03-2021,PK,Pakistan,EMRO,1176,579973,23,12860
02-03-2021,PK,Pakistan,EMRO,1392,581365,36,12896
03-03-2021,PK,Pakistan,EMRO,1163,582528,42,12938
04-03-2021,PK,Pakistan,EMRO,1388,583916,75,13013
05-03-2021,PK,Pakistan,EMRO,1519,585435,63,13076
06-03-2021,PK,Pakistan,EMRO,1579,587014,52,13128
07-03-2021,PK,Pakistan,EMRO,1714,588728,38,13166
08-03-2021,PK,Pakistan,EMRO,1780,590508,39,13205
09-03-2021,PK,Pakistan,EMRO,1592,592100,22,13227
10-03-2021,PK,Pakistan,EMRO,1353,593453,54,13281
11-03-2021,PK,Pakistan,EMRO,1786,595239,43,13324
12-03-2021,PK,Pakistan,EMRO,2258,597497,53,13377
13-03-2021,PK,Pakistan,EMRO,2701,600198,53,13430
14-03-2021,PK,Pakistan,EMRO,2338,602536,46,13476
15-03-2021,PK,Pakistan,EMRO,2664,605200,32,13508
16-03-2021,PK,Pakistan,EMRO,2253,607453,29,13537
17-03-2021,PK,Pakistan,EMRO,2511,609964,58,13595
18-03-2021,PK,Pakistan,EMRO,2351,612315,61,13656
19-03-2021,PK,Pakistan,EMRO,3495,615810,61,13717
20-03-2021,PK,Pakistan,EMRO,3449,619259,40,13757
21-03-2021,PK,Pakistan,EMRO,3876,623135,42,13799
22-03-2021,PK,Pakistan,EMRO,3667,626802,44,13843
23-03-2021,PK,Pakistan,EMRO,3669,630471,20,13863
24-03-2021,PK,Pakistan,EMRO,3270,633741,72,13935
25-03-2021,PK,Pakistan,EMRO,3301,637042,30,13965
26-03-2021,PK,Pakistan,EMRO,3946,640988,63,14028
27-03-2021,PK,Pakistan,EMRO,4368,645356,63,14091
28-03-2021,PK,Pakistan,EMRO,4468,649824,67,14158
29-03-2021,PK,Pakistan,EMRO,4767,654591,57,14215
30-03-2021,PK,Pakistan,EMRO,4525,659116,41,14256
31-03-2021,PK,Pakistan,EMRO,4084,663200,100,14356
01-04-2021,PK,Pakistan,EMRO,4757,667957,78,14434
02-04-2021,PK,Pakistan,EMRO,4974,672931,96,14530
03-04-2021,PK,Pakistan,EMRO,5234,678165,83,14613
04-04-2021,PK,Pakistan,EMRO,4723,682888,84,14697
05-04-2021,PK,Pakistan,EMRO,5020,687908,81,14778
06-04-2021,PK,Pakistan,EMRO,4323,692231,43,14821
07-04-2021,PK,Pakistan,EMRO,3953,696184,103,14924
08-04-2021,PK,Pakistan,EMRO,4004,700188,102,15026
09-04-2021,PK,Pakistan,EMRO,5329,705517,98,15124
10-04-2021,PK,Pakistan,EMRO,5312,710829,105,15229
11-04-2021,PK,Pakistan,EMRO,5139,715968,100,15329
12-04-2021,PK,Pakistan,EMRO,5050,721018,114,15443
13-04-2021,PK,Pakistan,EMRO,4584,725602,58,15501
14-04-2021,PK,Pakistan,EMRO,4318,729920,118,15619
15-04-2021,PK,Pakistan,EMRO,4503,734423,135,15754
16-04-2021,PK,Pakistan,EMRO,5395,739818,118,15872
17-04-2021,PK,Pakistan,EMRO,5364,745182,110,15982
18-04-2021,PK,Pakistan,EMRO,4976,750158,112,16094
19-04-2021,PK,Pakistan,EMRO,6127,756285,149,16243
20-04-2021,PK,Pakistan,EMRO,5152,761437,73,16316
21-04-2021,PK,Pakistan,EMRO,5445,766882,137,16453
22-04-2021,PK,Pakistan,EMRO,5499,772381,147,16600
23-04-2021,PK,Pakistan,EMRO,5857,778238,98,16698
24-04-2021,PK,Pakistan,EMRO,5870,784108,144,16842
25-04-2021,PK,Pakistan,EMRO,5908,790016,157,16999
26-04-2021,PK,Pakistan,EMRO,5611,795627,118,17117
27-04-2021,PK,Pakistan,EMRO,4825,800452,70,17187
28-04-2021,PK,Pakistan,EMRO,4487,804939,142,17329
29-04-2021,PK,Pakistan,EMRO,5292,810231,201,17530
30-04-2021,PK,Pakistan,EMRO,5480,815711,150,17680
01-05-2021,PK,Pakistan,EMRO,5112,820823,131,17811
02-05-2021,PK,Pakistan,EMRO,4696,825519,146,17957
03-05-2021,PK,Pakistan,EMRO,4414,829933,113,18070
04-05-2021,PK,Pakistan,EMRO,4213,834146,79,18149
05-05-2021,PK,Pakistan,EMRO,3377,837523,161,18310
06-05-2021,PK,Pakistan,EMRO,4113,841636,119,18429
07-05-2021,PK,Pakistan,EMRO,4197,845833,108,18537
08-05-2021,PK,Pakistan,EMRO,4298,850131,140,18677
09-05-2021,PK,Pakistan,EMRO,4109,854240,120,18797
10-05-2021,PK,Pakistan,EMRO,3786,858026,118,18915
11-05-2021,PK,Pakistan,EMRO,3447,861473,78,18993
12-05-2021,PK,Pakistan,EMRO,3084,864557,113,19106
13-05-2021,PK,Pakistan,EMRO,2881,867438,104,19210
14-05-2021,PK,Pakistan,EMRO,3265,870703,126,19336
15-05-2021,PK,Pakistan,EMRO,2517,873220,48,19384
16-05-2021,PK,Pakistan,EMRO,1531,874751,83,19467
17-05-2021,PK,Pakistan,EMRO,2379,877130,76,19543
18-05-2021,PK,Pakistan,EMRO,3232,880362,74,19617
19-05-2021,PK,Pakistan,EMRO,2566,882928,135,19752
20-05-2021,PK,Pakistan,EMRO,3256,886184,104,19856
21-05-2021,PK,Pakistan,EMRO,4207,890391,131,19987
22-05-2021,PK,Pakistan,EMRO,3070,893461,102,20089
23-05-2021,PK,Pakistan,EMRO,4007,897468,88,20177
24-05-2021,PK,Pakistan,EMRO,3084,900552,74,20251
25-05-2021,PK,Pakistan,EMRO,3047,903599,57,20308
26-05-2021,PK,Pakistan,EMRO,2253,905852,92,20400
27-05-2021,PK,Pakistan,EMRO,2724,908576,65,20465
28-05-2021,PK,Pakistan,EMRO,2726,911302,75,20540
29-05-2021,PK,Pakistan,EMRO,2482,913784,67,20607
30-05-2021,PK,Pakistan,EMRO,2455,916239,73,20680
01-01-2021,PW,Palau,WPRO,0,0,0,0
02-01-2021,PW,Palau,WPRO,0,0,0,0
03-01-2021,PW,Palau,WPRO,0,0,0,0
04-01-2021,PW,Palau,WPRO,0,0,0,0
05-01-2021,PW,Palau,WPRO,0,0,0,0
06-01-2021,PW,Palau,WPRO,0,0,0,0
07-01-2021,PW,Palau,WPRO,0,0,0,0
08-01-2021,PW,Palau,WPRO,0,0,0,0
09-01-2021,PW,Palau,WPRO,0,0,0,0
10-01-2021,PW,Palau,WPRO,0,0,0,0
11-01-2021,PW,Palau,WPRO,0,0,0,0
12-01-2021,PW,Palau,WPRO,0,0,0,0
13-01-2021,PW,Palau,WPRO,0,0,0,0
14-01-2021,PW,Palau,WPRO,0,0,0,0
15-01-2021,PW,Palau,WPRO,0,0,0,0
16-01-2021,PW,Palau,WPRO,0,0,0,0
17-01-2021,PW,Palau,WPRO,0,0,0,0
18-01-2021,PW,Palau,WPRO,0,0,0,0
19-01-2021,PW,Palau,WPRO,0,0,0,0
20-01-2021,PW,Palau,WPRO,0,0,0,0
21-01-2021,PW,Palau,WPRO,0,0,0,0
22-01-2021,PW,Palau,WPRO,0,0,0,0
23-01-2021,PW,Palau,WPRO,0,0,0,0
24-01-2021,PW,Palau,WPRO,0,0,0,0
25-01-2021,PW,Palau,WPRO,0,0,0,0
26-01-2021,PW,Palau,WPRO,0,0,0,0
27-01-2021,PW,Palau,WPRO,0,0,0,0
28-01-2021,PW,Palau,WPRO,0,0,0,0
29-01-2021,PW,Palau,WPRO,0,0,0,0
30-01-2021,PW,Palau,WPRO,0,0,0,0
31-01-2021,PW,Palau,WPRO,0,0,0,0
01-02-2021,PW,Palau,WPRO,0,0,0,0
02-02-2021,PW,Palau,WPRO,0,0,0,0
03-02-2021,PW,Palau,WPRO,0,0,0,0
04-02-2021,PW,Palau,WPRO,0,0,0,0
05-02-2021,PW,Palau,WPRO,0,0,0,0
06-02-2021,PW,Palau,WPRO,0,0,0,0
07-02-2021,PW,Palau,WPRO,0,0,0,0
08-02-2021,PW,Palau,WPRO,0,0,0,0
09-02-2021,PW,Palau,WPRO,0,0,0,0
10-02-2021,PW,Palau,WPRO,0,0,0,0
11-02-2021,PW,Palau,WPRO,0,0,0,0
12-02-2021,PW,Palau,WPRO,0,0,0,0
13-02-2021,PW,Palau,WPRO,0,0,0,0
14-02-2021,PW,Palau,WPRO,0,0,0,0
15-02-2021,PW,Palau,WPRO,0,0,0,0
16-02-2021,PW,Palau,WPRO,0,0,0,0
17-02-2021,PW,Palau,WPRO,0,0,0,0
18-02-2021,PW,Palau,WPRO,0,0,0,0
19-02-2021,PW,Palau,WPRO,0,0,0,0
20-02-2021,PW,Palau,WPRO,0,0,0,0
21-02-2021,PW,Palau,WPRO,0,0,0,0
22-02-2021,PW,Palau,WPRO,0,0,0,0
23-02-2021,PW,Palau,WPRO,0,0,0,0
24-02-2021,PW,Palau,WPRO,0,0,0,0
25-02-2021,PW,Palau,WPRO,0,0,0,0
26-02-2021,PW,Palau,WPRO,0,0,0,0
27-02-2021,PW,Palau,WPRO,0,0,0,0
28-02-2021,PW,Palau,WPRO,0,0,0,0
01-03-2021,PW,Palau,WPRO,0,0,0,0
02-03-2021,PW,Palau,WPRO,0,0,0,0
03-03-2021,PW,Palau,WPRO,0,0,0,0
04-03-2021,PW,Palau,WPRO,0,0,0,0
05-03-2021,PW,Palau,WPRO,0,0,0,0
06-03-2021,PW,Palau,WPRO,0,0,0,0
07-03-2021,PW,Palau,WPRO,0,0,0,0
08-03-2021,PW,Palau,WPRO,0,0,0,0
09-03-2021,PW,Palau,WPRO,0,0,0,0
10-03-2021,PW,Palau,WPRO,0,0,0,0
11-03-2021,PW,Palau,WPRO,0,0,0,0
12-03-2021,PW,Palau,WPRO,0,0,0,0
13-03-2021,PW,Palau,WPRO,0,0,0,0
14-03-2021,PW,Palau,WPRO,0,0,0,0
15-03-2021,PW,Palau,WPRO,0,0,0,0
16-03-2021,PW,Palau,WPRO,0,0,0,0
17-03-2021,PW,Palau,WPRO,0,0,0,0
18-03-2021,PW,Palau,WPRO,0,0,0,0
19-03-2021,PW,Palau,WPRO,0,0,0,0
20-03-2021,PW,Palau,WPRO,0,0,0,0
21-03-2021,PW,Palau,WPRO,0,0,0,0
22-03-2021,PW,Palau,WPRO,0,0,0,0
23-03-2021,PW,Palau,WPRO,0,0,0,0
24-03-2021,PW,Palau,WPRO,0,0,0,0
25-03-2021,PW,Palau,WPRO,0,0,0,0
26-03-2021,PW,Palau,WPRO,0,0,0,0
27-03-2021,PW,Palau,WPRO,0,0,0,0
28-03-2021,PW,Palau,WPRO,0,0,0,0
29-03-2021,PW,Palau,WPRO,0,0,0,0
30-03-2021,PW,Palau,WPRO,0,0,0,0
31-03-2021,PW,Palau,WPRO,0,0,0,0
01-04-2021,PW,Palau,WPRO,0,0,0,0
02-04-2021,PW,Palau,WPRO,0,0,0,0
03-04-2021,PW,Palau,WPRO,0,0,0,0
04-04-2021,PW,Palau,WPRO,0,0,0,0
05-04-2021,PW,Palau,WPRO,0,0,0,0
06-04-2021,PW,Palau,WPRO,0,0,0,0
07-04-2021,PW,Palau,WPRO,0,0,0,0
08-04-2021,PW,Palau,WPRO,0,0,0,0
09-04-2021,PW,Palau,WPRO,0,0,0,0
10-04-2021,PW,Palau,WPRO,0,0,0,0
11-04-2021,PW,Palau,WPRO,0,0,0,0
12-04-2021,PW,Palau,WPRO,0,0,0,0
13-04-2021,PW,Palau,WPRO,0,0,0,0
14-04-2021,PW,Palau,WPRO,0,0,0,0
15-04-2021,PW,Palau,WPRO,0,0,0,0
16-04-2021,PW,Palau,WPRO,0,0,0,0
17-04-2021,PW,Palau,WPRO,0,0,0,0
18-04-2021,PW,Palau,WPRO,0,0,0,0
19-04-2021,PW,Palau,WPRO,0,0,0,0
20-04-2021,PW,Palau,WPRO,0,0,0,0
21-04-2021,PW,Palau,WPRO,0,0,0,0
22-04-2021,PW,Palau,WPRO,0,0,0,0
23-04-2021,PW,Palau,WPRO,0,0,0,0
24-04-2021,PW,Palau,WPRO,0,0,0,0
25-04-2021,PW,Palau,WPRO,0,0,0,0
26-04-2021,PW,Palau,WPRO,0,0,0,0
27-04-2021,PW,Palau,WPRO,0,0,0,0
28-04-2021,PW,Palau,WPRO,0,0,0,0
29-04-2021,PW,Palau,WPRO,0,0,0,0
30-04-2021,PW,Palau,WPRO,0,0,0,0
01-05-2021,PW,Palau,WPRO,0,0,0,0
02-05-2021,PW,Palau,WPRO,0,0,0,0
03-05-2021,PW,Palau,WPRO,0,0,0,0
04-05-2021,PW,Palau,WPRO,0,0,0,0
05-05-2021,PW,Palau,WPRO,0,0,0,0
06-05-2021,PW,Palau,WPRO,0,0,0,0
07-05-2021,PW,Palau,WPRO,0,0,0,0
08-05-2021,PW,Palau,WPRO,0,0,0,0
09-05-2021,PW,Palau,WPRO,0,0,0,0
10-05-2021,PW,Palau,WPRO,0,0,0,0
11-05-2021,PW,Palau,WPRO,0,0,0,0
12-05-2021,PW,Palau,WPRO,0,0,0,0
13-05-2021,PW,Palau,WPRO,0,0,0,0
14-05-2021,PW,Palau,WPRO,0,0,0,0
15-05-2021,PW,Palau,WPRO,0,0,0,0
16-05-2021,PW,Palau,WPRO,0,0,0,0
17-05-2021,PW,Palau,WPRO,0,0,0,0
18-05-2021,PW,Palau,WPRO,0,0,0,0
19-05-2021,PW,Palau,WPRO,0,0,0,0
20-05-2021,PW,Palau,WPRO,0,0,0,0
21-05-2021,PW,Palau,WPRO,0,0,0,0
22-05-2021,PW,Palau,WPRO,0,0,0,0
23-05-2021,PW,Palau,WPRO,0,0,0,0
24-05-2021,PW,Palau,WPRO,0,0,0,0
25-05-2021,PW,Palau,WPRO,0,0,0,0
26-05-2021,PW,Palau,WPRO,0,0,0,0
27-05-2021,PW,Palau,WPRO,0,0,0,0
28-05-2021,PW,Palau,WPRO,0,0,0,0
29-05-2021,PW,Palau,WPRO,0,0,0,0
30-05-2021,PW,Palau,WPRO,0,0,0,0
01-01-2021,PA,Panama,AMRO,4465,242744,42,3975
02-01-2021,PA,Panama,AMRO,4046,246790,47,4022
03-01-2021,PA,Panama,AMRO,2943,249733,42,4064
04-01-2021,PA,Panama,AMRO,2031,251764,39,4103
05-01-2021,PA,Panama,AMRO,1972,253736,37,4140
06-01-2021,PA,Panama,AMRO,2494,256230,57,4197
07-01-2021,PA,Panama,AMRO,3540,259770,41,4238
08-01-2021,PA,Panama,AMRO,5186,264956,45,4283
09-01-2021,PA,Panama,AMRO,4135,269091,38,4321
10-01-2021,PA,Panama,AMRO,3946,273037,42,4363
11-01-2021,PA,Panama,AMRO,3735,276772,47,4410
12-01-2021,PA,Panama,AMRO,2424,279196,45,4455
13-01-2021,PA,Panama,AMRO,2157,281353,45,4500
14-01-2021,PA,Panama,AMRO,3740,285093,61,4561
15-01-2021,PA,Panama,AMRO,3315,288408,33,4594
16-01-2021,PA,Panama,AMRO,2877,291285,57,4651
17-01-2021,PA,Panama,AMRO,2307,293592,38,4689
18-01-2021,PA,Panama,AMRO,2677,296269,49,4738
19-01-2021,PA,Panama,AMRO,1750,298019,49,4787
20-01-2021,PA,Panama,AMRO,1342,299361,41,4828
21-01-2021,PA,Panama,AMRO,2173,301534,36,4864
22-01-2021,PA,Panama,AMRO,2243,303777,48,4912
23-01-2021,PA,Panama,AMRO,1975,305752,32,4944
24-01-2021,PA,Panama,AMRO,2041,307793,36,4980
25-01-2021,PA,Panama,AMRO,2058,309851,54,5034
26-01-2021,PA,Panama,AMRO,1393,311244,29,5063
27-01-2021,PA,Panama,AMRO,914,312158,35,5098
28-01-2021,PA,Panama,AMRO,1676,313834,39,5137
29-01-2021,PA,Panama,AMRO,1566,315400,39,5176
30-01-2021,PA,Panama,AMRO,1408,316808,20,5196
31-01-2021,PA,Panama,AMRO,1445,318253,25,5221
01-02-2021,PA,Panama,AMRO,1200,319453,23,5244
02-02-2021,PA,Panama,AMRO,926,320379,26,5270
03-02-2021,PA,Panama,AMRO,724,321103,26,5296
04-02-2021,PA,Panama,AMRO,1098,322201,43,5339
05-02-2021,PA,Panama,AMRO,1181,323382,27,5366
06-02-2021,PA,Panama,AMRO,1107,324489,25,5391
07-02-2021,PA,Panama,AMRO,998,325487,35,5426
08-02-2021,PA,Panama,AMRO,977,326464,29,5455
09-02-2021,PA,Panama,AMRO,627,327091,25,5480
10-02-2021,PA,Panama,AMRO,563,327654,26,5506
11-02-2021,PA,Panama,AMRO,822,328476,25,5531
12-02-2021,PA,Panama,AMRO,891,329367,19,5550
13-02-2021,PA,Panama,AMRO,708,330075,22,5572
14-02-2021,PA,Panama,AMRO,910,330985,23,5595
15-02-2021,PA,Panama,AMRO,707,331692,26,5621
16-02-2021,PA,Panama,AMRO,487,332179,15,5636
17-02-2021,PA,Panama,AMRO,500,332679,6,5642
18-02-2021,PA,Panama,AMRO,572,333251,13,5655
19-02-2021,PA,Panama,AMRO,504,333755,17,5672
20-02-2021,PA,Panama,AMRO,708,334463,22,5694
21-02-2021,PA,Panama,AMRO,876,335339,17,5711
22-02-2021,PA,Panama,AMRO,698,336037,16,5727
23-02-2021,PA,Panama,AMRO,484,336521,15,5742
24-02-2021,PA,Panama,AMRO,566,337087,14,5756
25-02-2021,PA,Panama,AMRO,718,337805,16,5772
26-02-2021,PA,Panama,AMRO,896,338701,17,5789
27-02-2021,PA,Panama,AMRO,682,339383,21,5810
28-02-2021,PA,Panama,AMRO,398,339781,10,5820
01-03-2021,PA,Panama,AMRO,664,340445,11,5831
02-03-2021,PA,Panama,AMRO,470,340915,14,5845
03-03-2021,PA,Panama,AMRO,505,341420,13,5858
04-03-2021,PA,Panama,AMRO,599,342019,13,5871
05-03-2021,PA,Panama,AMRO,722,342741,13,5884
06-03-2021,PA,Panama,AMRO,540,343281,11,5895
07-03-2021,PA,Panama,AMRO,462,343743,12,5907
08-03-2021,PA,Panama,AMRO,734,344477,3,5910
09-03-2021,PA,Panama,AMRO,357,344834,13,5923
10-03-2021,PA,Panama,AMRO,402,345236,11,5934
11-03-2021,PA,Panama,AMRO,523,345759,10,5944
12-03-2021,PA,Panama,AMRO,542,346301,13,5957
13-03-2021,PA,Panama,AMRO,474,346775,15,5972
14-03-2021,PA,Panama,AMRO,451,347226,9,5981
15-03-2021,PA,Panama,AMRO,415,347641,6,5987
16-03-2021,PA,Panama,AMRO,278,347919,7,5994
17-03-2021,PA,Panama,AMRO,236,348155,11,6005
18-03-2021,PA,Panama,AMRO,425,348580,4,6009
19-03-2021,PA,Panama,AMRO,440,349020,9,6018
20-03-2021,PA,Panama,AMRO,485,349505,7,6025
21-03-2021,PA,Panama,AMRO,715,350220,10,6035
22-03-2021,PA,Panama,AMRO,445,350665,7,6042
23-03-2021,PA,Panama,AMRO,326,350991,2,6044
24-03-2021,PA,Panama,AMRO,222,351213,8,6052
25-03-2021,PA,Panama,AMRO,454,351667,8,6060
26-03-2021,PA,Panama,AMRO,415,352082,5,6065
27-03-2021,PA,Panama,AMRO,497,352579,8,6073
28-03-2021,PA,Panama,AMRO,438,353017,14,6087
29-03-2021,PA,Panama,AMRO,480,353497,3,6090
30-03-2021,PA,Panama,AMRO,342,353839,10,6100
31-03-2021,PA,Panama,AMRO,246,354085,3,6103
01-04-2021,PA,Panama,AMRO,519,354604,6,6109
02-04-2021,PA,Panama,AMRO,447,355051,5,6114
03-04-2021,PA,Panama,AMRO,448,355499,5,6119
04-04-2021,PA,Panama,AMRO,351,355850,7,6126
05-04-2021,PA,Panama,AMRO,223,356073,5,6131
06-04-2021,PA,Panama,AMRO,304,356377,4,6135
07-04-2021,PA,Panama,AMRO,179,356556,3,6138
08-04-2021,PA,Panama,AMRO,357,356913,8,6146
09-04-2021,PA,Panama,AMRO,364,357277,2,6148
10-04-2021,PA,Panama,AMRO,427,357704,4,6152
11-04-2021,PA,Panama,AMRO,394,358098,4,6156
12-04-2021,PA,Panama,AMRO,279,358377,3,6159
13-04-2021,PA,Panama,AMRO,234,358611,4,6163
14-04-2021,PA,Panama,AMRO,181,358792,4,6167
15-04-2021,PA,Panama,AMRO,329,359121,6,6173
16-04-2021,PA,Panama,AMRO,395,359516,4,6177
17-04-2021,PA,Panama,AMRO,314,359830,6,6183
18-04-2021,PA,Panama,AMRO,419,360249,2,6185
19-04-2021,PA,Panama,AMRO,348,360597,2,6187
20-04-2021,PA,Panama,AMRO,244,360841,1,6188
21-04-2021,PA,Panama,AMRO,203,361044,1,6189
22-04-2021,PA,Panama,AMRO,275,361319,3,6192
23-04-2021,PA,Panama,AMRO,359,361678,4,6196
24-04-2021,PA,Panama,AMRO,314,361992,2,6198
25-04-2021,PA,Panama,AMRO,366,362358,2,6200
26-04-2021,PA,Panama,AMRO,338,362696,7,6207
27-04-2021,PA,Panama,AMRO,271,362967,2,6209
28-04-2021,PA,Panama,AMRO,198,363165,3,6212
29-04-2021,PA,Panama,AMRO,368,363533,4,6216
30-04-2021,PA,Panama,AMRO,362,363895,6,6222
01-05-2021,PA,Panama,AMRO,323,364218,5,6227
02-05-2021,PA,Panama,AMRO,358,364576,5,6232
03-05-2021,PA,Panama,AMRO,268,364844,3,6235
04-05-2021,PA,Panama,AMRO,260,365104,3,6238
05-05-2021,PA,Panama,AMRO,195,365299,6,6244
06-05-2021,PA,Panama,AMRO,320,365619,4,6248
07-05-2021,PA,Panama,AMRO,356,365975,4,6252
08-05-2021,PA,Panama,AMRO,389,366364,3,6255
09-05-2021,PA,Panama,AMRO,398,366762,3,6258
10-05-2021,PA,Panama,AMRO,508,367270,7,6265
11-05-2021,PA,Panama,AMRO,295,367565,6,6271
12-05-2021,PA,Panama,AMRO,343,367908,6,6277
13-05-2021,PA,Panama,AMRO,460,368368,5,6282
14-05-2021,PA,Panama,AMRO,562,368930,3,6285
15-05-2021,PA,Panama,AMRO,525,369455,3,6288
16-05-2021,PA,Panama,AMRO,588,370043,4,6292
17-05-2021,PA,Panama,AMRO,490,370533,4,6296
18-05-2021,PA,Panama,AMRO,344,370877,0,6296
19-05-2021,PA,Panama,AMRO,268,371145,1,6297
20-05-2021,PA,Panama,AMRO,539,371684,3,6300
21-05-2021,PA,Panama,AMRO,537,372221,5,6305
22-05-2021,PA,Panama,AMRO,579,372800,9,6314
23-05-2021,PA,Panama,AMRO,508,373308,7,6321
24-05-2021,PA,Panama,AMRO,466,373774,7,6328
25-05-2021,PA,Panama,AMRO,347,374121,3,6331
26-05-2021,PA,Panama,AMRO,235,374356,15,6346
27-05-2021,PA,Panama,AMRO,581,374937,7,6353
28-05-2021,PA,Panama,AMRO,663,375600,4,6357
29-05-2021,PA,Panama,AMRO,637,376237,4,6361
30-05-2021,PA,Panama,AMRO,617,376854,4,6365
01-01-2021,PG,Papua New Guinea,WPRO,0,780,0,9
02-01-2021,PG,Papua New Guinea,WPRO,0,780,0,9
03-01-2021,PG,Papua New Guinea,WPRO,0,780,0,9
04-01-2021,PG,Papua New Guinea,WPRO,19,799,0,9
05-01-2021,PG,Papua New Guinea,WPRO,0,799,0,9
06-01-2021,PG,Papua New Guinea,WPRO,0,799,0,9
07-01-2021,PG,Papua New Guinea,WPRO,0,799,0,9
08-01-2021,PG,Papua New Guinea,WPRO,0,799,0,9
09-01-2021,PG,Papua New Guinea,WPRO,12,811,0,9
10-01-2021,PG,Papua New Guinea,WPRO,0,811,0,9
11-01-2021,PG,Papua New Guinea,WPRO,0,811,0,9
12-01-2021,PG,Papua New Guinea,WPRO,8,819,0,9
13-01-2021,PG,Papua New Guinea,WPRO,4,823,0,9
14-01-2021,PG,Papua New Guinea,WPRO,10,833,0,9
15-01-2021,PG,Papua New Guinea,WPRO,1,834,0,9
16-01-2021,PG,Papua New Guinea,WPRO,0,834,0,9
17-01-2021,PG,Papua New Guinea,WPRO,0,834,0,9
18-01-2021,PG,Papua New Guinea,WPRO,0,834,0,9
19-01-2021,PG,Papua New Guinea,WPRO,0,834,0,9
20-01-2021,PG,Papua New Guinea,WPRO,9,843,0,9
21-01-2021,PG,Papua New Guinea,WPRO,1,844,0,9
22-01-2021,PG,Papua New Guinea,WPRO,5,849,0,9
23-01-2021,PG,Papua New Guinea,WPRO,0,849,0,9
24-01-2021,PG,Papua New Guinea,WPRO,0,849,0,9
25-01-2021,PG,Papua New Guinea,WPRO,0,849,0,9
26-01-2021,PG,Papua New Guinea,WPRO,0,849,0,9
27-01-2021,PG,Papua New Guinea,WPRO,1,850,0,9
28-01-2021,PG,Papua New Guinea,WPRO,1,851,0,9
29-01-2021,PG,Papua New Guinea,WPRO,0,851,0,9
30-01-2021,PG,Papua New Guinea,WPRO,0,851,0,9
31-01-2021,PG,Papua New Guinea,WPRO,0,851,0,9
01-02-2021,PG,Papua New Guinea,WPRO,16,867,0,9
02-02-2021,PG,Papua New Guinea,WPRO,0,867,0,9
03-02-2021,PG,Papua New Guinea,WPRO,0,867,0,9
04-02-2021,PG,Papua New Guinea,WPRO,0,867,0,9
05-02-2021,PG,Papua New Guinea,WPRO,24,891,0,9
06-02-2021,PG,Papua New Guinea,WPRO,3,894,0,9
07-02-2021,PG,Papua New Guinea,WPRO,0,894,0,9
08-02-2021,PG,Papua New Guinea,WPRO,1,895,0,9
09-02-2021,PG,Papua New Guinea,WPRO,5,900,0,9
10-02-2021,PG,Papua New Guinea,WPRO,0,900,0,9
11-02-2021,PG,Papua New Guinea,WPRO,14,914,0,9
12-02-2021,PG,Papua New Guinea,WPRO,8,922,1,10
13-02-2021,PG,Papua New Guinea,WPRO,0,922,0,10
14-02-2021,PG,Papua New Guinea,WPRO,0,922,0,10
15-02-2021,PG,Papua New Guinea,WPRO,0,922,0,10
16-02-2021,PG,Papua New Guinea,WPRO,33,955,0,10
17-02-2021,PG,Papua New Guinea,WPRO,0,955,0,10
18-02-2021,PG,Papua New Guinea,WPRO,6,961,0,10
19-02-2021,PG,Papua New Guinea,WPRO,9,970,0,10
20-02-2021,PG,Papua New Guinea,WPRO,59,1029,0,10
21-02-2021,PG,Papua New Guinea,WPRO,0,1029,0,10
22-02-2021,PG,Papua New Guinea,WPRO,27,1056,0,10
23-02-2021,PG,Papua New Guinea,WPRO,21,1077,0,10
24-02-2021,PG,Papua New Guinea,WPRO,34,1111,0,10
25-02-2021,PG,Papua New Guinea,WPRO,28,1139,1,11
26-02-2021,PG,Papua New Guinea,WPRO,89,1228,1,12
27-02-2021,PG,Papua New Guinea,WPRO,47,1275,0,12
28-02-2021,PG,Papua New Guinea,WPRO,20,1295,1,13
01-03-2021,PG,Papua New Guinea,WPRO,21,1316,0,13
02-03-2021,PG,Papua New Guinea,WPRO,49,1365,1,14
03-03-2021,PG,Papua New Guinea,WPRO,36,1401,0,14
04-03-2021,PG,Papua New Guinea,WPRO,28,1429,2,16
05-03-2021,PG,Papua New Guinea,WPRO,63,1492,0,16
06-03-2021,PG,Papua New Guinea,WPRO,37,1529,0,16
07-03-2021,PG,Papua New Guinea,WPRO,54,1583,0,16
08-03-2021,PG,Papua New Guinea,WPRO,87,1670,0,16
09-03-2021,PG,Papua New Guinea,WPRO,22,1692,5,21
10-03-2021,PG,Papua New Guinea,WPRO,49,1741,0,21
11-03-2021,PG,Papua New Guinea,WPRO,78,1819,0,21
12-03-2021,PG,Papua New Guinea,WPRO,157,1976,0,21
13-03-2021,PG,Papua New Guinea,WPRO,107,2083,0,21
14-03-2021,PG,Papua New Guinea,WPRO,90,2173,0,21
15-03-2021,PG,Papua New Guinea,WPRO,96,2269,5,26
16-03-2021,PG,Papua New Guinea,WPRO,82,2351,0,26
17-03-2021,PG,Papua New Guinea,WPRO,128,2479,5,31
18-03-2021,PG,Papua New Guinea,WPRO,179,2658,5,36
19-03-2021,PG,Papua New Guinea,WPRO,132,2790,0,36
20-03-2021,PG,Papua New Guinea,WPRO,295,3085,0,36
21-03-2021,PG,Papua New Guinea,WPRO,274,3359,0,36
22-03-2021,PG,Papua New Guinea,WPRO,215,3574,0,36
23-03-2021,PG,Papua New Guinea,WPRO,184,3758,1,37
24-03-2021,PG,Papua New Guinea,WPRO,351,4109,2,39
25-03-2021,PG,Papua New Guinea,WPRO,551,4660,0,39
26-03-2021,PG,Papua New Guinea,WPRO,305,4965,0,39
27-03-2021,PG,Papua New Guinea,WPRO,219,5184,6,45
28-03-2021,PG,Papua New Guinea,WPRO,21,5205,0,45
29-03-2021,PG,Papua New Guinea,WPRO,144,5349,4,49
30-03-2021,PG,Papua New Guinea,WPRO,271,5620,7,56
31-03-2021,PG,Papua New Guinea,WPRO,371,5991,4,60
01-04-2021,PG,Papua New Guinea,WPRO,121,6112,0,60
02-04-2021,PG,Papua New Guinea,WPRO,363,6475,0,60
03-04-2021,PG,Papua New Guinea,WPRO,144,6619,0,60
04-04-2021,PG,Papua New Guinea,WPRO,238,6857,1,61
05-04-2021,PG,Papua New Guinea,WPRO,181,7038,0,61
06-04-2021,PG,Papua New Guinea,WPRO,368,7406,6,67
07-04-2021,PG,Papua New Guinea,WPRO,228,7634,1,68
08-04-2021,PG,Papua New Guinea,WPRO,205,7839,0,68
09-04-2021,PG,Papua New Guinea,WPRO,162,8001,0,68
10-04-2021,PG,Papua New Guinea,WPRO,341,8342,0,68
11-04-2021,PG,Papua New Guinea,WPRO,100,8442,0,68
12-04-2021,PG,Papua New Guinea,WPRO,160,8602,1,69
13-04-2021,PG,Papua New Guinea,WPRO,219,8821,0,69
14-04-2021,PG,Papua New Guinea,WPRO,163,8984,2,71
15-04-2021,PG,Papua New Guinea,WPRO,204,9188,11,82
16-04-2021,PG,Papua New Guinea,WPRO,155,9343,0,82
17-04-2021,PG,Papua New Guinea,WPRO,172,9515,2,84
18-04-2021,PG,Papua New Guinea,WPRO,223,9738,5,89
19-04-2021,PG,Papua New Guinea,WPRO,61,9799,1,90
20-04-2021,PG,Papua New Guinea,WPRO,153,9952,1,91
21-04-2021,PG,Papua New Guinea,WPRO,245,10197,0,91
22-04-2021,PG,Papua New Guinea,WPRO,141,10338,8,99
23-04-2021,PG,Papua New Guinea,WPRO,212,10550,0,99
24-04-2021,PG,Papua New Guinea,WPRO,52,10602,3,102
25-04-2021,PG,Papua New Guinea,WPRO,68,10670,0,102
26-04-2021,PG,Papua New Guinea,WPRO,165,10835,3,105
27-04-2021,PG,Papua New Guinea,WPRO,80,10915,2,107
28-04-2021,PG,Papua New Guinea,WPRO,82,10997,0,107
29-04-2021,PG,Papua New Guinea,WPRO,0,10997,0,107
30-04-2021,PG,Papua New Guinea,WPRO,122,11119,8,115
01-05-2021,PG,Papua New Guinea,WPRO,87,11206,0,115
02-05-2021,PG,Papua New Guinea,WPRO,56,11262,0,115
03-05-2021,PG,Papua New Guinea,WPRO,11,11273,6,121
04-05-2021,PG,Papua New Guinea,WPRO,0,11273,0,121
05-05-2021,PG,Papua New Guinea,WPRO,134,11407,0,121
06-05-2021,PG,Papua New Guinea,WPRO,223,11630,0,121
07-05-2021,PG,Papua New Guinea,WPRO,253,11883,0,121
08-05-2021,PG,Papua New Guinea,WPRO,203,12086,0,121
09-05-2021,PG,Papua New Guinea,WPRO,140,12226,0,121
10-05-2021,PG,Papua New Guinea,WPRO,267,12493,9,130
11-05-2021,PG,Papua New Guinea,WPRO,504,12997,0,130
12-05-2021,PG,Papua New Guinea,WPRO,245,13242,3,133
13-05-2021,PG,Papua New Guinea,WPRO,181,13423,0,133
14-05-2021,PG,Papua New Guinea,WPRO,284,13707,3,136
15-05-2021,PG,Papua New Guinea,WPRO,221,13928,0,136
16-05-2021,PG,Papua New Guinea,WPRO,0,13928,0,136
17-05-2021,PG,Papua New Guinea,WPRO,278,14206,0,136
18-05-2021,PG,Papua New Guinea,WPRO,135,14341,3,139
19-05-2021,PG,Papua New Guinea,WPRO,298,14639,2,141
20-05-2021,PG,Papua New Guinea,WPRO,271,14910,13,154
21-05-2021,PG,Papua New Guinea,WPRO,132,15042,0,154
22-05-2021,PG,Papua New Guinea,WPRO,91,15133,0,154
23-05-2021,PG,Papua New Guinea,WPRO,54,15187,2,156
24-05-2021,PG,Papua New Guinea,WPRO,35,15222,0,156
25-05-2021,PG,Papua New Guinea,WPRO,146,15368,3,159
26-05-2021,PG,Papua New Guinea,WPRO,47,15415,3,162
27-05-2021,PG,Papua New Guinea,WPRO,132,15547,0,162
28-05-2021,PG,Papua New Guinea,WPRO,225,15772,0,162
29-05-2021,PG,Papua New Guinea,WPRO,76,15848,0,162
30-05-2021,PG,Papua New Guinea,WPRO,0,15848,0,162
01-01-2021,PY,Paraguay,AMRO,822,106958,22,2242
02-01-2021,PY,Paraguay,AMRO,974,107932,20,2262
03-01-2021,PY,Paraguay,AMRO,417,108349,0,2262
04-01-2021,PY,Paraguay,AMRO,369,108718,17,2279
05-01-2021,PY,Paraguay,AMRO,355,109073,13,2292
06-01-2021,PY,Paraguay,AMRO,764,109837,13,2305
07-01-2021,PY,Paraguay,AMRO,959,110796,16,2321
08-01-2021,PY,Paraguay,AMRO,898,111694,16,2337
09-01-2021,PY,Paraguay,AMRO,1162,112856,15,2352
10-01-2021,PY,Paraguay,AMRO,1138,113994,20,2372
11-01-2021,PY,Paraguay,AMRO,1032,115026,15,2387
12-01-2021,PY,Paraguay,AMRO,707,115733,18,2405
13-01-2021,PY,Paraguay,AMRO,802,116535,15,2420
14-01-2021,PY,Paraguay,AMRO,1055,117590,17,2437
15-01-2021,PY,Paraguay,AMRO,1002,118592,15,2452
16-01-2021,PY,Paraguay,AMRO,1048,119640,15,2467
17-01-2021,PY,Paraguay,AMRO,1149,120789,12,2479
18-01-2021,PY,Paraguay,AMRO,859,121648,16,2495
19-01-2021,PY,Paraguay,AMRO,512,122160,10,2505
20-01-2021,PY,Paraguay,AMRO,428,122588,13,2518
21-01-2021,PY,Paraguay,AMRO,771,123359,17,2535
22-01-2021,PY,Paraguay,AMRO,1088,124447,22,2557
23-01-2021,PY,Paraguay,AMRO,1071,125518,13,2570
24-01-2021,PY,Paraguay,AMRO,852,126370,15,2585
25-01-2021,PY,Paraguay,AMRO,711,127081,22,2607
26-01-2021,PY,Paraguay,AMRO,571,127652,10,2617
27-01-2021,PY,Paraguay,AMRO,714,128366,15,2632
28-01-2021,PY,Paraguay,AMRO,1028,129394,19,2651
29-01-2021,PY,Paraguay,AMRO,769,130163,17,2668
30-01-2021,PY,Paraguay,AMRO,754,130917,13,2681
31-01-2021,PY,Paraguay,AMRO,969,131886,12,2693
01-02-2021,PY,Paraguay,AMRO,662,132548,11,2704
02-02-2021,PY,Paraguay,AMRO,679,133227,15,2719
03-02-2021,PY,Paraguay,AMRO,554,133781,14,2733
04-02-2021,PY,Paraguay,AMRO,701,134482,17,2750
05-02-2021,PY,Paraguay,AMRO,747,135229,15,2765
06-02-2021,PY,Paraguay,AMRO,794,136023,14,2779
07-02-2021,PY,Paraguay,AMRO,867,136890,12,2791
08-02-2021,PY,Paraguay,AMRO,713,137603,16,2807
09-02-2021,PY,Paraguay,AMRO,515,138118,19,2826
10-02-2021,PY,Paraguay,AMRO,827,138945,20,2846
11-02-2021,PY,Paraguay,AMRO,874,139819,16,2862
12-02-2021,PY,Paraguay,AMRO,978,140797,14,2876
13-02-2021,PY,Paraguay,AMRO,978,141775,15,2891
14-02-2021,PY,Paraguay,AMRO,823,142598,13,2904
15-02-2021,PY,Paraguay,AMRO,845,143443,16,2920
16-02-2021,PY,Paraguay,AMRO,599,144042,16,2936
17-02-2021,PY,Paraguay,AMRO,1053,145095,17,2953
18-02-2021,PY,Paraguay,AMRO,1121,146216,18,2971
19-02-2021,PY,Paraguay,AMRO,1037,147253,20,2991
20-02-2021,PY,Paraguay,AMRO,1369,148622,17,3008
21-02-2021,PY,Paraguay,AMRO,1062,149684,18,3026
22-02-2021,PY,Paraguay,AMRO,1047,150731,19,3045
23-02-2021,PY,Paraguay,AMRO,987,151718,20,3065
24-02-2021,PY,Paraguay,AMRO,940,152658,15,3080
25-02-2021,PY,Paraguay,AMRO,1132,153790,21,3101
26-02-2021,PY,Paraguay,AMRO,1114,154904,18,3119
27-02-2021,PY,Paraguay,AMRO,1285,156189,16,3135
28-02-2021,PY,Paraguay,AMRO,1414,157603,17,3152
01-03-2021,PY,Paraguay,AMRO,934,158537,15,3167
02-03-2021,PY,Paraguay,AMRO,937,159474,14,3181
03-03-2021,PY,Paraguay,AMRO,974,160448,17,3198
04-03-2021,PY,Paraguay,AMRO,1082,161530,20,3218
05-03-2021,PY,Paraguay,AMRO,1341,162871,21,3239
06-03-2021,PY,Paraguay,AMRO,1439,164310,17,3256
07-03-2021,PY,Paraguay,AMRO,1501,165811,22,3278
08-03-2021,PY,Paraguay,AMRO,1158,166969,16,3294
09-03-2021,PY,Paraguay,AMRO,1074,168043,24,3318
10-03-2021,PY,Paraguay,AMRO,1817,169860,25,3343
11-03-2021,PY,Paraguay,AMRO,2125,171985,17,3360
12-03-2021,PY,Paraguay,AMRO,2028,174013,27,3387
13-03-2021,PY,Paraguay,AMRO,1814,175827,24,3411
14-03-2021,PY,Paraguay,AMRO,1766,177593,25,3436
15-03-2021,PY,Paraguay,AMRO,1479,179072,20,3456
16-03-2021,PY,Paraguay,AMRO,942,180014,20,3476
17-03-2021,PY,Paraguay,AMRO,1400,181414,41,3517
18-03-2021,PY,Paraguay,AMRO,1934,183348,37,3554
19-03-2021,PY,Paraguay,AMRO,2540,185888,34,3588
20-03-2021,PY,Paraguay,AMRO,2605,188493,32,3620
21-03-2021,PY,Paraguay,AMRO,2006,190499,42,3662
22-03-2021,PY,Paraguay,AMRO,2100,192599,33,3695
23-03-2021,PY,Paraguay,AMRO,1523,194122,35,3730
24-03-2021,PY,Paraguay,AMRO,1990,196112,39,3769
25-03-2021,PY,Paraguay,AMRO,2023,198135,49,3818
26-03-2021,PY,Paraguay,AMRO,2688,200823,51,3869
27-03-2021,PY,Paraguay,AMRO,1877,202700,41,3910
28-03-2021,PY,Paraguay,AMRO,2004,204704,48,3958
29-03-2021,PY,Paraguay,AMRO,1893,206597,45,4003
30-03-2021,PY,Paraguay,AMRO,2058,208655,60,4063
31-03-2021,PY,Paraguay,AMRO,1770,210425,50,4113
01-04-2021,PY,Paraguay,AMRO,2266,212691,48,4161
02-04-2021,PY,Paraguay,AMRO,1976,214667,45,4206
03-04-2021,PY,Paraguay,AMRO,1611,216278,44,4250
04-04-2021,PY,Paraguay,AMRO,1608,217886,44,4294
05-04-2021,PY,Paraguay,AMRO,1507,219393,50,4344
06-04-2021,PY,Paraguay,AMRO,1814,221207,55,4399
07-04-2021,PY,Paraguay,AMRO,1456,222663,64,4463
08-04-2021,PY,Paraguay,AMRO,2073,224736,59,4522
09-04-2021,PY,Paraguay,AMRO,2380,227116,62,4584
10-04-2021,PY,Paraguay,AMRO,2479,229595,60,4644
11-04-2021,PY,Paraguay,AMRO,2547,232142,54,4698
12-04-2021,PY,Paraguay,AMRO,1603,233745,51,4749
13-04-2021,PY,Paraguay,AMRO,1547,235292,78,4827
14-04-2021,PY,Paraguay,AMRO,2250,237542,62,4889
15-04-2021,PY,Paraguay,AMRO,2599,240141,89,4978
16-04-2021,PY,Paraguay,AMRO,2020,242161,62,5040
17-04-2021,PY,Paraguay,AMRO,2367,244528,70,5110
18-04-2021,PY,Paraguay,AMRO,2278,246806,67,5177
19-04-2021,PY,Paraguay,AMRO,1558,248364,74,5251
20-04-2021,PY,Paraguay,AMRO,1801,250165,62,5313
21-04-2021,PY,Paraguay,AMRO,2278,252443,71,5384
22-04-2021,PY,Paraguay,AMRO,2603,255046,86,5470
23-04-2021,PY,Paraguay,AMRO,2660,257706,91,5561
24-04-2021,PY,Paraguay,AMRO,2676,260382,72,5633
25-04-2021,PY,Paraguay,AMRO,2752,263134,82,5715
26-04-2021,PY,Paraguay,AMRO,2162,265296,87,5802
27-04-2021,PY,Paraguay,AMRO,1786,267082,98,5900
28-04-2021,PY,Paraguay,AMRO,2271,269353,102,6002
29-04-2021,PY,Paraguay,AMRO,2461,271814,92,6094
30-04-2021,PY,Paraguay,AMRO,2356,274170,102,6196
01-05-2021,PY,Paraguay,AMRO,2695,276865,106,6302
02-05-2021,PY,Paraguay,AMRO,2212,279077,83,6385
03-05-2021,PY,Paraguay,AMRO,1946,281023,91,6476
04-05-2021,PY,Paraguay,AMRO,1520,282543,96,6572
05-05-2021,PY,Paraguay,AMRO,1910,284453,81,6653
06-05-2021,PY,Paraguay,AMRO,2214,286667,69,6722
07-05-2021,PY,Paraguay,AMRO,2307,288974,76,6798
08-05-2021,PY,Paraguay,AMRO,2566,291540,85,6883
09-05-2021,PY,Paraguay,AMRO,2693,294233,91,6974
10-05-2021,PY,Paraguay,AMRO,2073,296306,76,7050
11-05-2021,PY,Paraguay,AMRO,1483,297789,80,7130
12-05-2021,PY,Paraguay,AMRO,1895,299684,79,7209
13-05-2021,PY,Paraguay,AMRO,2377,302061,75,7284
14-05-2021,PY,Paraguay,AMRO,2828,304889,74,7358
15-05-2021,PY,Paraguay,AMRO,2568,307457,69,7427
16-05-2021,PY,Paraguay,AMRO,2181,309638,55,7482
17-05-2021,PY,Paraguay,AMRO,2108,311746,52,7534
18-05-2021,PY,Paraguay,AMRO,1781,313527,62,7596
19-05-2021,PY,Paraguay,AMRO,2020,315547,96,7692
20-05-2021,PY,Paraguay,AMRO,2704,318251,110,7802
21-05-2021,PY,Paraguay,AMRO,2781,321032,112,7914
22-05-2021,PY,Paraguay,AMRO,3031,324063,98,8012
23-05-2021,PY,Paraguay,AMRO,3166,327229,103,8115
24-05-2021,PY,Paraguay,AMRO,3228,330457,120,8235
25-05-2021,PY,Paraguay,AMRO,2514,332971,125,8360
26-05-2021,PY,Paraguay,AMRO,2720,335691,114,8474
27-05-2021,PY,Paraguay,AMRO,3223,338914,117,8591
28-05-2021,PY,Paraguay,AMRO,3307,342221,110,8701
29-05-2021,PY,Paraguay,AMRO,3136,345357,99,8800
30-05-2021,PY,Paraguay,AMRO,2827,348184,92,8892
01-01-2021,PE,Peru,AMRO,2118,1012614,47,37621
02-01-2021,PE,Peru,AMRO,2523,1015137,59,37680
03-01-2021,PE,Peru,AMRO,2062,1017199,44,37724
04-01-2021,PE,Peru,AMRO,900,1018099,49,37773
05-01-2021,PE,Peru,AMRO,1376,1019475,57,37830
06-01-2021,PE,Peru,AMRO,1583,1021058,43,37873
07-01-2021,PE,Peru,AMRO,960,1022018,52,37925
08-01-2021,PE,Peru,AMRO,2414,1024432,66,37991
09-01-2021,PE,Peru,AMRO,2258,1026690,58,38049
10-01-2021,PE,Peru,AMRO,2781,1029471,96,38145
11-01-2021,PE,Peru,AMRO,2804,1032275,68,38213
12-01-2021,PE,Peru,AMRO,2909,1035184,67,38280
13-01-2021,PE,Peru,AMRO,2166,1037350,55,38335
14-01-2021,PE,Peru,AMRO,2881,1040231,4,38339
15-01-2021,PE,Peru,AMRO,3409,1043640,134,38473
16-01-2021,PE,Peru,AMRO,5022,1048662,91,38564
17-01-2021,PE,Peru,AMRO,7361,1056023,90,38654
18-01-2021,PE,Peru,AMRO,4544,1060567,116,38770
19-01-2021,PE,Peru,AMRO,4342,1064909,101,38871
20-01-2021,PE,Peru,AMRO,3893,1068802,60,38931
21-01-2021,PE,Peru,AMRO,4412,1073214,113,39044
22-01-2021,PE,Peru,AMRO,5461,1078675,113,39157
23-01-2021,PE,Peru,AMRO,4232,1082907,117,39274
24-01-2021,PE,Peru,AMRO,5189,1088096,153,39427
25-01-2021,PE,Peru,AMRO,5842,1093938,181,39608
26-01-2021,PE,Peru,AMRO,5075,1099013,169,39777
27-01-2021,PE,Peru,AMRO,3782,1102795,110,39887
28-01-2021,PE,Peru,AMRO,4444,1107239,220,40107
29-01-2021,PE,Peru,AMRO,6731,1113970,165,40272
30-01-2021,PE,Peru,AMRO,5715,1119685,212,40484
31-01-2021,PE,Peru,AMRO,6190,1125875,202,40686
01-02-2021,PE,Peru,AMRO,7147,1133022,171,40857
02-02-2021,PE,Peru,AMRO,5217,1138239,169,41026
03-02-2021,PE,Peru,AMRO,4477,1142716,155,41181
04-02-2021,PE,Peru,AMRO,7048,1149764,173,41354
05-02-2021,PE,Peru,AMRO,8573,1158337,184,41538
06-02-2021,PE,Peru,AMRO,6715,1165052,215,41753
07-02-2021,PE,Peru,AMRO,7993,1173045,180,41933
08-02-2021,PE,Peru,AMRO,7433,1180478,188,42121
09-02-2021,PE,Peru,AMRO,6220,1186698,187,42308
10-02-2021,PE,Peru,AMRO,4523,1191221,159,42467
11-02-2021,PE,Peru,AMRO,5557,1196778,159,42626
12-02-2021,PE,Peru,AMRO,6724,1203502,233,42859
13-02-2021,PE,Peru,AMRO,8807,1212309,186,43045
14-02-2021,PE,Peru,AMRO,8439,1220748,210,43255
15-02-2021,PE,Peru,AMRO,6457,1227205,236,43491
16-02-2021,PE,Peru,AMRO,8093,1235298,212,43703
17-02-2021,PE,Peru,AMRO,3203,1238501,177,43880
18-02-2021,PE,Peru,AMRO,6228,1244729,176,44056
19-02-2021,PE,Peru,AMRO,7408,1252137,252,44308
20-02-2021,PE,Peru,AMRO,9667,1261804,181,44489
21-02-2021,PE,Peru,AMRO,7719,1269523,201,44690
22-02-2021,PE,Peru,AMRO,6376,1275899,187,44877
23-02-2021,PE,Peru,AMRO,7410,1283309,220,45097
24-02-2021,PE,Peru,AMRO,3448,1286757,166,45263
25-02-2021,PE,Peru,AMRO,6740,1293497,224,45487
26-02-2021,PE,Peru,AMRO,7302,1300799,196,45683
27-02-2021,PE,Peru,AMRO,7923,1308722,220,45903
28-02-2021,PE,Peru,AMRO,7641,1316363,191,46094
01-03-2021,PE,Peru,AMRO,7500,1323863,205,46299
02-03-2021,PE,Peru,AMRO,5942,1329805,195,46494
03-03-2021,PE,Peru,AMRO,3134,1332939,191,46685
04-03-2021,PE,Peru,AMRO,5358,1338297,209,46894
05-03-2021,PE,Peru,AMRO,6672,1344969,195,47089
06-03-2021,PE,Peru,AMRO,4878,1349847,217,47306
07-03-2021,PE,Peru,AMRO,8447,1358294,185,47491
08-03-2021,PE,Peru,AMRO,6670,1364964,190,47681
09-03-2021,PE,Peru,AMRO,6212,1371176,173,47854
10-03-2021,PE,Peru,AMRO,3291,1374467,119,47973
11-03-2021,PE,Peru,AMRO,5556,1380023,190,48163
12-03-2021,PE,Peru,AMRO,7434,1387457,160,48323
13-03-2021,PE,Peru,AMRO,7114,1394571,161,48484
14-03-2021,PE,Peru,AMRO,8039,1402610,180,48664
15-03-2021,PE,Peru,AMRO,5353,1407963,177,48841
16-03-2021,PE,Peru,AMRO,4443,1412406,162,49003
17-03-2021,PE,Peru,AMRO,6568,1418974,174,49177
18-03-2021,PE,Peru,AMRO,8630,1427604,153,49330
19-03-2021,PE,Peru,AMRO,7994,1435598,193,49523
20-03-2021,PE,Peru,AMRO,7923,1443521,183,49706
21-03-2021,PE,Peru,AMRO,8124,1451645,191,49897
22-03-2021,PE,Peru,AMRO,9134,1460779,188,50085
23-03-2021,PE,Peru,AMRO,5547,1466326,113,50198
24-03-2021,PE,Peru,AMRO,6464,1472790,141,50339
25-03-2021,PE,Peru,AMRO,8469,1481259,135,50474
26-03-2021,PE,Peru,AMRO,11260,1492519,182,50656
27-03-2021,PE,Peru,AMRO,7946,1500465,175,50831
28-03-2021,PE,Peru,AMRO,11919,1512384,201,51032
29-03-2021,PE,Peru,AMRO,8589,1520973,206,51238
30-03-2021,PE,Peru,AMRO,8909,1529882,231,51469
31-03-2021,PE,Peru,AMRO,3239,1533121,166,51635
01-04-2021,PE,Peru,AMRO,6956,1540077,166,51801
02-04-2021,PE,Peru,AMRO,8730,1548807,207,52008
03-04-2021,PE,Peru,AMRO,12916,1561723,153,52161
04-04-2021,PE,Peru,AMRO,6622,1568345,170,52331
05-04-2021,PE,Peru,AMRO,5616,1573961,294,52625
06-04-2021,PE,Peru,AMRO,8406,1582367,252,52877
07-04-2021,PE,Peru,AMRO,7842,1590209,261,53138
08-04-2021,PE,Peru,AMRO,8384,1598593,273,53411
09-04-2021,PE,Peru,AMRO,9305,1607898,314,53725
10-04-2021,PE,Peru,AMRO,9966,1617864,253,53978
11-04-2021,PE,Peru,AMRO,10655,1628519,307,54285
12-04-2021,PE,Peru,AMRO,11248,1639767,384,54669
13-04-2021,PE,Peru,AMRO,7927,1647694,234,54903
14-04-2021,PE,Peru,AMRO,5626,1653320,327,55230
15-04-2021,PE,Peru,AMRO,6387,1659707,259,55489
16-04-2021,PE,Peru,AMRO,8030,1667737,323,55812
17-04-2021,PE,Peru,AMRO,13326,1681063,337,56149
18-04-2021,PE,Peru,AMRO,7988,1689051,305,56454
19-04-2021,PE,Peru,AMRO,8575,1697626,343,56797
20-04-2021,PE,Peru,AMRO,7131,1704757,433,57230
21-04-2021,PE,Peru,AMRO,3030,1707787,307,57537
22-04-2021,PE,Peru,AMRO,11301,1719088,417,57954
23-04-2021,PE,Peru,AMRO,7718,1726806,307,58261
24-04-2021,PE,Peru,AMRO,7800,1734606,343,58604
25-04-2021,PE,Peru,AMRO,11049,1745655,408,59012
26-04-2021,PE,Peru,AMRO,8495,1754150,428,59440
27-04-2021,PE,Peru,AMRO,7425,1761575,284,59724
28-04-2021,PE,Peru,AMRO,6611,1768186,289,60013
29-04-2021,PE,Peru,AMRO,6876,1775062,403,60416
30-04-2021,PE,Peru,AMRO,8277,1783339,326,60742
01-05-2021,PE,Peru,AMRO,8659,1791998,359,61101
02-05-2021,PE,Peru,AMRO,7447,1799445,376,61477
03-05-2021,PE,Peru,AMRO,5470,1804915,312,61789
04-05-2021,PE,Peru,AMRO,6083,1810998,337,62126
05-05-2021,PE,Peru,AMRO,3129,1814127,249,62375
06-05-2021,PE,Peru,AMRO,4562,1818689,299,62674
07-05-2021,PE,Peru,AMRO,5768,1824457,302,62976
08-05-2021,PE,Peru,AMRO,8214,1832671,247,63223
09-05-2021,PE,Peru,AMRO,6794,1839465,296,63519
10-05-2021,PE,Peru,AMRO,5591,1845056,307,63826
11-05-2021,PE,Peru,AMRO,5234,1850290,277,64103
12-05-2021,PE,Peru,AMRO,3080,1853370,270,64373
13-05-2021,PE,Peru,AMRO,4869,1858239,318,64691
14-05-2021,PE,Peru,AMRO,7400,1865639,207,64898
15-05-2021,PE,Peru,AMRO,7677,1873316,418,65316
16-05-2021,PE,Peru,AMRO,5733,1879049,292,65608
17-05-2021,PE,Peru,AMRO,5547,1884596,303,65911
18-05-2021,PE,Peru,AMRO,4456,1889052,309,66220
19-05-2021,PE,Peru,AMRO,4282,1893334,251,66471
20-05-2021,PE,Peru,AMRO,4566,1897900,299,66770
21-05-2021,PE,Peru,AMRO,5715,1903615,264,67034
22-05-2021,PE,Peru,AMRO,6745,1910360,219,67253
23-05-2021,PE,Peru,AMRO,5206,1915566,316,67569
24-05-2021,PE,Peru,AMRO,5285,1920851,238,67807
25-05-2021,PE,Peru,AMRO,4438,1925289,246,68053
26-05-2021,PE,Peru,AMRO,1634,1926923,305,68358
27-05-2021,PE,Peru,AMRO,5332,1932255,112,68470
28-05-2021,PE,Peru,AMRO,4990,1937245,164,68634
29-05-2021,PE,Peru,AMRO,4809,1942054,182,68816
30-05-2021,PE,Peru,AMRO,5501,1947555,162,68978
01-01-2021,PH,Philippines,WPRO,1532,474055,14,9244
02-01-2021,PH,Philippines,WPRO,1764,475819,4,9248
03-01-2021,PH,Philippines,WPRO,1097,476916,5,9253
04-01-2021,PH,Philippines,WPRO,886,477802,4,9257
05-01-2021,PH,Philippines,WPRO,954,478756,6,9263
06-01-2021,PH,Philippines,WPRO,934,479690,58,9321
07-01-2021,PH,Philippines,WPRO,1047,480737,26,9347
08-01-2021,PH,Philippines,WPRO,1339,482076,9,9356
09-01-2021,PH,Philippines,WPRO,1769,483845,8,9364
10-01-2021,PH,Philippines,WPRO,1939,485784,34,9398
11-01-2021,PH,Philippines,WPRO,1900,487684,7,9405
12-01-2021,PH,Philippines,WPRO,2050,489734,11,9416
13-01-2021,PH,Philippines,WPRO,1513,491247,138,9554
14-01-2021,PH,Philippines,WPRO,1446,492693,145,9699
15-01-2021,PH,Philippines,WPRO,1905,494598,40,9739
16-01-2021,PH,Philippines,WPRO,2035,496633,137,9876
17-01-2021,PH,Philippines,WPRO,2049,498682,8,9884
18-01-2021,PH,Philippines,WPRO,1891,500573,11,9895
19-01-2021,PH,Philippines,WPRO,2159,502732,14,9909
20-01-2021,PH,Philippines,WPRO,1345,504077,69,9978
21-01-2021,PH,Philippines,WPRO,1857,505934,64,10042
22-01-2021,PH,Philippines,WPRO,1775,507709,74,10116
23-01-2021,PH,Philippines,WPRO,2173,509882,20,10136
24-01-2021,PH,Philippines,WPRO,1788,511670,54,10190
25-01-2021,PH,Philippines,WPRO,1949,513619,52,10242
26-01-2021,PH,Philippines,WPRO,1374,514993,50,10292
27-01-2021,PH,Philippines,WPRO,1169,516162,94,10386
28-01-2021,PH,Philippines,WPRO,2244,518406,95,10481
29-01-2021,PH,Philippines,WPRO,1158,519564,71,10552
30-01-2021,PH,Philippines,WPRO,1843,521407,48,10600
31-01-2021,PH,Philippines,WPRO,2108,523515,69,10669
01-02-2021,PH,Philippines,WPRO,2099,525614,80,10749
02-02-2021,PH,Philippines,WPRO,1656,527270,58,10807
03-02-2021,PH,Philippines,WPRO,1582,528852,67,10874
04-02-2021,PH,Philippines,WPRO,1257,530109,68,10942
05-02-2021,PH,Philippines,WPRO,1584,531693,55,10997
06-02-2021,PH,Philippines,WPRO,1887,533580,61,11058
07-02-2021,PH,Philippines,WPRO,1940,535520,52,11110
08-02-2021,PH,Philippines,WPRO,1785,537305,69,11179
09-02-2021,PH,Philippines,WPRO,1687,538992,52,11231
10-02-2021,PH,Philippines,WPRO,1223,540215,65,11296
11-02-2021,PH,Philippines,WPRO,1333,541548,105,11401
12-02-2021,PH,Philippines,WPRO,1730,543278,68,11469
13-02-2021,PH,Philippines,WPRO,2017,545295,26,11495
14-02-2021,PH,Philippines,WPRO,1953,547248,12,11507
15-02-2021,PH,Philippines,WPRO,1927,549175,8,11515
16-02-2021,PH,Philippines,WPRO,1680,550855,2,11517
17-02-2021,PH,Philippines,WPRO,1385,552240,7,11524
18-02-2021,PH,Philippines,WPRO,1179,553419,53,11577
19-02-2021,PH,Philippines,WPRO,1739,555158,96,11673
20-02-2021,PH,Philippines,WPRO,1900,557058,156,11829
21-02-2021,PH,Philippines,WPRO,2223,559281,239,12068
22-02-2021,PH,Philippines,WPRO,1887,561168,20,12088
23-02-2021,PH,Philippines,WPRO,2283,563451,6,12094
24-02-2021,PH,Philippines,WPRO,1412,564863,13,12107
25-02-2021,PH,Philippines,WPRO,1549,566412,22,12129
26-02-2021,PH,Philippines,WPRO,2264,568676,72,12201
27-02-2021,PH,Philippines,WPRO,2650,571326,46,12247
28-02-2021,PH,Philippines,WPRO,2913,574239,42,12289
01-03-2021,PH,Philippines,WPRO,2105,576344,29,12318
02-03-2021,PH,Philippines,WPRO,2031,578375,4,12322
03-03-2021,PH,Philippines,WPRO,2065,580440,47,12369
04-03-2021,PH,Philippines,WPRO,1775,582215,20,12389
05-03-2021,PH,Philippines,WPRO,2444,584659,15,12404
06-03-2021,PH,Philippines,WPRO,3040,587699,19,12423
07-03-2021,PH,Philippines,WPRO,3437,591136,42,12465
08-03-2021,PH,Philippines,WPRO,3271,594407,51,12516
09-03-2021,PH,Philippines,WPRO,3353,597760,5,12521
10-03-2021,PH,Philippines,WPRO,2662,600422,7,12528
11-03-2021,PH,Philippines,WPRO,2877,603299,17,12545
12-03-2021,PH,Philippines,WPRO,3741,607040,63,12608
13-03-2021,PH,Philippines,WPRO,4571,611611,86,12694
14-03-2021,PH,Philippines,WPRO,4988,616599,72,12766
15-03-2021,PH,Philippines,WPRO,4890,621489,63,12829
16-03-2021,PH,Philippines,WPRO,5394,626883,8,12837
17-03-2021,PH,Philippines,WPRO,4428,631311,11,12848
18-03-2021,PH,Philippines,WPRO,4383,635694,18,12866
19-03-2021,PH,Philippines,WPRO,5269,640963,21,12887
20-03-2021,PH,Philippines,WPRO,7094,648057,13,12900
21-03-2021,PH,Philippines,WPRO,7980,656037,30,12930
22-03-2021,PH,Philippines,WPRO,7736,663773,38,12968
23-03-2021,PH,Philippines,WPRO,8013,671786,4,12972
24-03-2021,PH,Philippines,WPRO,5861,677647,20,12992
25-03-2021,PH,Philippines,WPRO,6628,684275,47,13039
26-03-2021,PH,Philippines,WPRO,8743,693018,56,13095
27-03-2021,PH,Philippines,WPRO,9829,702847,54,13149
28-03-2021,PH,Philippines,WPRO,9570,712417,10,13159
29-03-2021,PH,Philippines,WPRO,9461,721878,11,13170
30-03-2021,PH,Philippines,WPRO,10007,731885,16,13186
31-03-2021,PH,Philippines,WPRO,9275,741160,5,13191
01-04-2021,PH,Philippines,WPRO,6107,747267,106,13297
02-04-2021,PH,Philippines,WPRO,8920,756187,6,13303
03-04-2021,PH,Philippines,WPRO,15280,771467,17,13320
04-04-2021,PH,Philippines,WPRO,12556,784023,103,13423
05-04-2021,PH,Philippines,WPRO,11020,795043,2,13425
06-04-2021,PH,Philippines,WPRO,8344,803387,10,13435
07-04-2021,PH,Philippines,WPRO,9363,812750,382,13817
08-04-2021,PH,Philippines,WPRO,6400,819150,242,14059
09-04-2021,PH,Philippines,WPRO,9179,828329,60,14119
10-04-2021,PH,Philippines,WPRO,12206,840535,401,14520
11-04-2021,PH,Philippines,WPRO,12652,853187,224,14744
12-04-2021,PH,Philippines,WPRO,11660,864847,201,14945
13-04-2021,PH,Philippines,WPRO,11365,876212,204,15149
14-04-2021,PH,Philippines,WPRO,8546,884758,137,15286
15-04-2021,PH,Philippines,WPRO,8098,892856,161,15447
16-04-2021,PH,Philippines,WPRO,11389,904245,147,15594
17-04-2021,PH,Philippines,WPRO,10706,914951,144,15738
18-04-2021,PH,Philippines,WPRO,11084,926035,72,15810
19-04-2021,PH,Philippines,WPRO,10082,936117,150,15960
20-04-2021,PH,Philippines,WPRO,9610,945727,88,16048
21-04-2021,PH,Philippines,WPRO,7353,953080,93,16141
22-04-2021,PH,Philippines,WPRO,9202,962282,124,16265
23-04-2021,PH,Philippines,WPRO,8739,971021,105,16370
24-04-2021,PH,Philippines,WPRO,8698,979719,159,16529
25-04-2021,PH,Philippines,WPRO,9680,989399,145,16674
26-04-2021,PH,Philippines,WPRO,8100,997499,109,16783
27-04-2021,PH,Philippines,WPRO,8915,1006414,70,16853
28-04-2021,PH,Philippines,WPRO,7186,1013600,63,16916
29-04-2021,PH,Philippines,WPRO,6862,1020462,115,17031
30-04-2021,PH,Philippines,WPRO,8250,1028712,114,17145
01-05-2021,PH,Philippines,WPRO,8715,1037427,89,17234
02-05-2021,PH,Philippines,WPRO,9210,1046637,120,17354
03-05-2021,PH,Philippines,WPRO,8333,1054970,77,17431
04-05-2021,PH,Philippines,WPRO,7240,1062210,94,17525
05-05-2021,PH,Philippines,WPRO,5660,1067870,97,17622
06-05-2021,PH,Philippines,WPRO,5665,1073535,178,17800
07-05-2021,PH,Philippines,WPRO,6617,1080152,191,17991
08-05-2021,PH,Philippines,WPRO,7718,1087870,108,18099
09-05-2021,PH,Philippines,WPRO,6964,1094834,170,18269
10-05-2021,PH,Philippines,WPRO,7146,1101980,203,18472
11-05-2021,PH,Philippines,WPRO,6833,1108813,90,18562
12-05-2021,PH,Philippines,WPRO,4704,1113517,58,18620
13-05-2021,PH,Philippines,WPRO,4822,1118339,94,18714
14-05-2021,PH,Philippines,WPRO,6344,1124683,107,18821
15-05-2021,PH,Philippines,WPRO,6765,1131448,137,18958
16-05-2021,PH,Philippines,WPRO,6725,1138173,93,19051
17-05-2021,PH,Philippines,WPRO,5773,1143946,140,19191
18-05-2021,PH,Philippines,WPRO,5955,1149901,71,19262
19-05-2021,PH,Philippines,WPRO,4470,1154371,110,19372
20-05-2021,PH,Philippines,WPRO,4684,1159055,135,19507
21-05-2021,PH,Philippines,WPRO,6083,1165138,134,19641
22-05-2021,PH,Philippines,WPRO,6248,1171386,122,19763
23-05-2021,PH,Philippines,WPRO,6821,1178207,183,19946
24-05-2021,PH,Philippines,WPRO,1584,1179791,5,19951
25-05-2021,PH,Philippines,WPRO,4909,1184700,32,19983
26-05-2021,PH,Philippines,WPRO,3966,1188666,36,20019
27-05-2021,PH,Philippines,WPRO,5281,1193947,150,20169
28-05-2021,PH,Philippines,WPRO,6459,1200406,210,20379
29-05-2021,PH,Philippines,WPRO,8733,1209139,187,20566
30-05-2021,PH,Philippines,WPRO,7443,1216582,156,20722
01-01-2021,PN,Pitcairn Islands,WPRO,0,0,0,0
02-01-2021,PN,Pitcairn Islands,WPRO,0,0,0,0
03-01-2021,PN,Pitcairn Islands,WPRO,0,0,0,0
04-01-2021,PN,Pitcairn Islands,WPRO,0,0,0,0
05-01-2021,PN,Pitcairn Islands,WPRO,0,0,0,0
06-01-2021,PN,Pitcairn Islands,WPRO,0,0,0,0
07-01-2021,PN,Pitcairn Islands,WPRO,0,0,0,0
08-01-2021,PN,Pitcairn Islands,WPRO,0,0,0,0
09-01-2021,PN,Pitcairn Islands,WPRO,0,0,0,0
10-01-2021,PN,Pitcairn Islands,WPRO,0,0,0,0
11-01-2021,PN,Pitcairn Islands,WPRO,0,0,0,0
12-01-2021,PN,Pitcairn Islands,WPRO,0,0,0,0
13-01-2021,PN,Pitcairn Islands,WPRO,0,0,0,0
14-01-2021,PN,Pitcairn Islands,WPRO,0,0,0,0
15-01-2021,PN,Pitcairn Islands,WPRO,0,0,0,0
16-01-2021,PN,Pitcairn Islands,WPRO,0,0,0,0
17-01-2021,PN,Pitcairn Islands,WPRO,0,0,0,0
18-01-2021,PN,Pitcairn Islands,WPRO,0,0,0,0
19-01-2021,PN,Pitcairn Islands,WPRO,0,0,0,0
20-01-2021,PN,Pitcairn Islands,WPRO,0,0,0,0
21-01-2021,PN,Pitcairn Islands,WPRO,0,0,0,0
22-01-2021,PN,Pitcairn Islands,WPRO,0,0,0,0
23-01-2021,PN,Pitcairn Islands,WPRO,0,0,0,0
24-01-2021,PN,Pitcairn Islands,WPRO,0,0,0,0
25-01-2021,PN,Pitcairn Islands,WPRO,0,0,0,0
26-01-2021,PN,Pitcairn Islands,WPRO,0,0,0,0
27-01-2021,PN,Pitcairn Islands,WPRO,0,0,0,0
28-01-2021,PN,Pitcairn Islands,WPRO,0,0,0,0
29-01-2021,PN,Pitcairn Islands,WPRO,0,0,0,0
30-01-2021,PN,Pitcairn Islands,WPRO,0,0,0,0
31-01-2021,PN,Pitcairn Islands,WPRO,0,0,0,0
01-02-2021,PN,Pitcairn Islands,WPRO,0,0,0,0
02-02-2021,PN,Pitcairn Islands,WPRO,0,0,0,0
03-02-2021,PN,Pitcairn Islands,WPRO,0,0,0,0
04-02-2021,PN,Pitcairn Islands,WPRO,0,0,0,0
05-02-2021,PN,Pitcairn Islands,WPRO,0,0,0,0
06-02-2021,PN,Pitcairn Islands,WPRO,0,0,0,0
07-02-2021,PN,Pitcairn Islands,WPRO,0,0,0,0
08-02-2021,PN,Pitcairn Islands,WPRO,0,0,0,0
09-02-2021,PN,Pitcairn Islands,WPRO,0,0,0,0
10-02-2021,PN,Pitcairn Islands,WPRO,0,0,0,0
11-02-2021,PN,Pitcairn Islands,WPRO,0,0,0,0
12-02-2021,PN,Pitcairn Islands,WPRO,0,0,0,0
13-02-2021,PN,Pitcairn Islands,WPRO,0,0,0,0
14-02-2021,PN,Pitcairn Islands,WPRO,0,0,0,0
15-02-2021,PN,Pitcairn Islands,WPRO,0,0,0,0
16-02-2021,PN,Pitcairn Islands,WPRO,0,0,0,0
17-02-2021,PN,Pitcairn Islands,WPRO,0,0,0,0
18-02-2021,PN,Pitcairn Islands,WPRO,0,0,0,0
19-02-2021,PN,Pitcairn Islands,WPRO,0,0,0,0
20-02-2021,PN,Pitcairn Islands,WPRO,0,0,0,0
21-02-2021,PN,Pitcairn Islands,WPRO,0,0,0,0
22-02-2021,PN,Pitcairn Islands,WPRO,0,0,0,0
23-02-2021,PN,Pitcairn Islands,WPRO,0,0,0,0
24-02-2021,PN,Pitcairn Islands,WPRO,0,0,0,0
25-02-2021,PN,Pitcairn Islands,WPRO,0,0,0,0
26-02-2021,PN,Pitcairn Islands,WPRO,0,0,0,0
27-02-2021,PN,Pitcairn Islands,WPRO,0,0,0,0
28-02-2021,PN,Pitcairn Islands,WPRO,0,0,0,0
01-03-2021,PN,Pitcairn Islands,WPRO,0,0,0,0
02-03-2021,PN,Pitcairn Islands,WPRO,0,0,0,0
03-03-2021,PN,Pitcairn Islands,WPRO,0,0,0,0
04-03-2021,PN,Pitcairn Islands,WPRO,0,0,0,0
05-03-2021,PN,Pitcairn Islands,WPRO,0,0,0,0
06-03-2021,PN,Pitcairn Islands,WPRO,0,0,0,0
07-03-2021,PN,Pitcairn Islands,WPRO,0,0,0,0
08-03-2021,PN,Pitcairn Islands,WPRO,0,0,0,0
09-03-2021,PN,Pitcairn Islands,WPRO,0,0,0,0
10-03-2021,PN,Pitcairn Islands,WPRO,0,0,0,0
11-03-2021,PN,Pitcairn Islands,WPRO,0,0,0,0
12-03-2021,PN,Pitcairn Islands,WPRO,0,0,0,0
13-03-2021,PN,Pitcairn Islands,WPRO,0,0,0,0
14-03-2021,PN,Pitcairn Islands,WPRO,0,0,0,0
15-03-2021,PN,Pitcairn Islands,WPRO,0,0,0,0
16-03-2021,PN,Pitcairn Islands,WPRO,0,0,0,0
17-03-2021,PN,Pitcairn Islands,WPRO,0,0,0,0
18-03-2021,PN,Pitcairn Islands,WPRO,0,0,0,0
19-03-2021,PN,Pitcairn Islands,WPRO,0,0,0,0
20-03-2021,PN,Pitcairn Islands,WPRO,0,0,0,0
21-03-2021,PN,Pitcairn Islands,WPRO,0,0,0,0
22-03-2021,PN,Pitcairn Islands,WPRO,0,0,0,0
23-03-2021,PN,Pitcairn Islands,WPRO,0,0,0,0
24-03-2021,PN,Pitcairn Islands,WPRO,0,0,0,0
25-03-2021,PN,Pitcairn Islands,WPRO,0,0,0,0
26-03-2021,PN,Pitcairn Islands,WPRO,0,0,0,0
27-03-2021,PN,Pitcairn Islands,WPRO,0,0,0,0
28-03-2021,PN,Pitcairn Islands,WPRO,0,0,0,0
29-03-2021,PN,Pitcairn Islands,WPRO,0,0,0,0
30-03-2021,PN,Pitcairn Islands,WPRO,0,0,0,0
31-03-2021,PN,Pitcairn Islands,WPRO,0,0,0,0
01-04-2021,PN,Pitcairn Islands,WPRO,0,0,0,0
02-04-2021,PN,Pitcairn Islands,WPRO,0,0,0,0
03-04-2021,PN,Pitcairn Islands,WPRO,0,0,0,0
04-04-2021,PN,Pitcairn Islands,WPRO,0,0,0,0
05-04-2021,PN,Pitcairn Islands,WPRO,0,0,0,0
06-04-2021,PN,Pitcairn Islands,WPRO,0,0,0,0
07-04-2021,PN,Pitcairn Islands,WPRO,0,0,0,0
08-04-2021,PN,Pitcairn Islands,WPRO,0,0,0,0
09-04-2021,PN,Pitcairn Islands,WPRO,0,0,0,0
10-04-2021,PN,Pitcairn Islands,WPRO,0,0,0,0
11-04-2021,PN,Pitcairn Islands,WPRO,0,0,0,0
12-04-2021,PN,Pitcairn Islands,WPRO,0,0,0,0
13-04-2021,PN,Pitcairn Islands,WPRO,0,0,0,0
14-04-2021,PN,Pitcairn Islands,WPRO,0,0,0,0
15-04-2021,PN,Pitcairn Islands,WPRO,0,0,0,0
16-04-2021,PN,Pitcairn Islands,WPRO,0,0,0,0
17-04-2021,PN,Pitcairn Islands,WPRO,0,0,0,0
18-04-2021,PN,Pitcairn Islands,WPRO,0,0,0,0
19-04-2021,PN,Pitcairn Islands,WPRO,0,0,0,0
20-04-2021,PN,Pitcairn Islands,WPRO,0,0,0,0
21-04-2021,PN,Pitcairn Islands,WPRO,0,0,0,0
22-04-2021,PN,Pitcairn Islands,WPRO,0,0,0,0
23-04-2021,PN,Pitcairn Islands,WPRO,0,0,0,0
24-04-2021,PN,Pitcairn Islands,WPRO,0,0,0,0
25-04-2021,PN,Pitcairn Islands,WPRO,0,0,0,0
26-04-2021,PN,Pitcairn Islands,WPRO,0,0,0,0
27-04-2021,PN,Pitcairn Islands,WPRO,0,0,0,0
28-04-2021,PN,Pitcairn Islands,WPRO,0,0,0,0
29-04-2021,PN,Pitcairn Islands,WPRO,0,0,0,0
30-04-2021,PN,Pitcairn Islands,WPRO,0,0,0,0
01-05-2021,PN,Pitcairn Islands,WPRO,0,0,0,0
02-05-2021,PN,Pitcairn Islands,WPRO,0,0,0,0
03-05-2021,PN,Pitcairn Islands,WPRO,0,0,0,0
04-05-2021,PN,Pitcairn Islands,WPRO,0,0,0,0
05-05-2021,PN,Pitcairn Islands,WPRO,0,0,0,0
06-05-2021,PN,Pitcairn Islands,WPRO,0,0,0,0
07-05-2021,PN,Pitcairn Islands,WPRO,0,0,0,0
08-05-2021,PN,Pitcairn Islands,WPRO,0,0,0,0
09-05-2021,PN,Pitcairn Islands,WPRO,0,0,0,0
10-05-2021,PN,Pitcairn Islands,WPRO,0,0,0,0
11-05-2021,PN,Pitcairn Islands,WPRO,0,0,0,0
12-05-2021,PN,Pitcairn Islands,WPRO,0,0,0,0
13-05-2021,PN,Pitcairn Islands,WPRO,0,0,0,0
14-05-2021,PN,Pitcairn Islands,WPRO,0,0,0,0
15-05-2021,PN,Pitcairn Islands,WPRO,0,0,0,0
16-05-2021,PN,Pitcairn Islands,WPRO,0,0,0,0
17-05-2021,PN,Pitcairn Islands,WPRO,0,0,0,0
18-05-2021,PN,Pitcairn Islands,WPRO,0,0,0,0
19-05-2021,PN,Pitcairn Islands,WPRO,0,0,0,0
20-05-2021,PN,Pitcairn Islands,WPRO,0,0,0,0
21-05-2021,PN,Pitcairn Islands,WPRO,0,0,0,0
22-05-2021,PN,Pitcairn Islands,WPRO,0,0,0,0
23-05-2021,PN,Pitcairn Islands,WPRO,0,0,0,0
24-05-2021,PN,Pitcairn Islands,WPRO,0,0,0,0
25-05-2021,PN,Pitcairn Islands,WPRO,0,0,0,0
26-05-2021,PN,Pitcairn Islands,WPRO,0,0,0,0
27-05-2021,PN,Pitcairn Islands,WPRO,0,0,0,0
28-05-2021,PN,Pitcairn Islands,WPRO,0,0,0,0
29-05-2021,PN,Pitcairn Islands,WPRO,0,0,0,0
30-05-2021,PN,Pitcairn Islands,WPRO,0,0,0,0
01-01-2021,PL,Poland,EURO,10896,1305774,402,28956
02-01-2021,PL,Poland,EURO,7006,1312780,102,29058
03-01-2021,PL,Poland,EURO,5782,1318562,61,29119
04-01-2021,PL,Poland,EURO,4385,1322947,42,29161
05-01-2021,PL,Poland,EURO,7596,1330543,341,29502
06-01-2021,PL,Poland,EURO,14220,1344763,553,30055
07-01-2021,PL,Poland,EURO,12119,1356882,186,30241
08-01-2021,PL,Poland,EURO,8763,1365645,333,30574
09-01-2021,PL,Poland,EURO,10744,1376389,437,31011
10-01-2021,PL,Poland,EURO,9133,1385522,178,31189
11-01-2021,PL,Poland,EURO,4863,1390385,75,31264
12-01-2021,PL,Poland,EURO,5467,1395852,329,31593
13-01-2021,PL,Poland,EURO,9053,1404905,481,32074
14-01-2021,PL,Poland,EURO,9457,1414362,382,32456
15-01-2021,PL,Poland,EURO,7958,1422320,388,32844
16-01-2021,PL,Poland,EURO,7292,1429612,369,33213
17-01-2021,PL,Poland,EURO,5970,1435582,142,33355
18-01-2021,PL,Poland,EURO,3332,1438914,52,33407
19-01-2021,PL,Poland,EURO,4890,1443804,291,33698
20-01-2021,PL,Poland,EURO,6943,1450747,443,34141
21-01-2021,PL,Poland,EURO,7008,1457755,420,34561
22-01-2021,PL,Poland,EURO,6693,1464448,347,34908
23-01-2021,PL,Poland,EURO,6431,1470879,345,35253
24-01-2021,PL,Poland,EURO,4566,1475445,110,35363
25-01-2021,PL,Poland,EURO,2674,1478119,38,35401
26-01-2021,PL,Poland,EURO,4603,1482722,264,35665
27-01-2021,PL,Poland,EURO,6790,1489512,389,36054
28-01-2021,PL,Poland,EURO,7153,1496665,389,36443
29-01-2021,PL,Poland,EURO,6145,1502810,337,36780
30-01-2021,PL,Poland,EURO,5864,1508674,302,37082
31-01-2021,PL,Poland,EURO,4711,1513385,98,37180
01-02-2021,PL,Poland,EURO,2504,1515889,42,37222
02-02-2021,PL,Poland,EURO,4326,1520215,254,37476
03-02-2021,PL,Poland,EURO,6801,1527016,421,37897
04-02-2021,PL,Poland,EURO,6495,1533511,447,38344
05-02-2021,PL,Poland,EURO,6053,1539564,368,38712
06-02-2021,PL,Poland,EURO,5966,1545530,282,38994
07-02-2021,PL,Poland,EURO,4725,1550255,93,39087
08-02-2021,PL,Poland,EURO,2431,1552686,45,39132
09-02-2021,PL,Poland,EURO,3999,1556685,228,39360
10-02-2021,PL,Poland,EURO,6960,1563645,361,39721
11-02-2021,PL,Poland,EURO,7013,1570658,456,40177
12-02-2021,PL,Poland,EURO,6378,1577036,247,40424
13-02-2021,PL,Poland,EURO,6585,1583621,285,40709
14-02-2021,PL,Poland,EURO,5334,1588955,98,40807
15-02-2021,PL,Poland,EURO,2542,1591497,25,40832
16-02-2021,PL,Poland,EURO,5176,1596673,196,41028
17-02-2021,PL,Poland,EURO,8699,1605372,280,41308
18-02-2021,PL,Poland,EURO,9074,1614446,274,41582
19-02-2021,PL,Poland,EURO,8772,1623218,241,41823
20-02-2021,PL,Poland,EURO,8509,1631727,254,42077
21-02-2021,PL,Poland,EURO,7040,1638767,94,42171
22-02-2021,PL,Poland,EURO,3891,1642658,17,42188
23-02-2021,PL,Poland,EURO,6304,1648962,248,42436
24-02-2021,PL,Poland,EURO,12147,1661109,372,42808
25-02-2021,PL,Poland,EURO,12143,1673252,286,43094
26-02-2021,PL,Poland,EURO,11536,1684788,259,43353
27-02-2021,PL,Poland,EURO,12097,1696885,303,43656
28-02-2021,PL,Poland,EURO,10101,1706986,113,43769
01-03-2021,PL,Poland,EURO,4786,1711772,24,43793
02-03-2021,PL,Poland,EURO,7936,1719708,215,44008
03-03-2021,PL,Poland,EURO,15698,1735406,352,44360
04-03-2021,PL,Poland,EURO,15253,1750659,289,44649
05-03-2021,PL,Poland,EURO,15831,1766490,263,44912
06-03-2021,PL,Poland,EURO,0,1766490,0,44912
07-03-2021,PL,Poland,EURO,28424,1794914,373,45285
08-03-2021,PL,Poland,EURO,6169,1801083,32,45317
09-03-2021,PL,Poland,EURO,9953,1811036,282,45599
10-03-2021,PL,Poland,EURO,17277,1828313,398,45997
11-03-2021,PL,Poland,EURO,21111,1849424,376,46373
12-03-2021,PL,Poland,EURO,18873,1868297,351,46724
13-03-2021,PL,Poland,EURO,21063,1889360,344,47068
14-03-2021,PL,Poland,EURO,17272,1906632,110,47178
15-03-2021,PL,Poland,EURO,10895,1917527,28,47206
16-03-2021,PL,Poland,EURO,14394,1931921,372,47578
17-03-2021,PL,Poland,EURO,25053,1956974,454,48032
18-03-2021,PL,Poland,EURO,27274,1984248,356,48388
19-03-2021,PL,Poland,EURO,25996,2010244,419,48807
20-03-2021,PL,Poland,EURO,26456,2036700,352,49159
21-03-2021,PL,Poland,EURO,21850,2058550,141,49300
22-03-2021,PL,Poland,EURO,14579,2073129,65,49365
23-03-2021,PL,Poland,EURO,16740,2089869,396,49761
24-03-2021,PL,Poland,EURO,30802,2120671,579,50340
25-03-2021,PL,Poland,EURO,34150,2154821,520,50860
26-03-2021,PL,Poland,EURO,35145,2189966,445,51305
27-03-2021,PL,Poland,EURO,31759,2221725,448,51753
28-03-2021,PL,Poland,EURO,29266,2250991,131,51884
29-03-2021,PL,Poland,EURO,16973,2267964,48,51932
30-03-2021,PL,Poland,EURO,20862,2288826,460,52392
31-03-2021,PL,Poland,EURO,32891,2321717,653,53045
01-04-2021,PL,Poland,EURO,35253,2356970,620,53665
02-04-2021,PL,Poland,EURO,30541,2387511,500,54165
03-04-2021,PL,Poland,EURO,28073,2415584,572,54737
04-04-2021,PL,Poland,EURO,22958,2438542,204,54941
05-04-2021,PL,Poland,EURO,9921,2448463,64,55005
06-04-2021,PL,Poland,EURO,8246,2456709,60,55065
07-04-2021,PL,Poland,EURO,14908,2471617,638,55703
08-04-2021,PL,Poland,EURO,27890,2499507,956,56659
09-04-2021,PL,Poland,EURO,28499,2528006,768,57427
10-04-2021,PL,Poland,EURO,24892,2552898,749,58176
11-04-2021,PL,Poland,EURO,21733,2574631,245,58421
12-04-2021,PL,Poland,EURO,12016,2586647,60,58481
13-04-2021,PL,Poland,EURO,13203,2599850,645,59126
14-04-2021,PL,Poland,EURO,21266,2621116,804,59930
15-04-2021,PL,Poland,EURO,21126,2642242,682,60612
16-04-2021,PL,Poland,EURO,17846,2660088,596,61208
17-04-2021,PL,Poland,EURO,15786,2675874,617,61825
18-04-2021,PL,Poland,EURO,12151,2688025,207,62032
19-04-2021,PL,Poland,EURO,7302,2695327,101,62133
20-04-2021,PL,Poland,EURO,9244,2704571,601,62734
21-04-2021,PL,Poland,EURO,13922,2718493,739,63473
22-04-2021,PL,Poland,EURO,12763,2731256,695,64168
23-04-2021,PL,Poland,EURO,10866,2742122,539,64707
24-04-2021,PL,Poland,EURO,9510,2751632,515,65222
25-04-2021,PL,Poland,EURO,7224,2758856,193,65415
26-04-2021,PL,Poland,EURO,3467,2762323,22,65437
27-04-2021,PL,Poland,EURO,5711,2768034,460,65897
28-04-2021,PL,Poland,EURO,8893,2776927,636,66533
29-04-2021,PL,Poland,EURO,8426,2785353,540,67073
30-04-2021,PL,Poland,EURO,6789,2792142,429,67502
01-05-2021,PL,Poland,EURO,6475,2798617,422,67924
02-05-2021,PL,Poland,EURO,4616,2803233,144,68068
03-05-2021,PL,Poland,EURO,2523,2805756,37,68105
04-05-2021,PL,Poland,EURO,2296,2808052,28,68133
05-05-2021,PL,Poland,EURO,3899,2811951,349,68482
06-05-2021,PL,Poland,EURO,6427,2818378,511,68993
07-05-2021,PL,Poland,EURO,6047,2824425,452,69445
08-05-2021,PL,Poland,EURO,4771,2829196,441,69886
09-05-2021,PL,Poland,EURO,3856,2833052,126,70012
10-05-2021,PL,Poland,EURO,2031,2835083,22,70034
11-05-2021,PL,Poland,EURO,3097,2838180,302,70336
12-05-2021,PL,Poland,EURO,4159,2842339,343,70679
13-05-2021,PL,Poland,EURO,3423,2845762,342,71021
14-05-2021,PL,Poland,EURO,3252,2849014,290,71311
15-05-2021,PL,Poland,EURO,2897,2851911,298,71609
16-05-2021,PL,Poland,EURO,2168,2854079,55,71664
17-05-2021,PL,Poland,EURO,1111,2855190,11,71675
18-05-2021,PL,Poland,EURO,1734,2856924,245,71920
19-05-2021,PL,Poland,EURO,2337,2859261,330,72250
20-05-2021,PL,Poland,EURO,2090,2861351,250,72500
21-05-2021,PL,Poland,EURO,1680,2863031,191,72691
22-05-2021,PL,Poland,EURO,1515,2864546,191,72882
23-05-2021,PL,Poland,EURO,1076,2865622,46,72928
24-05-2021,PL,Poland,EURO,559,2866181,17,72945
25-05-2021,PL,Poland,EURO,1006,2867187,151,73096
26-05-2021,PL,Poland,EURO,1263,2868450,209,73305
27-05-2021,PL,Poland,EURO,1202,2869652,135,73440
28-05-2021,PL,Poland,EURO,943,2870595,117,73557
29-05-2021,PL,Poland,EURO,776,2871371,125,73682
30-05-2021,PL,Poland,EURO,579,2871950,56,73738
01-01-2021,PT,Portugal,EURO,7627,413678,76,6906
02-01-2021,PT,Portugal,EURO,6951,420629,66,6972
03-01-2021,PT,Portugal,EURO,3241,423870,73,7045
04-01-2021,PT,Portugal,EURO,3384,427254,73,7118
05-01-2021,PT,Portugal,EURO,4369,431623,78,7196
06-01-2021,PT,Portugal,EURO,4956,436579,90,7286
07-01-2021,PT,Portugal,EURO,10027,446606,91,7377
08-01-2021,PT,Portugal,EURO,9927,456533,95,7472
09-01-2021,PT,Portugal,EURO,10176,466709,118,7590
10-01-2021,PT,Portugal,EURO,9478,476187,111,7701
11-01-2021,PT,Portugal,EURO,7502,483689,102,7803
12-01-2021,PT,Portugal,EURO,5604,489293,122,7925
13-01-2021,PT,Portugal,EURO,7259,496552,155,8080
14-01-2021,PT,Portugal,EURO,10556,507108,156,8236
15-01-2021,PT,Portugal,EURO,10698,517806,148,8384
16-01-2021,PT,Portugal,EURO,10663,528469,159,8543
17-01-2021,PT,Portugal,EURO,10947,539416,166,8709
18-01-2021,PT,Portugal,EURO,10385,549801,152,8861
19-01-2021,PT,Portugal,EURO,6702,556503,167,9028
20-01-2021,PT,Portugal,EURO,10455,566958,218,9246
21-01-2021,PT,Portugal,EURO,14647,581605,219,9465
22-01-2021,PT,Portugal,EURO,13544,595149,221,9686
23-01-2021,PT,Portugal,EURO,13987,609136,234,9920
24-01-2021,PT,Portugal,EURO,15333,624469,274,10194
25-01-2021,PT,Portugal,EURO,11721,636190,275,10469
26-01-2021,PT,Portugal,EURO,6923,643113,252,10721
27-01-2021,PT,Portugal,EURO,10765,653878,291,11012
28-01-2021,PT,Portugal,EURO,15073,668951,293,11305
29-01-2021,PT,Portugal,EURO,16432,685383,303,11608
30-01-2021,PT,Portugal,EURO,13200,698583,278,11886
31-01-2021,PT,Portugal,EURO,12435,711018,293,12179
01-02-2021,PT,Portugal,EURO,9498,720516,303,12482
02-02-2021,PT,Portugal,EURO,5805,726321,275,12757
03-02-2021,PT,Portugal,EURO,5540,731861,260,13017
04-02-2021,PT,Portugal,EURO,9083,740944,240,13257
05-02-2021,PT,Portugal,EURO,7914,748858,225,13482
06-02-2021,PT,Portugal,EURO,6916,755774,258,13740
07-02-2021,PT,Portugal,EURO,6132,761906,214,13954
08-02-2021,PT,Portugal,EURO,3508,765414,204,14158
09-02-2021,PT,Portugal,EURO,2505,767919,196,14354
10-02-2021,PT,Portugal,EURO,2583,770502,203,14557
11-02-2021,PT,Portugal,EURO,4387,774889,161,14718
12-02-2021,PT,Portugal,EURO,3480,778369,167,14885
13-02-2021,PT,Portugal,EURO,2854,781223,149,15034
14-02-2021,PT,Portugal,EURO,2856,784079,149,15183
15-02-2021,PT,Portugal,EURO,1677,785756,138,15321
16-02-2021,PT,Portugal,EURO,1303,787059,90,15411
17-02-2021,PT,Portugal,EURO,1502,788561,111,15522
18-02-2021,PT,Portugal,EURO,2324,790885,127,15649
19-02-2021,PT,Portugal,EURO,1944,792829,105,15754
20-02-2021,PT,Portugal,EURO,1940,794769,67,15821
21-02-2021,PT,Portugal,EURO,1570,796339,76,15897
22-02-2021,PT,Portugal,EURO,1186,797525,65,15962
23-02-2021,PT,Portugal,EURO,549,798074,61,16023
24-02-2021,PT,Portugal,EURO,1032,799106,63,16086
25-02-2021,PT,Portugal,EURO,1480,800586,50,16136
26-02-2021,PT,Portugal,EURO,1160,801746,49,16185
27-02-2021,PT,Portugal,EURO,1027,802773,58,16243
28-02-2021,PT,Portugal,EURO,1071,803844,33,16276
01-03-2021,PT,Portugal,EURO,718,804562,41,16317
02-03-2021,PT,Portugal,EURO,394,804956,34,16351
03-03-2021,PT,Portugal,EURO,691,805647,38,16389
04-03-2021,PT,Portugal,EURO,979,806626,41,16430
05-03-2021,PT,Portugal,EURO,290,806916,28,16458
06-03-2021,PT,Portugal,EURO,1489,808405,28,16486
07-03-2021,PT,Portugal,EURO,1007,809412,26,16512
08-03-2021,PT,Portugal,EURO,682,810094,28,16540
09-03-2021,PT,Portugal,EURO,365,810459,25,16565
10-03-2021,PT,Portugal,EURO,847,811306,30,16595
11-03-2021,PT,Portugal,EURO,642,811948,22,16617
12-03-2021,PT,Portugal,EURO,627,812575,18,16635
13-03-2021,PT,Portugal,EURO,577,813152,15,16650
14-03-2021,PT,Portugal,EURO,564,813716,19,16669
15-03-2021,PT,Portugal,EURO,541,814257,15,16684
16-03-2021,PT,Portugal,EURO,256,814513,10,16694
17-03-2021,PT,Portugal,EURO,384,814897,13,16707
18-03-2021,PT,Portugal,EURO,673,815570,15,16722
19-03-2021,PT,Portugal,EURO,485,816055,21,16743
20-03-2021,PT,Portugal,EURO,568,816623,11,16754
21-03-2021,PT,Portugal,EURO,457,817080,8,16762
22-03-2021,PT,Portugal,EURO,450,817530,6,16768
23-03-2021,PT,Portugal,EURO,248,817778,16,16784
24-03-2021,PT,Portugal,EURO,434,818212,10,16794
25-03-2021,PT,Portugal,EURO,575,818787,11,16805
26-03-2021,PT,Portugal,EURO,423,819210,9,16814
27-03-2021,PT,Portugal,EURO,488,819698,5,16819
28-03-2021,PT,Portugal,EURO,344,820042,8,16827
29-03-2021,PT,Portugal,EURO,365,820407,10,16837
30-03-2021,PT,Portugal,EURO,309,820716,6,16843
31-03-2021,PT,Portugal,EURO,389,821105,2,16845
01-04-2021,PT,Portugal,EURO,617,821722,3,16848
02-04-2021,PT,Portugal,EURO,592,822314,11,16859
03-04-2021,PT,Portugal,EURO,548,822862,9,16868
04-04-2021,PT,Portugal,EURO,0,822862,0,16868
05-04-2021,PT,Portugal,EURO,473,823335,11,16879
06-04-2021,PT,Portugal,EURO,0,823335,0,16879
07-04-2021,PT,Portugal,EURO,1033,824368,8,16887
08-04-2021,PT,Portugal,EURO,663,825031,3,16890
09-04-2021,PT,Portugal,EURO,602,825633,9,16899
10-04-2021,PT,Portugal,EURO,694,826327,5,16904
11-04-2021,PT,Portugal,EURO,601,826928,6,16910
12-04-2021,PT,Portugal,EURO,566,827494,6,16916
13-04-2021,PT,Portugal,EURO,271,827765,0,16916
14-04-2021,PT,Portugal,EURO,408,828173,7,16923
15-04-2021,PT,Portugal,EURO,684,828857,8,16931
16-04-2021,PT,Portugal,EURO,501,829358,2,16933
17-04-2021,PT,Portugal,EURO,553,829911,4,16937
18-04-2021,PT,Portugal,EURO,649,830560,5,16942
19-04-2021,PT,Portugal,EURO,441,831001,3,16945
20-04-2021,PT,Portugal,EURO,220,831221,1,16946
21-04-2021,PT,Portugal,EURO,424,831645,5,16951
22-04-2021,PT,Portugal,EURO,610,832255,1,16952
23-04-2021,PT,Portugal,EURO,636,832891,4,16956
24-04-2021,PT,Portugal,EURO,506,833397,1,16957
25-04-2021,PT,Portugal,EURO,567,833964,2,16959
26-04-2021,PT,Portugal,EURO,478,834442,6,16965
27-04-2021,PT,Portugal,EURO,196,834638,0,16965
28-04-2021,PT,Portugal,EURO,353,834991,5,16970
29-04-2021,PT,Portugal,EURO,572,835563,3,16973
30-04-2021,PT,Portugal,EURO,470,836033,1,16974
01-05-2021,PT,Portugal,EURO,460,836493,0,16974
02-05-2021,PT,Portugal,EURO,454,836947,2,16976
03-05-2021,PT,Portugal,EURO,330,837277,1,16977
04-05-2021,PT,Portugal,EURO,180,837457,0,16977
05-05-2021,PT,Portugal,EURO,258,837715,4,16981
06-05-2021,PT,Portugal,EURO,387,838102,2,16983
07-05-2021,PT,Portugal,EURO,373,838475,5,16988
08-05-2021,PT,Portugal,EURO,377,838852,1,16989
09-05-2021,PT,Portugal,EURO,406,839258,2,16991
10-05-2021,PT,Portugal,EURO,324,839582,1,16992
11-05-2021,PT,Portugal,EURO,158,839740,1,16993
12-05-2021,PT,Portugal,EURO,268,840008,1,16994
13-05-2021,PT,Portugal,EURO,485,840493,4,16998
14-05-2021,PT,Portugal,EURO,436,840929,1,16999
15-05-2021,PT,Portugal,EURO,450,841379,0,16999
16-05-2021,PT,Portugal,EURO,469,841848,7,17006
17-05-2021,PT,Portugal,EURO,334,842182,1,17007
18-05-2021,PT,Portugal,EURO,199,842381,2,17009
19-05-2021,PT,Portugal,EURO,386,842767,2,17011
20-05-2021,PT,Portugal,EURO,511,843278,2,17013
21-05-2021,PT,Portugal,EURO,451,843729,1,17014
22-05-2021,PT,Portugal,EURO,559,844288,3,17017
23-05-2021,PT,Portugal,EURO,523,844811,0,17017
24-05-2021,PT,Portugal,EURO,413,845224,0,17017
25-05-2021,PT,Portugal,EURO,241,845465,1,17018
26-05-2021,PT,Portugal,EURO,375,845840,3,17021
27-05-2021,PT,Portugal,EURO,594,846434,1,17022
28-05-2021,PT,Portugal,EURO,572,847006,0,17022
29-05-2021,PT,Portugal,EURO,598,847604,1,17023
30-05-2021,PT,Portugal,EURO,609,848213,0,17023
01-01-2021,PR,Puerto Rico,AMRO,403,76291,19,1503
02-01-2021,PR,Puerto Rico,AMRO,763,77054,18,1521
03-01-2021,PR,Puerto Rico,AMRO,878,77932,5,1526
04-01-2021,PR,Puerto Rico,AMRO,237,78169,19,1545
05-01-2021,PR,Puerto Rico,AMRO,636,78805,10,1555
06-01-2021,PR,Puerto Rico,AMRO,514,79319,7,1562
07-01-2021,PR,Puerto Rico,AMRO,293,79612,8,1570
08-01-2021,PR,Puerto Rico,AMRO,286,79898,18,1588
09-01-2021,PR,Puerto Rico,AMRO,2169,82067,4,1592
10-01-2021,PR,Puerto Rico,AMRO,563,82630,24,1616
11-01-2021,PR,Puerto Rico,AMRO,489,83119,14,1630
12-01-2021,PR,Puerto Rico,AMRO,349,83468,12,1642
13-01-2021,PR,Puerto Rico,AMRO,959,84427,3,1645
14-01-2021,PR,Puerto Rico,AMRO,212,84639,14,1659
15-01-2021,PR,Puerto Rico,AMRO,177,84816,20,1679
16-01-2021,PR,Puerto Rico,AMRO,1138,85954,13,1692
17-01-2021,PR,Puerto Rico,AMRO,569,86523,11,1703
18-01-2021,PR,Puerto Rico,AMRO,849,87372,0,1703
19-01-2021,PR,Puerto Rico,AMRO,567,87939,0,1703
20-01-2021,PR,Puerto Rico,AMRO,434,88373,0,1703
21-01-2021,PR,Puerto Rico,AMRO,140,88513,14,1717
22-01-2021,PR,Puerto Rico,AMRO,215,88728,15,1732
23-01-2021,PR,Puerto Rico,AMRO,554,89282,29,1761
24-01-2021,PR,Puerto Rico,AMRO,791,90073,10,1771
25-01-2021,PR,Puerto Rico,AMRO,955,91028,2,1773
26-01-2021,PR,Puerto Rico,AMRO,568,91596,5,1778
27-01-2021,PR,Puerto Rico,AMRO,473,92069,5,1783
28-01-2021,PR,Puerto Rico,AMRO,175,92244,11,1794
29-01-2021,PR,Puerto Rico,AMRO,297,92541,7,1801
30-01-2021,PR,Puerto Rico,AMRO,427,92968,11,1812
31-01-2021,PR,Puerto Rico,AMRO,438,93406,11,1823
01-02-2021,PR,Puerto Rico,AMRO,218,93624,6,1829
02-02-2021,PR,Puerto Rico,AMRO,614,94238,7,1836
03-02-2021,PR,Puerto Rico,AMRO,288,94526,10,1846
04-02-2021,PR,Puerto Rico,AMRO,136,94662,7,1853
05-02-2021,PR,Puerto Rico,AMRO,322,94984,8,1861
06-02-2021,PR,Puerto Rico,AMRO,80,95064,6,1867
07-02-2021,PR,Puerto Rico,AMRO,291,95355,5,1872
08-02-2021,PR,Puerto Rico,AMRO,484,95839,11,1883
09-02-2021,PR,Puerto Rico,AMRO,322,96161,5,1888
10-02-2021,PR,Puerto Rico,AMRO,241,96402,5,1893
11-02-2021,PR,Puerto Rico,AMRO,92,96494,4,1897
12-02-2021,PR,Puerto Rico,AMRO,142,96636,5,1902
13-02-2021,PR,Puerto Rico,AMRO,288,96924,5,1907
14-02-2021,PR,Puerto Rico,AMRO,389,97313,8,1915
15-02-2021,PR,Puerto Rico,AMRO,296,97609,4,1919
16-02-2021,PR,Puerto Rico,AMRO,228,97837,1,1920
17-02-2021,PR,Puerto Rico,AMRO,480,98317,4,1924
18-02-2021,PR,Puerto Rico,AMRO,111,98428,6,1930
19-02-2021,PR,Puerto Rico,AMRO,78,98506,10,1940
20-02-2021,PR,Puerto Rico,AMRO,118,98624,7,1947
21-02-2021,PR,Puerto Rico,AMRO,211,98835,10,1957
22-02-2021,PR,Puerto Rico,AMRO,249,99084,22,1979
23-02-2021,PR,Puerto Rico,AMRO,173,99257,4,1983
24-02-2021,PR,Puerto Rico,AMRO,219,99476,3,1986
25-02-2021,PR,Puerto Rico,AMRO,43,99519,21,2007
26-02-2021,PR,Puerto Rico,AMRO,100,99619,9,2016
27-02-2021,PR,Puerto Rico,AMRO,311,99930,7,2023
28-02-2021,PR,Puerto Rico,AMRO,114,100044,9,2032
01-03-2021,PR,Puerto Rico,AMRO,253,100297,4,2036
02-03-2021,PR,Puerto Rico,AMRO,287,100584,1,2037
03-03-2021,PR,Puerto Rico,AMRO,151,100735,3,2040
04-03-2021,PR,Puerto Rico,AMRO,30,100765,8,2048
05-03-2021,PR,Puerto Rico,AMRO,102,100867,5,2053
06-03-2021,PR,Puerto Rico,AMRO,199,101066,3,2056
07-03-2021,PR,Puerto Rico,AMRO,261,101327,3,2059
08-03-2021,PR,Puerto Rico,AMRO,305,101632,3,2062
09-03-2021,PR,Puerto Rico,AMRO,185,101817,3,2065
10-03-2021,PR,Puerto Rico,AMRO,120,101937,1,2066
11-03-2021,PR,Puerto Rico,AMRO,68,102005,1,2067
12-03-2021,PR,Puerto Rico,AMRO,46,102051,4,2071
13-03-2021,PR,Puerto Rico,AMRO,356,102407,2,2073
14-03-2021,PR,Puerto Rico,AMRO,160,102567,4,2077
15-03-2021,PR,Puerto Rico,AMRO,235,102802,0,2077
16-03-2021,PR,Puerto Rico,AMRO,193,102995,3,2080
17-03-2021,PR,Puerto Rico,AMRO,216,103211,1,2081
18-03-2021,PR,Puerto Rico,AMRO,67,103278,2,2083
19-03-2021,PR,Puerto Rico,AMRO,69,103347,2,2085
20-03-2021,PR,Puerto Rico,AMRO,332,103679,4,2089
21-03-2021,PR,Puerto Rico,AMRO,212,103891,3,2092
22-03-2021,PR,Puerto Rico,AMRO,330,104221,4,2096
23-03-2021,PR,Puerto Rico,AMRO,295,104516,0,2096
24-03-2021,PR,Puerto Rico,AMRO,227,104743,2,2098
25-03-2021,PR,Puerto Rico,AMRO,145,104888,2,2100
26-03-2021,PR,Puerto Rico,AMRO,78,104966,3,2103
27-03-2021,PR,Puerto Rico,AMRO,260,105226,3,2106
28-03-2021,PR,Puerto Rico,AMRO,399,105625,3,2109
29-03-2021,PR,Puerto Rico,AMRO,268,105893,3,2112
30-03-2021,PR,Puerto Rico,AMRO,595,106488,0,2112
31-03-2021,PR,Puerto Rico,AMRO,447,106935,0,2112
01-04-2021,PR,Puerto Rico,AMRO,170,107105,1,2113
02-04-2021,PR,Puerto Rico,AMRO,365,107470,5,2118
03-04-2021,PR,Puerto Rico,AMRO,510,107980,3,2121
04-04-2021,PR,Puerto Rico,AMRO,881,108861,5,2126
05-04-2021,PR,Puerto Rico,AMRO,546,109407,0,2126
06-04-2021,PR,Puerto Rico,AMRO,426,109833,5,2131
07-04-2021,PR,Puerto Rico,AMRO,189,110022,5,2136
08-04-2021,PR,Puerto Rico,AMRO,211,110233,3,2139
09-04-2021,PR,Puerto Rico,AMRO,446,110679,2,2141
10-04-2021,PR,Puerto Rico,AMRO,1081,111760,5,2146
11-04-2021,PR,Puerto Rico,AMRO,1440,113200,6,2152
12-04-2021,PR,Puerto Rico,AMRO,997,114197,2,2154
13-04-2021,PR,Puerto Rico,AMRO,1102,115299,1,2155
14-04-2021,PR,Puerto Rico,AMRO,1079,116378,7,2162
15-04-2021,PR,Puerto Rico,AMRO,988,117366,12,2174
16-04-2021,PR,Puerto Rico,AMRO,470,117836,8,2182
17-04-2021,PR,Puerto Rico,AMRO,1100,118936,3,2185
18-04-2021,PR,Puerto Rico,AMRO,1635,120571,9,2194
19-04-2021,PR,Puerto Rico,AMRO,1130,121701,6,2200
20-04-2021,PR,Puerto Rico,AMRO,1348,123049,7,2207
21-04-2021,PR,Puerto Rico,AMRO,1091,124140,6,2213
22-04-2021,PR,Puerto Rico,AMRO,555,124695,11,2224
23-04-2021,PR,Puerto Rico,AMRO,517,125212,14,2238
24-04-2021,PR,Puerto Rico,AMRO,1172,126384,8,2246
25-04-2021,PR,Puerto Rico,AMRO,1066,127450,17,2263
26-04-2021,PR,Puerto Rico,AMRO,1009,128459,1,2264
27-04-2021,PR,Puerto Rico,AMRO,744,129203,1,2265
28-04-2021,PR,Puerto Rico,AMRO,834,130037,14,2279
29-04-2021,PR,Puerto Rico,AMRO,324,130361,6,2285
30-04-2021,PR,Puerto Rico,AMRO,310,130671,11,2296
01-05-2021,PR,Puerto Rico,AMRO,766,131437,7,2303
02-05-2021,PR,Puerto Rico,AMRO,519,131956,7,2310
03-05-2021,PR,Puerto Rico,AMRO,622,132578,3,2313
04-05-2021,PR,Puerto Rico,AMRO,469,133047,2,2315
05-05-2021,PR,Puerto Rico,AMRO,460,133507,8,2323
06-05-2021,PR,Puerto Rico,AMRO,198,133705,14,2337
07-05-2021,PR,Puerto Rico,AMRO,141,133846,11,2348
08-05-2021,PR,Puerto Rico,AMRO,522,134368,7,2355
09-05-2021,PR,Puerto Rico,AMRO,520,134888,12,2367
10-05-2021,PR,Puerto Rico,AMRO,383,135271,5,2372
11-05-2021,PR,Puerto Rico,AMRO,272,135543,2,2374
12-05-2021,PR,Puerto Rico,AMRO,183,135726,10,2384
13-05-2021,PR,Puerto Rico,AMRO,43,135769,11,2395
14-05-2021,PR,Puerto Rico,AMRO,102,135871,17,2412
15-05-2021,PR,Puerto Rico,AMRO,328,136199,9,2421
16-05-2021,PR,Puerto Rico,AMRO,227,136426,10,2431
17-05-2021,PR,Puerto Rico,AMRO,229,136655,4,2435
18-05-2021,PR,Puerto Rico,AMRO,308,136963,3,2438
19-05-2021,PR,Puerto Rico,AMRO,97,137060,7,2445
20-05-2021,PR,Puerto Rico,AMRO,26,137086,7,2452
21-05-2021,PR,Puerto Rico,AMRO,61,137147,9,2461
22-05-2021,PR,Puerto Rico,AMRO,195,137342,5,2466
23-05-2021,PR,Puerto Rico,AMRO,268,137610,5,2471
24-05-2021,PR,Puerto Rico,AMRO,153,137763,1,2472
25-05-2021,PR,Puerto Rico,AMRO,237,138000,2,2474
26-05-2021,PR,Puerto Rico,AMRO,83,138083,6,2480
27-05-2021,PR,Puerto Rico,AMRO,11,138094,3,2483
28-05-2021,PR,Puerto Rico,AMRO,123,138217,6,2489
29-05-2021,PR,Puerto Rico,AMRO,138,138355,6,2495
30-05-2021,PR,Puerto Rico,AMRO,130,138485,4,2499
01-01-2021,QA,Qatar,EMRO,213,143834,0,245
02-01-2021,QA,Qatar,EMRO,208,144042,0,245
03-01-2021,QA,Qatar,EMRO,198,144240,0,245
04-01-2021,QA,Qatar,EMRO,197,144437,0,245
05-01-2021,QA,Qatar,EMRO,207,144644,0,245
06-01-2021,QA,Qatar,EMRO,208,144852,0,245
07-01-2021,QA,Qatar,EMRO,209,145061,0,245
08-01-2021,QA,Qatar,EMRO,210,145271,0,245
09-01-2021,QA,Qatar,EMRO,195,145466,1,246
10-01-2021,QA,Qatar,EMRO,206,145672,0,246
11-01-2021,QA,Qatar,EMRO,193,145865,0,246
12-01-2021,QA,Qatar,EMRO,203,146068,0,246
13-01-2021,QA,Qatar,EMRO,211,146279,0,246
14-01-2021,QA,Qatar,EMRO,201,146480,0,246
15-01-2021,QA,Qatar,EMRO,209,146689,0,246
16-01-2021,QA,Qatar,EMRO,196,146885,0,246
17-01-2021,QA,Qatar,EMRO,204,147089,0,246
18-01-2021,QA,Qatar,EMRO,188,147277,0,246
19-01-2021,QA,Qatar,EMRO,227,147504,2,248
20-01-2021,QA,Qatar,EMRO,225,147729,0,248
21-01-2021,QA,Qatar,EMRO,271,148000,0,248
22-01-2021,QA,Qatar,EMRO,258,148258,0,248
23-01-2021,QA,Qatar,EMRO,263,148521,0,248
24-01-2021,QA,Qatar,EMRO,251,148772,0,248
25-01-2021,QA,Qatar,EMRO,247,149019,0,248
26-01-2021,QA,Qatar,EMRO,277,149296,0,248
27-01-2021,QA,Qatar,EMRO,299,149595,0,248
28-01-2021,QA,Qatar,EMRO,338,149933,0,248
29-01-2021,QA,Qatar,EMRO,347,150280,0,248
30-01-2021,QA,Qatar,EMRO,341,150621,0,248
31-01-2021,QA,Qatar,EMRO,363,150984,0,248
01-02-2021,QA,Qatar,EMRO,351,151335,0,248
02-02-2021,QA,Qatar,EMRO,385,151720,1,249
03-02-2021,QA,Qatar,EMRO,375,152095,0,249
04-02-2021,QA,Qatar,EMRO,396,152491,0,249
05-02-2021,QA,Qatar,EMRO,407,152898,0,249
06-02-2021,QA,Qatar,EMRO,398,153296,1,250
07-02-2021,QA,Qatar,EMRO,394,153690,0,250
08-02-2021,QA,Qatar,EMRO,408,154098,0,250
09-02-2021,QA,Qatar,EMRO,427,154525,1,251
10-02-2021,QA,Qatar,EMRO,477,155002,2,253
11-02-2021,QA,Qatar,EMRO,451,155453,0,253
12-02-2021,QA,Qatar,EMRO,448,155901,1,254
13-02-2021,QA,Qatar,EMRO,450,156351,0,254
14-02-2021,QA,Qatar,EMRO,453,156804,1,255
15-02-2021,QA,Qatar,EMRO,440,157244,0,255
16-02-2021,QA,Qatar,EMRO,448,157692,0,255
17-02-2021,QA,Qatar,EMRO,446,158138,1,256
18-02-2021,QA,Qatar,EMRO,453,158591,0,256
19-02-2021,QA,Qatar,EMRO,462,159053,0,256
20-02-2021,QA,Qatar,EMRO,465,159518,0,256
21-02-2021,QA,Qatar,EMRO,449,159967,0,256
22-02-2021,QA,Qatar,EMRO,459,160426,0,256
23-02-2021,QA,Qatar,EMRO,463,160889,1,257
24-02-2021,QA,Qatar,EMRO,455,161344,0,257
25-02-2021,QA,Qatar,EMRO,459,161803,0,257
26-02-2021,QA,Qatar,EMRO,465,162268,0,257
27-02-2021,QA,Qatar,EMRO,469,162737,0,257
28-02-2021,QA,Qatar,EMRO,460,163197,0,257
01-03-2021,QA,Qatar,EMRO,467,163664,1,258
02-03-2021,QA,Qatar,EMRO,473,164137,1,259
03-03-2021,QA,Qatar,EMRO,463,164600,0,259
04-03-2021,QA,Qatar,EMRO,471,165071,1,260
05-03-2021,QA,Qatar,EMRO,475,165546,0,260
06-03-2021,QA,Qatar,EMRO,469,166015,1,261
07-03-2021,QA,Qatar,EMRO,460,166475,1,262
08-03-2021,QA,Qatar,EMRO,474,166949,0,262
09-03-2021,QA,Qatar,EMRO,468,167417,1,263
10-03-2021,QA,Qatar,EMRO,471,167888,1,264
11-03-2021,QA,Qatar,EMRO,473,168361,0,264
12-03-2021,QA,Qatar,EMRO,468,168829,0,264
13-03-2021,QA,Qatar,EMRO,455,169284,1,265
14-03-2021,QA,Qatar,EMRO,483,169767,0,265
15-03-2021,QA,Qatar,EMRO,485,170252,1,266
16-03-2021,QA,Qatar,EMRO,481,170733,1,267
17-03-2021,QA,Qatar,EMRO,479,171212,1,268
18-03-2021,QA,Qatar,EMRO,489,171701,2,270
19-03-2021,QA,Qatar,EMRO,499,172200,0,270
20-03-2021,QA,Qatar,EMRO,497,172697,1,271
21-03-2021,QA,Qatar,EMRO,509,173206,1,272
22-03-2021,QA,Qatar,EMRO,503,173709,1,273
23-03-2021,QA,Qatar,EMRO,519,174228,1,274
24-03-2021,QA,Qatar,EMRO,534,174762,1,275
25-03-2021,QA,Qatar,EMRO,570,175332,3,278
26-03-2021,QA,Qatar,EMRO,587,175919,3,281
27-03-2021,QA,Qatar,EMRO,602,176521,1,282
28-03-2021,QA,Qatar,EMRO,614,177135,2,284
29-03-2021,QA,Qatar,EMRO,639,177774,0,284
30-03-2021,QA,Qatar,EMRO,690,178464,2,286
31-03-2021,QA,Qatar,EMRO,720,179184,3,289
01-04-2021,QA,Qatar,EMRO,780,179964,2,291
02-04-2021,QA,Qatar,EMRO,840,180804,4,295
03-04-2021,QA,Qatar,EMRO,874,181678,3,298
04-04-2021,QA,Qatar,EMRO,870,182548,3,301
05-04-2021,QA,Qatar,EMRO,876,183424,2,303
06-04-2021,QA,Qatar,EMRO,910,184334,3,306
07-04-2021,QA,Qatar,EMRO,927,185261,6,312
08-04-2021,QA,Qatar,EMRO,940,186201,8,320
09-04-2021,QA,Qatar,EMRO,949,187150,2,322
10-04-2021,QA,Qatar,EMRO,950,188100,2,324
11-04-2021,QA,Qatar,EMRO,964,189064,7,331
12-04-2021,QA,Qatar,EMRO,961,190025,2,333
13-04-2021,QA,Qatar,EMRO,973,190998,2,335
14-04-2021,QA,Qatar,EMRO,981,191979,5,340
15-04-2021,QA,Qatar,EMRO,984,192963,8,348
16-04-2021,QA,Qatar,EMRO,989,193952,9,357
17-04-2021,QA,Qatar,EMRO,978,194930,10,367
18-04-2021,QA,Qatar,EMRO,827,195757,9,376
19-04-2021,QA,Qatar,EMRO,823,196580,6,382
20-04-2021,QA,Qatar,EMRO,896,197476,4,386
21-04-2021,QA,Qatar,EMRO,885,198361,5,391
22-04-2021,QA,Qatar,EMRO,819,199180,9,400
23-04-2021,QA,Qatar,EMRO,800,199980,7,407
24-04-2021,QA,Qatar,EMRO,798,200778,6,413
25-04-2021,QA,Qatar,EMRO,718,201496,5,418
26-04-2021,QA,Qatar,EMRO,705,202201,10,428
27-04-2021,QA,Qatar,EMRO,703,202904,9,437
28-04-2021,QA,Qatar,EMRO,695,203599,4,441
29-04-2021,QA,Qatar,EMRO,690,204289,4,445
30-04-2021,QA,Qatar,EMRO,687,204976,5,450
01-05-2021,QA,Qatar,EMRO,676,205652,8,458
02-05-2021,QA,Qatar,EMRO,650,206302,7,465
03-05-2021,QA,Qatar,EMRO,646,206948,7,472
04-05-2021,QA,Qatar,EMRO,644,207592,8,480
05-05-2021,QA,Qatar,EMRO,640,208232,3,483
06-05-2021,QA,Qatar,EMRO,645,208877,6,489
07-05-2021,QA,Qatar,EMRO,593,209470,4,493
08-05-2021,QA,Qatar,EMRO,600,210070,3,496
09-05-2021,QA,Qatar,EMRO,533,210603,6,502
10-05-2021,QA,Qatar,EMRO,389,210992,6,508
11-05-2021,QA,Qatar,EMRO,397,211389,4,512
12-05-2021,QA,Qatar,EMRO,343,211732,4,516
13-05-2021,QA,Qatar,EMRO,392,212124,3,519
14-05-2021,QA,Qatar,EMRO,299,212423,3,522
15-05-2021,QA,Qatar,EMRO,244,212667,2,524
16-05-2021,QA,Qatar,EMRO,260,212927,2,526
17-05-2021,QA,Qatar,EMRO,256,213183,4,530
18-05-2021,QA,Qatar,EMRO,302,213485,2,532
19-05-2021,QA,Qatar,EMRO,370,213855,4,536
20-05-2021,QA,Qatar,EMRO,295,214150,2,538
21-05-2021,QA,Qatar,EMRO,313,214463,1,539
22-05-2021,QA,Qatar,EMRO,367,214830,2,541
23-05-2021,QA,Qatar,EMRO,330,215160,2,543
24-05-2021,QA,Qatar,EMRO,283,215443,1,544
25-05-2021,QA,Qatar,EMRO,299,215742,3,547
26-05-2021,QA,Qatar,EMRO,349,216091,2,549
27-05-2021,QA,Qatar,EMRO,306,216397,3,552
28-05-2021,QA,Qatar,EMRO,286,216683,0,552
29-05-2021,QA,Qatar,EMRO,202,216885,0,552
30-05-2021,QA,Qatar,EMRO,156,217041,2,554
01-01-2021,KR,Republic of Korea,WPRO,1028,61750,17,917
02-01-2021,KR,Republic of Korea,WPRO,824,62574,25,942
03-01-2021,KR,Republic of Korea,WPRO,657,63231,20,962
04-01-2021,KR,Republic of Korea,WPRO,1020,64251,19,981
05-01-2021,KR,Republic of Korea,WPRO,714,64965,26,1007
06-01-2021,KR,Republic of Korea,WPRO,838,65803,20,1027
07-01-2021,KR,Republic of Korea,WPRO,869,66672,19,1046
08-01-2021,KR,Republic of Korea,WPRO,674,67346,35,1081
09-01-2021,KR,Republic of Korea,WPRO,641,67987,19,1100
10-01-2021,KR,Republic of Korea,WPRO,657,68644,25,1125
11-01-2021,KR,Republic of Korea,WPRO,451,69095,15,1140
12-01-2021,KR,Republic of Korea,WPRO,537,69632,25,1165
13-01-2021,KR,Republic of Korea,WPRO,561,70193,20,1185
14-01-2021,KR,Republic of Korea,WPRO,524,70717,10,1195
15-01-2021,KR,Republic of Korea,WPRO,512,71229,22,1217
16-01-2021,KR,Republic of Korea,WPRO,580,71809,19,1236
17-01-2021,KR,Republic of Korea,WPRO,520,72329,13,1249
18-01-2021,KR,Republic of Korea,WPRO,389,72718,15,1264
19-01-2021,KR,Republic of Korea,WPRO,386,73104,19,1283
20-01-2021,KR,Republic of Korea,WPRO,404,73508,17,1300
21-01-2021,KR,Republic of Korea,WPRO,401,73909,16,1316
22-01-2021,KR,Republic of Korea,WPRO,345,74254,12,1328
23-01-2021,KR,Republic of Korea,WPRO,431,74685,9,1337
24-01-2021,KR,Republic of Korea,WPRO,392,75077,12,1349
25-01-2021,KR,Republic of Korea,WPRO,437,75514,11,1360
26-01-2021,KR,Republic of Korea,WPRO,349,75863,11,1371
27-01-2021,KR,Republic of Korea,WPRO,559,76422,7,1378
28-01-2021,KR,Republic of Korea,WPRO,497,76919,8,1386
29-01-2021,KR,Republic of Korea,WPRO,469,77388,13,1399
30-01-2021,KR,Republic of Korea,WPRO,456,77844,15,1414
31-01-2021,KR,Republic of Korea,WPRO,354,78198,6,1420
01-02-2021,KR,Republic of Korea,WPRO,305,78503,5,1425
02-02-2021,KR,Republic of Korea,WPRO,336,78839,10,1435
03-02-2021,KR,Republic of Korea,WPRO,467,79306,6,1441
04-02-2021,KR,Republic of Korea,WPRO,451,79757,7,1448
05-02-2021,KR,Republic of Korea,WPRO,370,80127,11,1459
06-02-2021,KR,Republic of Korea,WPRO,390,80517,5,1464
07-02-2021,KR,Republic of Korea,WPRO,371,80888,7,1471
08-02-2021,KR,Republic of Korea,WPRO,288,81176,3,1474
09-02-2021,KR,Republic of Korea,WPRO,303,81479,8,1482
10-02-2021,KR,Republic of Korea,WPRO,444,81923,4,1486
11-02-2021,KR,Republic of Korea,WPRO,504,82427,10,1496
12-02-2021,KR,Republic of Korea,WPRO,403,82830,11,1507
13-02-2021,KR,Republic of Korea,WPRO,362,83192,7,1514
14-02-2021,KR,Republic of Korea,WPRO,326,83518,8,1522
15-02-2021,KR,Republic of Korea,WPRO,343,83861,5,1527
16-02-2021,KR,Republic of Korea,WPRO,457,84318,7,1534
17-02-2021,KR,Republic of Korea,WPRO,621,84939,4,1538
18-02-2021,KR,Republic of Korea,WPRO,621,85560,6,1544
19-02-2021,KR,Republic of Korea,WPRO,561,86121,6,1550
20-02-2021,KR,Republic of Korea,WPRO,448,86569,3,1553
21-02-2021,KR,Republic of Korea,WPRO,416,86985,4,1557
22-02-2021,KR,Republic of Korea,WPRO,332,87317,5,1562
23-02-2021,KR,Republic of Korea,WPRO,357,87674,11,1573
24-02-2021,KR,Republic of Korea,WPRO,439,88113,3,1576
25-02-2021,KR,Republic of Korea,WPRO,395,88508,5,1581
26-02-2021,KR,Republic of Korea,WPRO,387,88895,4,1585
27-02-2021,KR,Republic of Korea,WPRO,415,89310,10,1595
28-02-2021,KR,Republic of Korea,WPRO,355,89665,8,1603
01-03-2021,KR,Republic of Korea,WPRO,355,90020,2,1605
02-03-2021,KR,Republic of Korea,WPRO,344,90364,1,1606
03-03-2021,KR,Republic of Korea,WPRO,444,90808,6,1612
04-03-2021,KR,Republic of Korea,WPRO,424,91232,7,1619
05-03-2021,KR,Republic of Korea,WPRO,398,91630,8,1627
06-03-2021,KR,Republic of Korea,WPRO,418,92048,5,1632
07-03-2021,KR,Republic of Korea,WPRO,416,92464,2,1634
08-03-2021,KR,Republic of Korea,WPRO,346,92810,8,1642
09-03-2021,KR,Republic of Korea,WPRO,446,93256,3,1645
10-03-2021,KR,Republic of Korea,WPRO,470,93726,3,1648
11-03-2021,KR,Republic of Korea,WPRO,465,94191,4,1652
12-03-2021,KR,Republic of Korea,WPRO,488,94679,10,1662
13-03-2021,KR,Republic of Korea,WPRO,490,95169,5,1667
14-03-2021,KR,Republic of Korea,WPRO,459,95628,2,1669
15-03-2021,KR,Republic of Korea,WPRO,379,96007,6,1675
16-03-2021,KR,Republic of Korea,WPRO,363,96370,3,1678
17-03-2021,KR,Republic of Korea,WPRO,469,96839,8,1686
18-03-2021,KR,Republic of Korea,WPRO,445,97284,2,1688
19-03-2021,KR,Republic of Korea,WPRO,463,97747,2,1690
20-03-2021,KR,Republic of Korea,WPRO,447,98194,3,1693
21-03-2021,KR,Republic of Korea,WPRO,456,98650,3,1696
22-03-2021,KR,Republic of Korea,WPRO,415,99065,1,1697
23-03-2021,KR,Republic of Korea,WPRO,346,99411,7,1704
24-03-2021,KR,Republic of Korea,WPRO,428,99839,3,1707
25-03-2021,KR,Republic of Korea,WPRO,430,100269,2,1709
26-03-2021,KR,Republic of Korea,WPRO,489,100758,7,1716
27-03-2021,KR,Republic of Korea,WPRO,505,101263,5,1721
28-03-2021,KR,Republic of Korea,WPRO,482,101745,1,1722
29-03-2021,KR,Republic of Korea,WPRO,382,102127,4,1726
30-03-2021,KR,Republic of Korea,WPRO,447,102574,3,1729
31-03-2021,KR,Republic of Korea,WPRO,506,103080,2,1731
01-04-2021,KR,Republic of Korea,WPRO,551,103631,4,1735
02-04-2021,KR,Republic of Korea,WPRO,557,104188,2,1737
03-04-2021,KR,Republic of Korea,WPRO,543,104731,3,1740
04-04-2021,KR,Republic of Korea,WPRO,543,105274,4,1744
05-04-2021,KR,Republic of Korea,WPRO,473,105747,4,1748
06-04-2021,KR,Republic of Korea,WPRO,478,106225,4,1752
07-04-2021,KR,Republic of Korea,WPRO,668,106893,4,1756
08-04-2021,KR,Republic of Korea,WPRO,700,107593,2,1758
09-04-2021,KR,Republic of Korea,WPRO,670,108263,6,1764
10-04-2021,KR,Republic of Korea,WPRO,677,108940,1,1765
11-04-2021,KR,Republic of Korea,WPRO,614,109554,3,1768
12-04-2021,KR,Republic of Korea,WPRO,587,110141,2,1770
13-04-2021,KR,Republic of Korea,WPRO,542,110683,5,1775
14-04-2021,KR,Republic of Korea,WPRO,731,111414,7,1782
15-04-2021,KR,Republic of Korea,WPRO,698,112112,6,1788
16-04-2021,KR,Republic of Korea,WPRO,673,112785,2,1790
17-04-2021,KR,Republic of Korea,WPRO,658,113443,4,1794
18-04-2021,KR,Republic of Korea,WPRO,671,114114,3,1797
19-04-2021,KR,Republic of Korea,WPRO,532,114646,4,1801
20-04-2021,KR,Republic of Korea,WPRO,549,115195,1,1802
21-04-2021,KR,Republic of Korea,WPRO,731,115926,4,1806
22-04-2021,KR,Republic of Korea,WPRO,735,116661,2,1808
23-04-2021,KR,Republic of Korea,WPRO,797,117458,3,1811
24-04-2021,KR,Republic of Korea,WPRO,777,118235,1,1812
25-04-2021,KR,Republic of Korea,WPRO,644,118879,1,1813
26-04-2021,KR,Republic of Korea,WPRO,499,119378,4,1817
27-04-2021,KR,Republic of Korea,WPRO,512,119890,3,1820
28-04-2021,KR,Republic of Korea,WPRO,769,120659,1,1821
29-04-2021,KR,Republic of Korea,WPRO,679,121338,4,1825
30-04-2021,KR,Republic of Korea,WPRO,661,121999,3,1828
01-05-2021,KR,Republic of Korea,WPRO,627,122626,3,1831
02-05-2021,KR,Republic of Korea,WPRO,606,123232,2,1833
03-05-2021,KR,Republic of Korea,WPRO,488,123720,1,1834
04-05-2021,KR,Republic of Korea,WPRO,541,124261,6,1840
05-05-2021,KR,Republic of Korea,WPRO,676,124937,7,1847
06-05-2021,KR,Republic of Korea,WPRO,574,125511,4,1851
07-05-2021,KR,Republic of Korea,WPRO,525,126036,9,1860
08-05-2021,KR,Republic of Korea,WPRO,701,126737,5,1865
09-05-2021,KR,Republic of Korea,WPRO,564,127301,9,1874
10-05-2021,KR,Republic of Korea,WPRO,463,127764,1,1875
11-05-2021,KR,Republic of Korea,WPRO,510,128274,4,1879
12-05-2021,KR,Republic of Korea,WPRO,635,128909,5,1884
13-05-2021,KR,Republic of Korea,WPRO,715,129624,7,1891
14-05-2021,KR,Republic of Korea,WPRO,747,130371,2,1893
15-05-2021,KR,Republic of Korea,WPRO,681,131052,3,1896
16-05-2021,KR,Republic of Korea,WPRO,610,131662,4,1900
17-05-2021,KR,Republic of Korea,WPRO,619,132281,3,1903
18-05-2021,KR,Republic of Korea,WPRO,528,132809,1,1904
19-05-2021,KR,Republic of Korea,WPRO,654,133463,8,1912
20-05-2021,KR,Republic of Korea,WPRO,646,134109,4,1916
21-05-2021,KR,Republic of Korea,WPRO,561,134670,6,1922
22-05-2021,KR,Republic of Korea,WPRO,666,135336,4,1926
23-05-2021,KR,Republic of Korea,WPRO,585,135921,5,1931
24-05-2021,KR,Republic of Korea,WPRO,538,136459,3,1934
25-05-2021,KR,Republic of Korea,WPRO,516,136975,4,1938
26-05-2021,KR,Republic of Korea,WPRO,706,137681,2,1940
27-05-2021,KR,Republic of Korea,WPRO,629,138310,3,1943
28-05-2021,KR,Republic of Korea,WPRO,587,138897,3,1946
29-05-2021,KR,Republic of Korea,WPRO,533,139430,5,1951
30-05-2021,KR,Republic of Korea,WPRO,480,139910,6,1957
01-01-2021,MD,Republic of Moldova,EURO,977,144818,26,2985
02-01-2021,MD,Republic of Moldova,EURO,440,145258,19,3004
03-01-2021,MD,Republic of Moldova,EURO,436,145694,16,3020
04-01-2021,MD,Republic of Moldova,EURO,179,145873,17,3037
05-01-2021,MD,Republic of Moldova,EURO,436,146309,17,3054
06-01-2021,MD,Republic of Moldova,EURO,612,146921,16,3070
07-01-2021,MD,Republic of Moldova,EURO,950,147871,18,3088
08-01-2021,MD,Republic of Moldova,EURO,423,148294,18,3106
09-01-2021,MD,Republic of Moldova,EURO,375,148669,16,3122
10-01-2021,MD,Republic of Moldova,EURO,424,149093,8,3130
11-01-2021,MD,Republic of Moldova,EURO,298,149391,9,3139
12-01-2021,MD,Republic of Moldova,EURO,271,149662,17,3156
13-01-2021,MD,Republic of Moldova,EURO,476,150138,20,3176
14-01-2021,MD,Republic of Moldova,EURO,808,150946,17,3193
15-01-2021,MD,Republic of Moldova,EURO,741,151687,18,3211
16-01-2021,MD,Republic of Moldova,EURO,576,152263,17,3228
17-01-2021,MD,Republic of Moldova,EURO,377,152640,17,3245
18-01-2021,MD,Republic of Moldova,EURO,214,152854,5,3250
19-01-2021,MD,Republic of Moldova,EURO,258,153112,17,3267
20-01-2021,MD,Republic of Moldova,EURO,394,153506,15,3282
21-01-2021,MD,Republic of Moldova,EURO,612,154118,17,3299
22-01-2021,MD,Republic of Moldova,EURO,670,154788,16,3315
23-01-2021,MD,Republic of Moldova,EURO,514,155302,17,3332
24-01-2021,MD,Republic of Moldova,EURO,635,155937,15,3347
25-01-2021,MD,Republic of Moldova,EURO,265,156202,14,3361
26-01-2021,MD,Republic of Moldova,EURO,224,156426,7,3368
27-01-2021,MD,Republic of Moldova,EURO,546,156972,13,3381
28-01-2021,MD,Republic of Moldova,EURO,654,157626,15,3396
29-01-2021,MD,Republic of Moldova,EURO,683,158309,17,3413
30-01-2021,MD,Republic of Moldova,EURO,551,158860,11,3424
31-01-2021,MD,Republic of Moldova,EURO,653,159513,10,3434
01-02-2021,MD,Republic of Moldova,EURO,291,159804,4,3438
02-02-2021,MD,Republic of Moldova,EURO,282,160086,8,3446
03-02-2021,MD,Republic of Moldova,EURO,639,160725,16,3462
04-02-2021,MD,Republic of Moldova,EURO,917,161642,18,3480
05-02-2021,MD,Republic of Moldova,EURO,982,162624,17,3497
06-02-2021,MD,Republic of Moldova,EURO,776,163400,18,3515
07-02-2021,MD,Republic of Moldova,EURO,843,164243,15,3530
08-02-2021,MD,Republic of Moldova,EURO,326,164569,13,3543
09-02-2021,MD,Republic of Moldova,EURO,289,164858,14,3557
10-02-2021,MD,Republic of Moldova,EURO,805,165663,16,3573
11-02-2021,MD,Republic of Moldova,EURO,890,166553,16,3589
12-02-2021,MD,Republic of Moldova,EURO,993,167546,18,3607
13-02-2021,MD,Republic of Moldova,EURO,1280,168826,19,3626
14-02-2021,MD,Republic of Moldova,EURO,979,169805,14,3640
15-02-2021,MD,Republic of Moldova,EURO,381,170186,11,3651
16-02-2021,MD,Republic of Moldova,EURO,363,170549,10,3661
17-02-2021,MD,Republic of Moldova,EURO,965,171514,17,3678
18-02-2021,MD,Republic of Moldova,EURO,1301,172815,19,3697
19-02-2021,MD,Republic of Moldova,EURO,1340,174155,20,3717
20-02-2021,MD,Republic of Moldova,EURO,1028,175183,22,3739
21-02-2021,MD,Republic of Moldova,EURO,1062,176245,21,3760
22-02-2021,MD,Republic of Moldova,EURO,507,176752,20,3780
23-02-2021,MD,Republic of Moldova,EURO,655,177407,19,3799
24-02-2021,MD,Republic of Moldova,EURO,1133,178540,24,3823
25-02-2021,MD,Republic of Moldova,EURO,1610,180150,23,3846
26-02-2021,MD,Republic of Moldova,EURO,1736,181886,25,3871
27-02-2021,MD,Republic of Moldova,EURO,1452,183338,28,3899
28-02-2021,MD,Republic of Moldova,EURO,1518,184856,25,3924
01-03-2021,MD,Republic of Moldova,EURO,597,185453,25,3949
02-03-2021,MD,Republic of Moldova,EURO,994,186447,26,3975
03-03-2021,MD,Republic of Moldova,EURO,1400,187847,27,4002
04-03-2021,MD,Republic of Moldova,EURO,1550,189397,24,4026
05-03-2021,MD,Republic of Moldova,EURO,1800,191197,23,4049
06-03-2021,MD,Republic of Moldova,EURO,1788,192985,22,4071
07-03-2021,MD,Republic of Moldova,EURO,1620,194605,20,4091
08-03-2021,MD,Republic of Moldova,EURO,647,195252,20,4111
09-03-2021,MD,Republic of Moldova,EURO,350,195602,18,4129
10-03-2021,MD,Republic of Moldova,EURO,873,196475,21,4150
11-03-2021,MD,Republic of Moldova,EURO,1753,198228,33,4183
12-03-2021,MD,Republic of Moldova,EURO,1896,200124,37,4220
13-03-2021,MD,Republic of Moldova,EURO,1785,201909,36,4256
14-03-2021,MD,Republic of Moldova,EURO,1801,203710,38,4294
15-03-2021,MD,Republic of Moldova,EURO,753,204463,36,4330
16-03-2021,MD,Republic of Moldova,EURO,861,205324,35,4365
17-03-2021,MD,Republic of Moldova,EURO,1688,207012,37,4402
18-03-2021,MD,Republic of Moldova,EURO,1916,208928,34,4436
19-03-2021,MD,Republic of Moldova,EURO,1797,210725,36,4472
20-03-2021,MD,Republic of Moldova,EURO,1843,212568,29,4501
21-03-2021,MD,Republic of Moldova,EURO,1635,214203,30,4531
22-03-2021,MD,Republic of Moldova,EURO,831,215034,28,4559
23-03-2021,MD,Republic of Moldova,EURO,1060,216094,29,4588
24-03-2021,MD,Republic of Moldova,EURO,1621,217715,34,4622
25-03-2021,MD,Republic of Moldova,EURO,2273,219988,39,4661
26-03-2021,MD,Republic of Moldova,EURO,2132,222120,41,4702
27-03-2021,MD,Republic of Moldova,EURO,1866,223986,29,4731
28-03-2021,MD,Republic of Moldova,EURO,1674,225660,54,4785
29-03-2021,MD,Republic of Moldova,EURO,861,226521,29,4814
30-03-2021,MD,Republic of Moldova,EURO,932,227453,42,4856
31-03-2021,MD,Republic of Moldova,EURO,917,228370,59,4915
01-04-2021,MD,Republic of Moldova,EURO,1871,230241,45,4960
02-04-2021,MD,Republic of Moldova,EURO,1515,231756,43,5003
03-04-2021,MD,Republic of Moldova,EURO,1380,233136,45,5048
04-04-2021,MD,Republic of Moldova,EURO,1258,234394,44,5092
05-04-2021,MD,Republic of Moldova,EURO,693,235087,44,5136
06-04-2021,MD,Republic of Moldova,EURO,703,235790,42,5178
07-04-2021,MD,Republic of Moldova,EURO,773,236563,46,5224
08-04-2021,MD,Republic of Moldova,EURO,1155,237718,44,5268
09-04-2021,MD,Republic of Moldova,EURO,1428,239146,39,5307
10-04-2021,MD,Republic of Moldova,EURO,910,240056,32,5339
11-04-2021,MD,Republic of Moldova,EURO,830,240886,30,5369
12-04-2021,MD,Republic of Moldova,EURO,331,241217,19,5388
13-04-2021,MD,Republic of Moldova,EURO,603,241820,21,5409
14-04-2021,MD,Republic of Moldova,EURO,544,242364,29,5438
15-04-2021,MD,Republic of Moldova,EURO,1001,243365,28,5466
16-04-2021,MD,Republic of Moldova,EURO,812,244177,27,5493
17-04-2021,MD,Republic of Moldova,EURO,689,244866,28,5521
18-04-2021,MD,Republic of Moldova,EURO,628,245494,27,5548
19-04-2021,MD,Republic of Moldova,EURO,403,245897,23,5571
20-04-2021,MD,Republic of Moldova,EURO,341,246238,20,5591
21-04-2021,MD,Republic of Moldova,EURO,453,246691,25,5616
22-04-2021,MD,Republic of Moldova,EURO,700,247391,27,5643
23-04-2021,MD,Republic of Moldova,EURO,618,248009,25,5668
24-04-2021,MD,Republic of Moldova,EURO,509,248518,23,5691
25-04-2021,MD,Republic of Moldova,EURO,380,248898,18,5709
26-04-2021,MD,Republic of Moldova,EURO,241,249139,21,5730
27-04-2021,MD,Republic of Moldova,EURO,246,249385,15,5745
28-04-2021,MD,Republic of Moldova,EURO,329,249714,17,5762
29-04-2021,MD,Republic of Moldova,EURO,424,250138,18,5780
30-04-2021,MD,Republic of Moldova,EURO,370,250508,15,5795
01-05-2021,MD,Republic of Moldova,EURO,329,250837,17,5812
02-05-2021,MD,Republic of Moldova,EURO,323,251160,14,5826
03-05-2021,MD,Republic of Moldova,EURO,175,251335,12,5838
04-05-2021,MD,Republic of Moldova,EURO,43,251378,12,5850
05-05-2021,MD,Republic of Moldova,EURO,126,251504,19,5869
06-05-2021,MD,Republic of Moldova,EURO,316,251820,23,5892
07-05-2021,MD,Republic of Moldova,EURO,333,252153,20,5912
08-05-2021,MD,Republic of Moldova,EURO,260,252413,17,5929
09-05-2021,MD,Republic of Moldova,EURO,191,252604,14,5943
10-05-2021,MD,Republic of Moldova,EURO,145,252749,9,5952
11-05-2021,MD,Republic of Moldova,EURO,49,252798,6,5958
12-05-2021,MD,Republic of Moldova,EURO,151,252949,12,5970
13-05-2021,MD,Republic of Moldova,EURO,224,253173,11,5981
14-05-2021,MD,Republic of Moldova,EURO,213,253386,14,5995
15-05-2021,MD,Republic of Moldova,EURO,181,253567,11,6006
16-05-2021,MD,Republic of Moldova,EURO,169,253736,10,6016
17-05-2021,MD,Republic of Moldova,EURO,109,253845,11,6027
18-05-2021,MD,Republic of Moldova,EURO,109,253954,7,6034
19-05-2021,MD,Republic of Moldova,EURO,121,254075,9,6043
20-05-2021,MD,Republic of Moldova,EURO,138,254213,10,6053
21-05-2021,MD,Republic of Moldova,EURO,166,254379,8,6061
22-05-2021,MD,Republic of Moldova,EURO,120,254499,6,6067
23-05-2021,MD,Republic of Moldova,EURO,102,254601,5,6072
24-05-2021,MD,Republic of Moldova,EURO,75,254676,3,6075
25-05-2021,MD,Republic of Moldova,EURO,65,254741,5,6080
26-05-2021,MD,Republic of Moldova,EURO,73,254814,4,6084
27-05-2021,MD,Republic of Moldova,EURO,94,254908,4,6088
28-05-2021,MD,Republic of Moldova,EURO,77,254985,5,6093
29-05-2021,MD,Republic of Moldova,EURO,75,255060,4,6097
30-05-2021,MD,Republic of Moldova,EURO,45,255105,3,6100
01-01-2021,RE,Réunion,AFRO,65,9037,0,42
02-01-2021,RE,Réunion,AFRO,0,9037,0,42
03-01-2021,RE,Réunion,AFRO,0,9037,0,42
04-01-2021,RE,Réunion,AFRO,0,9037,0,42
05-01-2021,RE,Réunion,AFRO,81,9118,0,42
06-01-2021,RE,Réunion,AFRO,0,9118,0,42
07-01-2021,RE,Réunion,AFRO,55,9173,0,42
08-01-2021,RE,Réunion,AFRO,0,9173,0,42
09-01-2021,RE,Réunion,AFRO,74,9247,0,42
10-01-2021,RE,Réunion,AFRO,0,9247,0,42
11-01-2021,RE,Réunion,AFRO,112,9359,0,42
12-01-2021,RE,Réunion,AFRO,0,9359,0,42
13-01-2021,RE,Réunion,AFRO,0,9359,0,42
14-01-2021,RE,Réunion,AFRO,47,9406,0,42
15-01-2021,RE,Réunion,AFRO,0,9406,0,42
16-01-2021,RE,Réunion,AFRO,37,9443,3,45
17-01-2021,RE,Réunion,AFRO,0,9443,0,45
18-01-2021,RE,Réunion,AFRO,0,9443,0,45
19-01-2021,RE,Réunion,AFRO,109,9552,0,45
20-01-2021,RE,Réunion,AFRO,0,9552,0,45
21-01-2021,RE,Réunion,AFRO,32,9584,0,45
22-01-2021,RE,Réunion,AFRO,0,9584,0,45
23-01-2021,RE,Réunion,AFRO,117,9701,0,45
24-01-2021,RE,Réunion,AFRO,0,9701,0,45
25-01-2021,RE,Réunion,AFRO,0,9701,0,45
26-01-2021,RE,Réunion,AFRO,142,9843,0,45
27-01-2021,RE,Réunion,AFRO,0,9843,0,45
28-01-2021,RE,Réunion,AFRO,61,9904,0,45
29-01-2021,RE,Réunion,AFRO,0,9904,0,45
30-01-2021,RE,Réunion,AFRO,92,9996,1,46
31-01-2021,RE,Réunion,AFRO,0,9996,0,46
01-02-2021,RE,Réunion,AFRO,0,9996,0,46
02-02-2021,RE,Réunion,AFRO,198,10194,0,46
03-02-2021,RE,Réunion,AFRO,0,10194,0,46
04-02-2021,RE,Réunion,AFRO,136,10330,1,47
05-02-2021,RE,Réunion,AFRO,0,10330,0,47
06-02-2021,RE,Réunion,AFRO,157,10487,0,47
07-02-2021,RE,Réunion,AFRO,0,10487,0,47
08-02-2021,RE,Réunion,AFRO,0,10487,0,47
09-02-2021,RE,Réunion,AFRO,0,10487,0,47
10-02-2021,RE,Réunion,AFRO,0,10487,0,47
11-02-2021,RE,Réunion,AFRO,420,10907,0,47
12-02-2021,RE,Réunion,AFRO,0,10907,0,47
13-02-2021,RE,Réunion,AFRO,0,10907,0,47
14-02-2021,RE,Réunion,AFRO,0,10907,0,47
15-02-2021,RE,Réunion,AFRO,0,10907,0,47
16-02-2021,RE,Réunion,AFRO,0,10907,0,47
17-02-2021,RE,Réunion,AFRO,0,10907,0,47
18-02-2021,RE,Réunion,AFRO,655,11562,1,48
19-02-2021,RE,Réunion,AFRO,0,11562,0,48
20-02-2021,RE,Réunion,AFRO,0,11562,0,48
21-02-2021,RE,Réunion,AFRO,0,11562,0,48
22-02-2021,RE,Réunion,AFRO,0,11562,0,48
23-02-2021,RE,Réunion,AFRO,0,11562,0,48
24-02-2021,RE,Réunion,AFRO,0,11562,0,48
25-02-2021,RE,Réunion,AFRO,854,12416,4,52
26-02-2021,RE,Réunion,AFRO,0,12416,0,52
27-02-2021,RE,Réunion,AFRO,0,12416,0,52
28-02-2021,RE,Réunion,AFRO,0,12416,0,52
01-03-2021,RE,Réunion,AFRO,0,12416,0,52
02-03-2021,RE,Réunion,AFRO,0,12416,0,52
03-03-2021,RE,Réunion,AFRO,709,13125,7,59
04-03-2021,RE,Réunion,AFRO,0,13125,0,59
05-03-2021,RE,Réunion,AFRO,0,13125,0,59
06-03-2021,RE,Réunion,AFRO,0,13125,0,59
07-03-2021,RE,Réunion,AFRO,0,13125,0,59
08-03-2021,RE,Réunion,AFRO,0,13125,0,59
09-03-2021,RE,Réunion,AFRO,0,13125,0,59
10-03-2021,RE,Réunion,AFRO,676,13801,12,71
11-03-2021,RE,Réunion,AFRO,0,13801,0,71
12-03-2021,RE,Réunion,AFRO,0,13801,0,71
13-03-2021,RE,Réunion,AFRO,0,13801,0,71
14-03-2021,RE,Réunion,AFRO,0,13801,0,71
15-03-2021,RE,Réunion,AFRO,0,13801,0,71
16-03-2021,RE,Réunion,AFRO,0,13801,0,71
17-03-2021,RE,Réunion,AFRO,830,14631,16,87
18-03-2021,RE,Réunion,AFRO,0,14631,0,87
19-03-2021,RE,Réunion,AFRO,0,14631,0,87
20-03-2021,RE,Réunion,AFRO,0,14631,0,87
21-03-2021,RE,Réunion,AFRO,0,14631,0,87
22-03-2021,RE,Réunion,AFRO,0,14631,0,87
23-03-2021,RE,Réunion,AFRO,0,14631,0,87
24-03-2021,RE,Réunion,AFRO,930,15561,15,102
25-03-2021,RE,Réunion,AFRO,0,15561,0,102
26-03-2021,RE,Réunion,AFRO,0,15561,0,102
27-03-2021,RE,Réunion,AFRO,0,15561,0,102
28-03-2021,RE,Réunion,AFRO,0,15561,0,102
29-03-2021,RE,Réunion,AFRO,0,15561,0,102
30-03-2021,RE,Réunion,AFRO,0,15561,0,102
31-03-2021,RE,Réunion,AFRO,1025,16586,13,115
01-04-2021,RE,Réunion,AFRO,0,16586,0,115
02-04-2021,RE,Réunion,AFRO,0,16586,0,115
03-04-2021,RE,Réunion,AFRO,0,16586,0,115
04-04-2021,RE,Réunion,AFRO,0,16586,0,115
05-04-2021,RE,Réunion,AFRO,0,16586,0,115
06-04-2021,RE,Réunion,AFRO,0,16586,0,115
07-04-2021,RE,Réunion,AFRO,922,17508,8,123
08-04-2021,RE,Réunion,AFRO,0,17508,0,123
09-04-2021,RE,Réunion,AFRO,0,17508,0,123
10-04-2021,RE,Réunion,AFRO,0,17508,0,123
11-04-2021,RE,Réunion,AFRO,0,17508,0,123
12-04-2021,RE,Réunion,AFRO,0,17508,0,123
13-04-2021,RE,Réunion,AFRO,917,18425,12,135
14-04-2021,RE,Réunion,AFRO,0,18425,0,135
15-04-2021,RE,Réunion,AFRO,0,18425,0,135
16-04-2021,RE,Réunion,AFRO,0,18425,0,135
17-04-2021,RE,Réunion,AFRO,0,18425,0,135
18-04-2021,RE,Réunion,AFRO,0,18425,0,135
19-04-2021,RE,Réunion,AFRO,0,18425,0,135
20-04-2021,RE,Réunion,AFRO,0,18425,0,135
21-04-2021,RE,Réunion,AFRO,918,19343,6,141
22-04-2021,RE,Réunion,AFRO,0,19343,0,141
23-04-2021,RE,Réunion,AFRO,0,19343,0,141
24-04-2021,RE,Réunion,AFRO,0,19343,0,141
25-04-2021,RE,Réunion,AFRO,0,19343,0,141
26-04-2021,RE,Réunion,AFRO,0,19343,0,141
27-04-2021,RE,Réunion,AFRO,1038,20381,7,148
28-04-2021,RE,Réunion,AFRO,0,20381,0,148
29-04-2021,RE,Réunion,AFRO,0,20381,0,148
30-04-2021,RE,Réunion,AFRO,0,20381,0,148
01-05-2021,RE,Réunion,AFRO,0,20381,0,148
02-05-2021,RE,Réunion,AFRO,0,20381,0,148
03-05-2021,RE,Réunion,AFRO,0,20381,0,148
04-05-2021,RE,Réunion,AFRO,0,20381,0,148
05-05-2021,RE,Réunion,AFRO,1070,21451,2,150
06-05-2021,RE,Réunion,AFRO,0,21451,0,150
07-05-2021,RE,Réunion,AFRO,0,21451,0,150
08-05-2021,RE,Réunion,AFRO,0,21451,0,150
09-05-2021,RE,Réunion,AFRO,0,21451,0,150
10-05-2021,RE,Réunion,AFRO,0,21451,0,150
11-05-2021,RE,Réunion,AFRO,0,21451,0,150
12-05-2021,RE,Réunion,AFRO,1193,22644,19,169
13-05-2021,RE,Réunion,AFRO,0,22644,0,169
14-05-2021,RE,Réunion,AFRO,0,22644,0,169
15-05-2021,RE,Réunion,AFRO,0,22644,0,169
16-05-2021,RE,Réunion,AFRO,0,22644,0,169
17-05-2021,RE,Réunion,AFRO,0,22644,0,169
18-05-2021,RE,Réunion,AFRO,0,22644,0,169
19-05-2021,RE,Réunion,AFRO,922,23566,7,176
20-05-2021,RE,Réunion,AFRO,0,23566,0,176
21-05-2021,RE,Réunion,AFRO,0,23566,0,176
22-05-2021,RE,Réunion,AFRO,0,23566,0,176
23-05-2021,RE,Réunion,AFRO,0,23566,0,176
24-05-2021,RE,Réunion,AFRO,0,23566,0,176
25-05-2021,RE,Réunion,AFRO,0,23566,0,176
26-05-2021,RE,Réunion,AFRO,1335,24901,13,189
27-05-2021,RE,Réunion,AFRO,0,24901,0,189
28-05-2021,RE,Réunion,AFRO,0,24901,0,189
29-05-2021,RE,Réunion,AFRO,0,24901,0,189
30-05-2021,RE,Réunion,AFRO,0,24901,0,189
01-01-2021,RO,Romania,EURO,4322,632263,171,15767
02-01-2021,RO,Romania,EURO,3938,636201,74,15841
03-01-2021,RO,Romania,EURO,1194,637395,78,15919
04-01-2021,RO,Romania,EURO,3034,640429,60,15979
05-01-2021,RO,Romania,EURO,3130,643559,78,16057
06-01-2021,RO,Romania,EURO,4729,648288,121,16178
07-01-2021,RO,Romania,EURO,5719,654007,121,16299
08-01-2021,RO,Romania,EURO,4951,658958,111,16410
09-01-2021,RO,Romania,EURO,4821,663779,96,16506
10-01-2021,RO,Romania,EURO,4423,668202,86,16592
11-01-2021,RO,Romania,EURO,3082,671284,62,16654
12-01-2021,RO,Romania,EURO,1987,673271,71,16725
13-01-2021,RO,Romania,EURO,3697,676968,156,16881
14-01-2021,RO,Romania,EURO,4424,681392,88,16969
15-01-2021,RO,Romania,EURO,3525,684917,66,17035
16-01-2021,RO,Romania,EURO,3353,688270,63,17098
17-01-2021,RO,Romania,EURO,3218,691488,66,17164
18-01-2021,RO,Romania,EURO,2156,693644,57,17221
19-01-2021,RO,Romania,EURO,1509,695153,50,17271
20-01-2021,RO,Romania,EURO,2745,697898,98,17369
21-01-2021,RO,Romania,EURO,3000,700898,116,17485
22-01-2021,RO,Romania,EURO,2878,703776,69,17554
23-01-2021,RO,Romania,EURO,2699,706475,74,17628
24-01-2021,RO,Romania,EURO,2719,709194,94,17722
25-01-2021,RO,Romania,EURO,1816,711010,54,17776
26-01-2021,RO,Romania,EURO,1551,712561,65,17841
27-01-2021,RO,Romania,EURO,2877,715438,97,17938
28-01-2021,RO,Romania,EURO,3174,718612,77,18015
29-01-2021,RO,Romania,EURO,2901,721513,90,18105
30-01-2021,RO,Romania,EURO,2737,724250,91,18196
31-01-2021,RO,Romania,EURO,2668,726918,68,18264
01-02-2021,RO,Romania,EURO,1825,728743,71,18335
02-02-2021,RO,Romania,EURO,1313,730056,67,18402
03-02-2021,RO,Romania,EURO,2676,732732,111,18513
04-02-2021,RO,Romania,EURO,2752,735484,87,18600
05-02-2021,RO,Romania,EURO,2668,738152,75,18675
06-02-2021,RO,Romania,EURO,2580,740732,73,18748
07-02-2021,RO,Romania,EURO,2611,743343,61,18809
08-02-2021,RO,Romania,EURO,1975,745318,72,18881
09-02-2021,RO,Romania,EURO,1319,746637,80,18961
10-02-2021,RO,Romania,EURO,2797,749434,95,19056
11-02-2021,RO,Romania,EURO,3048,752482,79,19135
12-02-2021,RO,Romania,EURO,2644,755126,65,19200
13-02-2021,RO,Romania,EURO,2550,757676,77,19277
14-02-2021,RO,Romania,EURO,2415,760091,48,19325
15-02-2021,RO,Romania,EURO,1872,761963,41,19366
16-02-2021,RO,Romania,EURO,1331,763294,79,19445
17-02-2021,RO,Romania,EURO,2676,765970,81,19526
18-02-2021,RO,Romania,EURO,2815,768785,62,19588
19-02-2021,RO,Romania,EURO,3058,771843,71,19659
20-02-2021,RO,Romania,EURO,2712,774555,79,19738
21-02-2021,RO,Romania,EURO,2721,777276,57,19795
22-02-2021,RO,Romania,EURO,2419,779695,52,19847
23-02-2021,RO,Romania,EURO,1634,781329,47,19894
24-02-2021,RO,Romania,EURO,3382,784711,119,20013
25-02-2021,RO,Romania,EURO,3337,788048,73,20086
26-02-2021,RO,Romania,EURO,3923,791971,81,20167
27-02-2021,RO,Romania,EURO,3761,795732,66,20233
28-02-2021,RO,Romania,EURO,3432,799164,54,20287
01-03-2021,RO,Romania,EURO,2830,801994,63,20350
02-03-2021,RO,Romania,EURO,2096,804090,53,20403
03-03-2021,RO,Romania,EURO,3950,808040,106,20509
04-03-2021,RO,Romania,EURO,4278,812318,77,20586
05-03-2021,RO,Romania,EURO,4271,816589,98,20684
06-03-2021,RO,Romania,EURO,4342,820931,101,20785
07-03-2021,RO,Romania,EURO,4064,824995,69,20854
08-03-2021,RO,Romania,EURO,3288,828283,46,20900
09-03-2021,RO,Romania,EURO,2280,830563,63,20963
10-03-2021,RO,Romania,EURO,4989,835552,93,21056
11-03-2021,RO,Romania,EURO,4564,840116,100,21156
12-03-2021,RO,Romania,EURO,5236,845352,96,21252
13-03-2021,RO,Romania,EURO,5010,850362,108,21360
14-03-2021,RO,Romania,EURO,4964,855326,79,21439
15-03-2021,RO,Romania,EURO,4383,859709,44,21483
16-03-2021,RO,Romania,EURO,2972,862681,82,21565
17-03-2021,RO,Romania,EURO,6118,868799,133,21698
18-03-2021,RO,Romania,EURO,6186,874985,89,21787
19-03-2021,RO,Romania,EURO,6174,881159,90,21877
20-03-2021,RO,Romania,EURO,5593,886752,143,22020
21-03-2021,RO,Romania,EURO,6096,892848,112,22132
22-03-2021,RO,Romania,EURO,4267,897115,76,22208
23-03-2021,RO,Romania,EURO,3743,900858,60,22268
24-03-2021,RO,Romania,EURO,6149,907007,174,22442
25-03-2021,RO,Romania,EURO,6136,913143,137,22579
26-03-2021,RO,Romania,EURO,6651,919794,140,22719
27-03-2021,RO,Romania,EURO,6516,926310,116,22835
28-03-2021,RO,Romania,EURO,5869,932179,162,22997
29-03-2021,RO,Romania,EURO,4439,936618,117,23114
30-03-2021,RO,Romania,EURO,3825,940443,120,23234
31-03-2021,RO,Romania,EURO,6204,946647,175,23409
01-04-2021,RO,Romania,EURO,6156,952803,129,23538
02-04-2021,RO,Romania,EURO,6115,958918,136,23674
03-04-2021,RO,Romania,EURO,5808,964726,145,23819
04-04-2021,RO,Romania,EURO,5498,970224,154,23973
05-04-2021,RO,Romania,EURO,4151,974375,97,24070
06-04-2021,RO,Romania,EURO,3611,977986,120,24190
07-04-2021,RO,Romania,EURO,5231,983217,196,24386
08-04-2021,RO,Romania,EURO,5407,988624,175,24561
09-04-2021,RO,Romania,EURO,4989,993613,172,24733
10-04-2021,RO,Romania,EURO,4942,998555,134,24867
11-04-2021,RO,Romania,EURO,4310,1002865,139,25006
12-04-2021,RO,Romania,EURO,3302,1006167,129,25135
13-04-2021,RO,Romania,EURO,2323,1008490,113,25248
14-04-2021,RO,Romania,EURO,3883,1012373,193,25441
15-04-2021,RO,Romania,EURO,4076,1016449,164,25605
16-04-2021,RO,Romania,EURO,3852,1020301,195,25800
17-04-2021,RO,Romania,EURO,3264,1023565,137,25937
18-04-2021,RO,Romania,EURO,3474,1027039,135,26072
19-04-2021,RO,Romania,EURO,2265,1029304,160,26232
20-04-2021,RO,Romania,EURO,1768,1031072,149,26381
21-04-2021,RO,Romania,EURO,2931,1034003,237,26618
22-04-2021,RO,Romania,EURO,3006,1037009,175,26793
23-04-2021,RO,Romania,EURO,2989,1039998,150,26943
24-04-2021,RO,Romania,EURO,2523,1042521,170,27113
25-04-2021,RO,Romania,EURO,2201,1044722,154,27267
26-04-2021,RO,Romania,EURO,1542,1046264,127,27394
27-04-2021,RO,Romania,EURO,1256,1047520,117,27511
28-04-2021,RO,Romania,EURO,2019,1049539,172,27683
29-04-2021,RO,Romania,EURO,2240,1051779,150,27833
30-04-2021,RO,Romania,EURO,1850,1053629,138,27971
01-05-2021,RO,Romania,EURO,1636,1055265,138,28109
02-05-2021,RO,Romania,EURO,1307,1056572,85,28194
03-05-2021,RO,Romania,EURO,1083,1057655,88,28282
04-05-2021,RO,Romania,EURO,682,1058337,98,28380
05-05-2021,RO,Romania,EURO,994,1059331,94,28474
06-05-2021,RO,Romania,EURO,1564,1060895,142,28616
07-05-2021,RO,Romania,EURO,1632,1062527,94,28710
08-05-2021,RO,Romania,EURO,1422,1063949,89,28799
09-05-2021,RO,Romania,EURO,1305,1065254,104,28903
10-05-2021,RO,Romania,EURO,857,1066111,63,28966
11-05-2021,RO,Romania,EURO,620,1066731,68,29034
12-05-2021,RO,Romania,EURO,1156,1067887,101,29135
13-05-2021,RO,Romania,EURO,930,1068817,98,29233
14-05-2021,RO,Romania,EURO,953,1069770,75,29308
15-05-2021,RO,Romania,EURO,835,1070605,105,29413
16-05-2021,RO,Romania,EURO,729,1071334,72,29485
17-05-2021,RO,Romania,EURO,565,1071899,38,29523
18-05-2021,RO,Romania,EURO,392,1072291,48,29571
19-05-2021,RO,Romania,EURO,681,1072972,91,29662
20-05-2021,RO,Romania,EURO,707,1073679,54,29716
21-05-2021,RO,Romania,EURO,618,1074297,61,29777
22-05-2021,RO,Romania,EURO,484,1074781,49,29826
23-05-2021,RO,Romania,EURO,455,1075236,59,29885
24-05-2021,RO,Romania,EURO,307,1075543,56,29941
25-05-2021,RO,Romania,EURO,230,1075773,36,29977
26-05-2021,RO,Romania,EURO,381,1076154,63,30040
27-05-2021,RO,Romania,EURO,379,1076533,52,30092
28-05-2021,RO,Romania,EURO,307,1076840,39,30131
29-05-2021,RO,Romania,EURO,321,1077161,43,30174
30-05-2021,RO,Romania,EURO,265,1077426,73,30247
01-01-2021,RU,Russian Federation,EURO,27039,3186336,536,57555
02-01-2021,RU,Russian Federation,EURO,26301,3212637,447,58002
03-01-2021,RU,Russian Federation,EURO,24150,3236787,504,58506
04-01-2021,RU,Russian Federation,EURO,23351,3260138,482,58988
05-01-2021,RU,Russian Federation,EURO,24246,3284384,518,59506
06-01-2021,RU,Russian Federation,EURO,24217,3308601,445,59951
07-01-2021,RU,Russian Federation,EURO,23541,3332142,506,60457
08-01-2021,RU,Russian Federation,EURO,23652,3355794,454,60911
09-01-2021,RU,Russian Federation,EURO,23309,3379103,470,61381
10-01-2021,RU,Russian Federation,EURO,22851,3401954,456,61837
11-01-2021,RU,Russian Federation,EURO,23315,3425269,436,62273
12-01-2021,RU,Russian Federation,EURO,22934,3448203,531,62804
13-01-2021,RU,Russian Federation,EURO,22850,3471053,566,63370
14-01-2021,RU,Russian Federation,EURO,24763,3495816,570,63940
15-01-2021,RU,Russian Federation,EURO,24715,3520531,555,64495
16-01-2021,RU,Russian Federation,EURO,24092,3544623,590,65085
17-01-2021,RU,Russian Federation,EURO,23586,3568209,481,65566
18-01-2021,RU,Russian Federation,EURO,22857,3591066,471,66037
19-01-2021,RU,Russian Federation,EURO,21734,3612800,586,66623
20-01-2021,RU,Russian Federation,EURO,21152,3633952,597,67220
21-01-2021,RU,Russian Federation,EURO,21887,3655839,612,67832
22-01-2021,RU,Russian Federation,EURO,21513,3677352,580,68412
23-01-2021,RU,Russian Federation,EURO,20921,3698273,559,68971
24-01-2021,RU,Russian Federation,EURO,21127,3719400,491,69462
25-01-2021,RU,Russian Federation,EURO,19290,3738690,456,69918
26-01-2021,RU,Russian Federation,EURO,18241,3756931,564,70482
27-01-2021,RU,Russian Federation,EURO,17741,3774672,594,71076
28-01-2021,RU,Russian Federation,EURO,19138,3793810,575,71651
29-01-2021,RU,Russian Federation,EURO,19238,3813048,534,72185
30-01-2021,RU,Russian Federation,EURO,19032,3832080,512,72697
31-01-2021,RU,Russian Federation,EURO,18359,3850439,485,73182
01-02-2021,RU,Russian Federation,EURO,17648,3868087,437,73619
02-02-2021,RU,Russian Federation,EURO,16643,3884730,539,74158
03-02-2021,RU,Russian Federation,EURO,16474,3901204,526,74684
04-02-2021,RU,Russian Federation,EURO,16714,3917918,521,75205
05-02-2021,RU,Russian Federation,EURO,16688,3934606,527,75732
06-02-2021,RU,Russian Federation,EURO,16627,3951233,497,76229
07-02-2021,RU,Russian Federation,EURO,16048,3967281,432,76661
08-02-2021,RU,Russian Federation,EURO,15916,3983197,407,77068
09-02-2021,RU,Russian Federation,EURO,15019,3998216,530,77598
10-02-2021,RU,Russian Federation,EURO,14494,4012710,536,78134
11-02-2021,RU,Russian Federation,EURO,15038,4027748,553,78687
12-02-2021,RU,Russian Federation,EURO,15089,4042837,507,79194
13-02-2021,RU,Russian Federation,EURO,14861,4057698,502,79696
14-02-2021,RU,Russian Federation,EURO,14185,4071883,430,80126
15-02-2021,RU,Russian Federation,EURO,14207,4086090,394,80520
16-02-2021,RU,Russian Federation,EURO,13233,4099323,459,80979
17-02-2021,RU,Russian Federation,EURO,12828,4112151,467,81446
18-02-2021,RU,Russian Federation,EURO,13447,4125598,480,81926
19-02-2021,RU,Russian Federation,EURO,13433,4139031,470,82396
20-02-2021,RU,Russian Federation,EURO,12953,4151984,480,82876
21-02-2021,RU,Russian Federation,EURO,12742,4164726,417,83293
22-02-2021,RU,Russian Federation,EURO,12604,4177330,337,83630
23-02-2021,RU,Russian Federation,EURO,11823,4189153,417,84047
24-02-2021,RU,Russian Federation,EURO,11749,4200902,383,84430
25-02-2021,RU,Russian Federation,EURO,11198,4212100,446,84876
26-02-2021,RU,Russian Federation,EURO,11086,4223186,428,85304
27-02-2021,RU,Russian Federation,EURO,11534,4234720,439,85743
28-02-2021,RU,Russian Federation,EURO,11359,4246079,379,86122
01-03-2021,RU,Russian Federation,EURO,11571,4257650,333,86455
02-03-2021,RU,Russian Federation,EURO,10565,4268215,441,86896
03-03-2021,RU,Russian Federation,EURO,10535,4278750,452,87348
04-03-2021,RU,Russian Federation,EURO,11385,4290135,475,87823
05-03-2021,RU,Russian Federation,EURO,11024,4301159,462,88285
06-03-2021,RU,Russian Federation,EURO,11022,4312181,441,88726
07-03-2021,RU,Russian Federation,EURO,10595,4322776,374,89100
08-03-2021,RU,Russian Federation,EURO,10253,4333029,373,89473
09-03-2021,RU,Russian Federation,EURO,9445,4342474,336,89809
10-03-2021,RU,Russian Federation,EURO,9079,4351553,466,90275
11-03-2021,RU,Russian Federation,EURO,9270,4360823,459,90734
12-03-2021,RU,Russian Federation,EURO,9794,4370617,486,91220
13-03-2021,RU,Russian Federation,EURO,9908,4380525,475,91695
14-03-2021,RU,Russian Federation,EURO,10083,4390608,395,92090
15-03-2021,RU,Russian Federation,EURO,9437,4400045,404,92494
16-03-2021,RU,Russian Federation,EURO,9393,4409438,443,92937
17-03-2021,RU,Russian Federation,EURO,8998,4418436,427,93364
18-03-2021,RU,Russian Federation,EURO,9803,4428239,460,93824
19-03-2021,RU,Russian Federation,EURO,9699,4437938,443,94267
20-03-2021,RU,Russian Federation,EURO,9632,4447570,392,94659
21-03-2021,RU,Russian Federation,EURO,9299,4456869,371,95030
22-03-2021,RU,Russian Federation,EURO,9284,4466153,361,95391
23-03-2021,RU,Russian Federation,EURO,8457,4474610,427,95818
24-03-2021,RU,Russian Federation,EURO,8861,4483471,401,96219
25-03-2021,RU,Russian Federation,EURO,9221,4492692,393,96612
26-03-2021,RU,Russian Federation,EURO,9167,4501859,405,97017
27-03-2021,RU,Russian Federation,EURO,8885,4510744,387,97404
28-03-2021,RU,Russian Federation,EURO,9088,4519832,336,97740
29-03-2021,RU,Russian Federation,EURO,8711,4528543,293,98033
30-03-2021,RU,Russian Federation,EURO,8277,4536820,409,98442
31-03-2021,RU,Russian Federation,EURO,8275,4545095,408,98850
01-04-2021,RU,Russian Federation,EURO,9169,4554264,383,99233
02-04-2021,RU,Russian Federation,EURO,8792,4563056,400,99633
03-04-2021,RU,Russian Federation,EURO,9021,4572077,384,100017
04-04-2021,RU,Russian Federation,EURO,8817,4580894,357,100374
05-04-2021,RU,Russian Federation,EURO,8646,4589540,343,100717
06-04-2021,RU,Russian Federation,EURO,8328,4597868,389,101106
07-04-2021,RU,Russian Federation,EURO,8294,4606162,374,101480
08-04-2021,RU,Russian Federation,EURO,8672,4614834,365,101845
09-04-2021,RU,Russian Federation,EURO,9150,4623984,402,102247
10-04-2021,RU,Russian Federation,EURO,8704,4632688,402,102649
11-04-2021,RU,Russian Federation,EURO,8702,4641390,337,102986
12-04-2021,RU,Russian Federation,EURO,8320,4649710,277,103263
13-04-2021,RU,Russian Federation,EURO,8173,4657883,338,103601
14-04-2021,RU,Russian Federation,EURO,8326,4666209,399,104000
15-04-2021,RU,Russian Federation,EURO,8944,4675153,398,104398
16-04-2021,RU,Russian Federation,EURO,8995,4684148,397,104795
17-04-2021,RU,Russian Federation,EURO,9321,4693469,398,105193
18-04-2021,RU,Russian Federation,EURO,8632,4702101,389,105582
19-04-2021,RU,Russian Federation,EURO,8589,4710690,346,105928
20-04-2021,RU,Russian Federation,EURO,8164,4718854,379,106307
21-04-2021,RU,Russian Federation,EURO,8271,4727125,399,106706
22-04-2021,RU,Russian Federation,EURO,8996,4736121,397,107103
23-04-2021,RU,Russian Federation,EURO,8840,4744961,398,107501
24-04-2021,RU,Russian Federation,EURO,8828,4753789,399,107900
25-04-2021,RU,Russian Federation,EURO,8780,4762569,332,108232
26-04-2021,RU,Russian Federation,EURO,8803,4771372,356,108588
27-04-2021,RU,Russian Federation,EURO,8053,4779425,392,108980
28-04-2021,RU,Russian Federation,EURO,7848,4787273,387,109367
29-04-2021,RU,Russian Federation,EURO,9284,4796557,364,109731
30-04-2021,RU,Russian Federation,EURO,8731,4805288,397,110128
01-05-2021,RU,Russian Federation,EURO,9270,4814558,392,110520
02-05-2021,RU,Russian Federation,EURO,8697,4823255,342,110862
03-05-2021,RU,Russian Federation,EURO,8489,4831744,336,111198
04-05-2021,RU,Russian Federation,EURO,7770,4839514,337,111535
05-05-2021,RU,Russian Federation,EURO,7975,4847489,360,111895
06-05-2021,RU,Russian Federation,EURO,7639,4855128,351,112246
07-05-2021,RU,Russian Federation,EURO,8386,4863514,376,112622
08-05-2021,RU,Russian Federation,EURO,8329,4871843,370,112992
09-05-2021,RU,Russian Federation,EURO,8419,4880262,334,113326
10-05-2021,RU,Russian Federation,EURO,8465,4888727,321,113647
11-05-2021,RU,Russian Federation,EURO,8115,4896842,329,113976
12-05-2021,RU,Russian Federation,EURO,8217,4905059,355,114331
13-05-2021,RU,Russian Federation,EURO,8380,4913439,392,114723
14-05-2021,RU,Russian Federation,EURO,9462,4922901,393,115116
15-05-2021,RU,Russian Federation,EURO,8790,4931691,364,115480
16-05-2021,RU,Russian Federation,EURO,8554,4940245,391,115871
17-05-2021,RU,Russian Federation,EURO,9328,4949573,340,116211
18-05-2021,RU,Russian Federation,EURO,8183,4957756,364,116575
19-05-2021,RU,Russian Federation,EURO,7920,4965676,390,116965
20-05-2021,RU,Russian Federation,EURO,9232,4974908,396,117361
21-05-2021,RU,Russian Federation,EURO,8937,4983845,378,117739
22-05-2021,RU,Russian Federation,EURO,8709,4992554,386,118125
23-05-2021,RU,Russian Federation,EURO,8951,5001505,357,118482
24-05-2021,RU,Russian Federation,EURO,8406,5009911,319,118801
25-05-2021,RU,Russian Federation,EURO,7884,5017795,393,119194
26-05-2021,RU,Russian Federation,EURO,8373,5026168,406,119600
27-05-2021,RU,Russian Federation,EURO,9039,5035207,402,120002
28-05-2021,RU,Russian Federation,EURO,9252,5044459,404,120406
29-05-2021,RU,Russian Federation,EURO,9289,5053748,401,120807
30-05-2021,RU,Russian Federation,EURO,9694,5063442,355,121162
01-01-2021,RW,Rwanda,AFRO,133,8383,6,92
02-01-2021,RW,Rwanda,AFRO,0,8383,0,92
03-01-2021,RW,Rwanda,AFRO,184,8567,6,98
04-01-2021,RW,Rwanda,AFRO,109,8676,3,101
05-01-2021,RW,Rwanda,AFRO,172,8848,4,105
06-01-2021,RW,Rwanda,AFRO,0,8848,0,105
07-01-2021,RW,Rwanda,AFRO,210,9058,7,112
08-01-2021,RW,Rwanda,AFRO,0,9058,0,112
09-01-2021,RW,Rwanda,AFRO,0,9058,0,112
10-01-2021,RW,Rwanda,AFRO,403,9461,6,118
11-01-2021,RW,Rwanda,AFRO,169,9630,2,120
12-01-2021,RW,Rwanda,AFRO,154,9784,4,124
13-01-2021,RW,Rwanda,AFRO,166,9950,1,125
14-01-2021,RW,Rwanda,AFRO,172,10122,3,128
15-01-2021,RW,Rwanda,AFRO,194,10316,5,133
16-01-2021,RW,Rwanda,AFRO,257,10573,5,138
17-01-2021,RW,Rwanda,AFRO,277,10850,2,140
18-01-2021,RW,Rwanda,AFRO,182,11032,2,142
19-01-2021,RW,Rwanda,AFRO,227,11259,4,146
20-01-2021,RW,Rwanda,AFRO,289,11548,2,148
21-01-2021,RW,Rwanda,AFRO,312,11860,5,153
22-01-2021,RW,Rwanda,AFRO,310,12170,9,162
23-01-2021,RW,Rwanda,AFRO,273,12443,3,165
24-01-2021,RW,Rwanda,AFRO,204,12647,7,172
25-01-2021,RW,Rwanda,AFRO,328,12975,2,174
26-01-2021,RW,Rwanda,AFRO,336,13311,3,177
27-01-2021,RW,Rwanda,AFRO,574,13885,4,181
28-01-2021,RW,Rwanda,AFRO,281,14166,2,183
29-01-2021,RW,Rwanda,AFRO,363,14529,0,183
30-01-2021,RW,Rwanda,AFRO,255,14784,5,188
31-01-2021,RW,Rwanda,AFRO,334,15118,5,193
01-02-2021,RW,Rwanda,AFRO,186,15304,3,196
02-02-2021,RW,Rwanda,AFRO,155,15459,2,198
03-02-2021,RW,Rwanda,AFRO,229,15688,7,205
04-02-2021,RW,Rwanda,AFRO,146,15834,3,208
05-02-2021,RW,Rwanda,AFRO,154,15988,2,210
06-02-2021,RW,Rwanda,AFRO,198,16186,3,213
07-02-2021,RW,Rwanda,AFRO,151,16337,4,217
08-02-2021,RW,Rwanda,AFRO,114,16451,3,220
09-02-2021,RW,Rwanda,AFRO,170,16621,3,223
10-02-2021,RW,Rwanda,AFRO,190,16811,3,226
11-02-2021,RW,Rwanda,AFRO,130,16941,3,229
12-02-2021,RW,Rwanda,AFRO,127,17068,2,231
13-02-2021,RW,Rwanda,AFRO,132,17200,5,236
14-02-2021,RW,Rwanda,AFRO,67,17267,0,236
15-02-2021,RW,Rwanda,AFRO,76,17343,3,239
16-02-2021,RW,Rwanda,AFRO,141,17484,0,239
17-02-2021,RW,Rwanda,AFRO,110,17594,1,240
18-02-2021,RW,Rwanda,AFRO,122,17716,3,243
19-02-2021,RW,Rwanda,AFRO,119,17835,0,243
20-02-2021,RW,Rwanda,AFRO,94,17929,2,245
21-02-2021,RW,Rwanda,AFRO,59,17988,2,247
22-02-2021,RW,Rwanda,AFRO,65,18053,2,249
23-02-2021,RW,Rwanda,AFRO,146,18199,3,252
24-02-2021,RW,Rwanda,AFRO,126,18325,1,253
25-02-2021,RW,Rwanda,AFRO,118,18443,1,254
26-02-2021,RW,Rwanda,AFRO,110,18553,4,258
27-02-2021,RW,Rwanda,AFRO,136,18689,0,258
28-02-2021,RW,Rwanda,AFRO,101,18790,3,261
01-03-2021,RW,Rwanda,AFRO,60,18850,0,261
02-03-2021,RW,Rwanda,AFRO,136,18986,3,264
03-03-2021,RW,Rwanda,AFRO,125,19111,1,265
04-03-2021,RW,Rwanda,AFRO,87,19198,0,265
05-03-2021,RW,Rwanda,AFRO,136,19334,1,266
06-03-2021,RW,Rwanda,AFRO,92,19426,1,267
07-03-2021,RW,Rwanda,AFRO,0,19426,0,267
08-03-2021,RW,Rwanda,AFRO,83,19509,0,267
09-03-2021,RW,Rwanda,AFRO,150,19659,1,268
10-03-2021,RW,Rwanda,AFRO,120,19779,2,270
11-03-2021,RW,Rwanda,AFRO,67,19846,1,271
12-03-2021,RW,Rwanda,AFRO,99,19945,2,273
13-03-2021,RW,Rwanda,AFRO,0,19945,0,273
14-03-2021,RW,Rwanda,AFRO,198,20143,3,276
15-03-2021,RW,Rwanda,AFRO,0,20143,0,276
16-03-2021,RW,Rwanda,AFRO,0,20143,0,276
17-03-2021,RW,Rwanda,AFRO,0,20143,0,276
18-03-2021,RW,Rwanda,AFRO,337,20480,7,283
19-03-2021,RW,Rwanda,AFRO,71,20551,1,284
20-03-2021,RW,Rwanda,AFRO,130,20681,3,287
21-03-2021,RW,Rwanda,AFRO,80,20761,0,287
22-03-2021,RW,Rwanda,AFRO,67,20828,3,290
23-03-2021,RW,Rwanda,AFRO,68,20896,2,292
24-03-2021,RW,Rwanda,AFRO,79,20975,3,295
25-03-2021,RW,Rwanda,AFRO,131,21106,2,297
26-03-2021,RW,Rwanda,AFRO,104,21210,1,298
27-03-2021,RW,Rwanda,AFRO,99,21309,2,300
28-03-2021,RW,Rwanda,AFRO,0,21309,0,300
29-03-2021,RW,Rwanda,AFRO,110,21419,1,301
30-03-2021,RW,Rwanda,AFRO,71,21490,4,305
31-03-2021,RW,Rwanda,AFRO,155,21645,1,306
01-04-2021,RW,Rwanda,AFRO,138,21783,1,307
02-04-2021,RW,Rwanda,AFRO,135,21918,1,308
03-04-2021,RW,Rwanda,AFRO,249,22167,2,310
04-04-2021,RW,Rwanda,AFRO,76,22243,1,311
05-04-2021,RW,Rwanda,AFRO,239,22482,0,311
06-04-2021,RW,Rwanda,AFRO,202,22684,0,311
07-04-2021,RW,Rwanda,AFRO,178,22862,3,314
08-04-2021,RW,Rwanda,AFRO,179,23041,0,314
09-04-2021,RW,Rwanda,AFRO,111,23152,0,314
10-04-2021,RW,Rwanda,AFRO,108,23260,0,314
11-04-2021,RW,Rwanda,AFRO,83,23343,0,314
12-04-2021,RW,Rwanda,AFRO,83,23426,1,315
13-04-2021,RW,Rwanda,AFRO,109,23535,1,316
14-04-2021,RW,Rwanda,AFRO,68,23603,0,316
15-04-2021,RW,Rwanda,AFRO,69,23672,1,317
16-04-2021,RW,Rwanda,AFRO,72,23744,4,321
17-04-2021,RW,Rwanda,AFRO,68,23812,1,322
18-04-2021,RW,Rwanda,AFRO,54,23866,0,322
19-04-2021,RW,Rwanda,AFRO,22,23888,3,325
20-04-2021,RW,Rwanda,AFRO,46,23934,1,326
21-04-2021,RW,Rwanda,AFRO,71,24005,1,327
22-04-2021,RW,Rwanda,AFRO,107,24112,0,327
23-04-2021,RW,Rwanda,AFRO,150,24262,1,328
24-04-2021,RW,Rwanda,AFRO,197,24459,0,328
25-04-2021,RW,Rwanda,AFRO,76,24535,0,328
26-04-2021,RW,Rwanda,AFRO,58,24593,2,330
27-04-2021,RW,Rwanda,AFRO,84,24677,0,330
28-04-2021,RW,Rwanda,AFRO,137,24814,1,331
29-04-2021,RW,Rwanda,AFRO,74,24888,1,332
30-04-2021,RW,Rwanda,AFRO,107,24995,1,333
01-05-2021,RW,Rwanda,AFRO,121,25116,2,335
02-05-2021,RW,Rwanda,AFRO,109,25225,0,335
03-05-2021,RW,Rwanda,AFRO,28,25253,2,337
04-05-2021,RW,Rwanda,AFRO,58,25311,0,337
05-05-2021,RW,Rwanda,AFRO,40,25351,0,337
06-05-2021,RW,Rwanda,AFRO,70,25421,1,338
07-05-2021,RW,Rwanda,AFRO,65,25486,0,338
08-05-2021,RW,Rwanda,AFRO,53,25539,0,338
09-05-2021,RW,Rwanda,AFRO,47,25586,0,338
10-05-2021,RW,Rwanda,AFRO,66,25652,0,338
11-05-2021,RW,Rwanda,AFRO,62,25714,0,338
12-05-2021,RW,Rwanda,AFRO,59,25773,2,340
13-05-2021,RW,Rwanda,AFRO,73,25846,0,340
14-05-2021,RW,Rwanda,AFRO,88,25934,2,342
15-05-2021,RW,Rwanda,AFRO,0,25934,0,342
16-05-2021,RW,Rwanda,AFRO,0,25934,0,342
17-05-2021,RW,Rwanda,AFRO,42,25976,2,344
18-05-2021,RW,Rwanda,AFRO,239,26215,1,345
19-05-2021,RW,Rwanda,AFRO,129,26344,1,346
20-05-2021,RW,Rwanda,AFRO,80,26424,2,348
21-05-2021,RW,Rwanda,AFRO,0,26424,0,348
22-05-2021,RW,Rwanda,AFRO,0,26424,0,348
23-05-2021,RW,Rwanda,AFRO,0,26424,0,348
24-05-2021,RW,Rwanda,AFRO,264,26688,1,349
25-05-2021,RW,Rwanda,AFRO,0,26688,0,349
26-05-2021,RW,Rwanda,AFRO,92,26780,0,349
27-05-2021,RW,Rwanda,AFRO,0,26780,0,349
28-05-2021,RW,Rwanda,AFRO,0,26780,0,349
29-05-2021,RW,Rwanda,AFRO,0,26780,0,349
30-05-2021,RW,Rwanda,AFRO,0,26780,0,349
01-01-2021,XC,Saba,AMRO,0,5,0,0
02-01-2021,XC,Saba,AMRO,0,5,0,0
03-01-2021,XC,Saba,AMRO,0,5,0,0
04-01-2021,XC,Saba,AMRO,0,5,0,0
05-01-2021,XC,Saba,AMRO,0,5,0,0
06-01-2021,XC,Saba,AMRO,0,5,0,0
07-01-2021,XC,Saba,AMRO,0,5,0,0
08-01-2021,XC,Saba,AMRO,0,5,0,0
09-01-2021,XC,Saba,AMRO,0,5,0,0
10-01-2021,XC,Saba,AMRO,0,5,0,0
11-01-2021,XC,Saba,AMRO,0,5,0,0
12-01-2021,XC,Saba,AMRO,0,5,0,0
13-01-2021,XC,Saba,AMRO,0,5,0,0
14-01-2021,XC,Saba,AMRO,0,5,0,0
15-01-2021,XC,Saba,AMRO,0,5,0,0
16-01-2021,XC,Saba,AMRO,0,5,0,0
17-01-2021,XC,Saba,AMRO,0,5,0,0
18-01-2021,XC,Saba,AMRO,0,5,0,0
19-01-2021,XC,Saba,AMRO,0,5,0,0
20-01-2021,XC,Saba,AMRO,0,5,0,0
21-01-2021,XC,Saba,AMRO,1,6,0,0
22-01-2021,XC,Saba,AMRO,0,6,0,0
23-01-2021,XC,Saba,AMRO,0,6,0,0
24-01-2021,XC,Saba,AMRO,0,6,0,0
25-01-2021,XC,Saba,AMRO,0,6,0,0
26-01-2021,XC,Saba,AMRO,0,6,0,0
27-01-2021,XC,Saba,AMRO,0,6,0,0
28-01-2021,XC,Saba,AMRO,0,6,0,0
29-01-2021,XC,Saba,AMRO,0,6,0,0
30-01-2021,XC,Saba,AMRO,0,6,0,0
31-01-2021,XC,Saba,AMRO,0,6,0,0
01-02-2021,XC,Saba,AMRO,0,6,0,0
02-02-2021,XC,Saba,AMRO,0,6,0,0
03-02-2021,XC,Saba,AMRO,0,6,0,0
04-02-2021,XC,Saba,AMRO,0,6,0,0
05-02-2021,XC,Saba,AMRO,0,6,0,0
06-02-2021,XC,Saba,AMRO,0,6,0,0
07-02-2021,XC,Saba,AMRO,0,6,0,0
08-02-2021,XC,Saba,AMRO,0,6,0,0
09-02-2021,XC,Saba,AMRO,0,6,0,0
10-02-2021,XC,Saba,AMRO,0,6,0,0
11-02-2021,XC,Saba,AMRO,0,6,0,0
12-02-2021,XC,Saba,AMRO,0,6,0,0
13-02-2021,XC,Saba,AMRO,0,6,0,0
14-02-2021,XC,Saba,AMRO,0,6,0,0
15-02-2021,XC,Saba,AMRO,0,6,0,0
16-02-2021,XC,Saba,AMRO,0,6,0,0
17-02-2021,XC,Saba,AMRO,0,6,0,0
18-02-2021,XC,Saba,AMRO,0,6,0,0
19-02-2021,XC,Saba,AMRO,0,6,0,0
20-02-2021,XC,Saba,AMRO,0,6,0,0
21-02-2021,XC,Saba,AMRO,0,6,0,0
22-02-2021,XC,Saba,AMRO,0,6,0,0
23-02-2021,XC,Saba,AMRO,0,6,0,0
24-02-2021,XC,Saba,AMRO,0,6,0,0
25-02-2021,XC,Saba,AMRO,0,6,0,0
26-02-2021,XC,Saba,AMRO,0,6,0,0
27-02-2021,XC,Saba,AMRO,0,6,0,0
28-02-2021,XC,Saba,AMRO,0,6,0,0
01-03-2021,XC,Saba,AMRO,0,6,0,0
02-03-2021,XC,Saba,AMRO,0,6,0,0
03-03-2021,XC,Saba,AMRO,0,6,0,0
04-03-2021,XC,Saba,AMRO,0,6,0,0
05-03-2021,XC,Saba,AMRO,0,6,0,0
06-03-2021,XC,Saba,AMRO,0,6,0,0
07-03-2021,XC,Saba,AMRO,0,6,0,0
08-03-2021,XC,Saba,AMRO,0,6,0,0
09-03-2021,XC,Saba,AMRO,0,6,0,0
10-03-2021,XC,Saba,AMRO,0,6,0,0
11-03-2021,XC,Saba,AMRO,0,6,0,0
12-03-2021,XC,Saba,AMRO,0,6,0,0
13-03-2021,XC,Saba,AMRO,0,6,0,0
14-03-2021,XC,Saba,AMRO,0,6,0,0
15-03-2021,XC,Saba,AMRO,0,6,0,0
16-03-2021,XC,Saba,AMRO,0,6,0,0
17-03-2021,XC,Saba,AMRO,0,6,0,0
18-03-2021,XC,Saba,AMRO,0,6,0,0
19-03-2021,XC,Saba,AMRO,0,6,0,0
20-03-2021,XC,Saba,AMRO,0,6,0,0
21-03-2021,XC,Saba,AMRO,0,6,0,0
22-03-2021,XC,Saba,AMRO,0,6,0,0
23-03-2021,XC,Saba,AMRO,0,6,0,0
24-03-2021,XC,Saba,AMRO,0,6,0,0
25-03-2021,XC,Saba,AMRO,0,6,0,0
26-03-2021,XC,Saba,AMRO,0,6,0,0
27-03-2021,XC,Saba,AMRO,0,6,0,0
28-03-2021,XC,Saba,AMRO,0,6,0,0
29-03-2021,XC,Saba,AMRO,0,6,0,0
30-03-2021,XC,Saba,AMRO,0,6,0,0
31-03-2021,XC,Saba,AMRO,0,6,0,0
01-04-2021,XC,Saba,AMRO,0,6,0,0
02-04-2021,XC,Saba,AMRO,0,6,0,0
03-04-2021,XC,Saba,AMRO,0,6,0,0
04-04-2021,XC,Saba,AMRO,0,6,0,0
05-04-2021,XC,Saba,AMRO,0,6,0,0
06-04-2021,XC,Saba,AMRO,0,6,0,0
07-04-2021,XC,Saba,AMRO,0,6,0,0
08-04-2021,XC,Saba,AMRO,0,6,0,0
09-04-2021,XC,Saba,AMRO,0,6,0,0
10-04-2021,XC,Saba,AMRO,0,6,0,0
11-04-2021,XC,Saba,AMRO,0,6,0,0
12-04-2021,XC,Saba,AMRO,0,6,0,0
13-04-2021,XC,Saba,AMRO,0,6,0,0
14-04-2021,XC,Saba,AMRO,0,6,0,0
15-04-2021,XC,Saba,AMRO,0,6,0,0
16-04-2021,XC,Saba,AMRO,0,6,0,0
17-04-2021,XC,Saba,AMRO,0,6,0,0
18-04-2021,XC,Saba,AMRO,0,6,0,0
19-04-2021,XC,Saba,AMRO,0,6,0,0
20-04-2021,XC,Saba,AMRO,0,6,0,0
21-04-2021,XC,Saba,AMRO,0,6,0,0
22-04-2021,XC,Saba,AMRO,0,6,0,0
23-04-2021,XC,Saba,AMRO,0,6,0,0
24-04-2021,XC,Saba,AMRO,0,6,0,0
25-04-2021,XC,Saba,AMRO,0,6,0,0
26-04-2021,XC,Saba,AMRO,0,6,0,0
27-04-2021,XC,Saba,AMRO,0,6,0,0
28-04-2021,XC,Saba,AMRO,0,6,0,0
29-04-2021,XC,Saba,AMRO,0,6,0,0
30-04-2021,XC,Saba,AMRO,0,6,0,0
01-05-2021,XC,Saba,AMRO,0,6,0,0
02-05-2021,XC,Saba,AMRO,0,6,0,0
03-05-2021,XC,Saba,AMRO,0,6,0,0
04-05-2021,XC,Saba,AMRO,1,7,0,0
05-05-2021,XC,Saba,AMRO,0,7,0,0
06-05-2021,XC,Saba,AMRO,0,7,0,0
07-05-2021,XC,Saba,AMRO,0,7,0,0
08-05-2021,XC,Saba,AMRO,0,7,0,0
09-05-2021,XC,Saba,AMRO,0,7,0,0
10-05-2021,XC,Saba,AMRO,0,7,0,0
11-05-2021,XC,Saba,AMRO,0,7,0,0
12-05-2021,XC,Saba,AMRO,0,7,0,0
13-05-2021,XC,Saba,AMRO,0,7,0,0
14-05-2021,XC,Saba,AMRO,0,7,0,0
15-05-2021,XC,Saba,AMRO,0,7,0,0
16-05-2021,XC,Saba,AMRO,0,7,0,0
17-05-2021,XC,Saba,AMRO,0,7,0,0
18-05-2021,XC,Saba,AMRO,0,7,0,0
19-05-2021,XC,Saba,AMRO,0,7,0,0
20-05-2021,XC,Saba,AMRO,0,7,0,0
21-05-2021,XC,Saba,AMRO,0,7,0,0
22-05-2021,XC,Saba,AMRO,0,7,0,0
23-05-2021,XC,Saba,AMRO,0,7,0,0
24-05-2021,XC,Saba,AMRO,0,7,0,0
25-05-2021,XC,Saba,AMRO,0,7,0,0
26-05-2021,XC,Saba,AMRO,0,7,0,0
27-05-2021,XC,Saba,AMRO,0,7,0,0
28-05-2021,XC,Saba,AMRO,0,7,0,0
29-05-2021,XC,Saba,AMRO,0,7,0,0
30-05-2021,XC,Saba,AMRO,0,7,0,0
01-01-2021,BL,Saint Barthélemy,AMRO,1,190,0,0
02-01-2021,BL,Saint Barthélemy,AMRO,0,190,0,0
03-01-2021,BL,Saint Barthélemy,AMRO,0,190,0,0
04-01-2021,BL,Saint Barthélemy,AMRO,0,190,0,0
05-01-2021,BL,Saint Barthélemy,AMRO,1,191,0,0
06-01-2021,BL,Saint Barthélemy,AMRO,0,191,0,0
07-01-2021,BL,Saint Barthélemy,AMRO,0,191,0,0
08-01-2021,BL,Saint Barthélemy,AMRO,0,191,0,0
09-01-2021,BL,Saint Barthélemy,AMRO,0,191,0,0
10-01-2021,BL,Saint Barthélemy,AMRO,0,191,0,0
11-01-2021,BL,Saint Barthélemy,AMRO,0,191,0,0
12-01-2021,BL,Saint Barthélemy,AMRO,33,224,0,0
13-01-2021,BL,Saint Barthélemy,AMRO,0,224,0,0
14-01-2021,BL,Saint Barthélemy,AMRO,0,224,0,0
15-01-2021,BL,Saint Barthélemy,AMRO,0,224,0,0
16-01-2021,BL,Saint Barthélemy,AMRO,0,224,0,0
17-01-2021,BL,Saint Barthélemy,AMRO,0,224,0,0
18-01-2021,BL,Saint Barthélemy,AMRO,0,224,0,0
19-01-2021,BL,Saint Barthélemy,AMRO,57,281,0,0
20-01-2021,BL,Saint Barthélemy,AMRO,0,281,0,0
21-01-2021,BL,Saint Barthélemy,AMRO,0,281,0,0
22-01-2021,BL,Saint Barthélemy,AMRO,0,281,0,0
23-01-2021,BL,Saint Barthélemy,AMRO,95,376,0,0
24-01-2021,BL,Saint Barthélemy,AMRO,0,376,0,0
25-01-2021,BL,Saint Barthélemy,AMRO,0,376,0,0
26-01-2021,BL,Saint Barthélemy,AMRO,0,376,0,0
27-01-2021,BL,Saint Barthélemy,AMRO,0,376,0,0
28-01-2021,BL,Saint Barthélemy,AMRO,0,376,0,0
29-01-2021,BL,Saint Barthélemy,AMRO,0,376,0,0
30-01-2021,BL,Saint Barthélemy,AMRO,0,376,0,0
31-01-2021,BL,Saint Barthélemy,AMRO,3,379,0,0
01-02-2021,BL,Saint Barthélemy,AMRO,0,379,0,0
02-02-2021,BL,Saint Barthélemy,AMRO,0,379,0,0
03-02-2021,BL,Saint Barthélemy,AMRO,0,379,0,0
04-02-2021,BL,Saint Barthélemy,AMRO,0,379,0,0
05-02-2021,BL,Saint Barthélemy,AMRO,0,379,0,0
06-02-2021,BL,Saint Barthélemy,AMRO,0,379,0,0
07-02-2021,BL,Saint Barthélemy,AMRO,0,379,0,0
08-02-2021,BL,Saint Barthélemy,AMRO,0,379,0,0
09-02-2021,BL,Saint Barthélemy,AMRO,46,425,0,0
10-02-2021,BL,Saint Barthélemy,AMRO,0,425,0,0
11-02-2021,BL,Saint Barthélemy,AMRO,0,425,0,0
12-02-2021,BL,Saint Barthélemy,AMRO,0,425,0,0
13-02-2021,BL,Saint Barthélemy,AMRO,0,425,0,0
14-02-2021,BL,Saint Barthélemy,AMRO,50,475,0,0
15-02-2021,BL,Saint Barthélemy,AMRO,0,475,0,0
16-02-2021,BL,Saint Barthélemy,AMRO,0,475,0,0
17-02-2021,BL,Saint Barthélemy,AMRO,0,475,0,0
18-02-2021,BL,Saint Barthélemy,AMRO,0,475,0,0
19-02-2021,BL,Saint Barthélemy,AMRO,0,475,0,0
20-02-2021,BL,Saint Barthélemy,AMRO,0,475,0,0
21-02-2021,BL,Saint Barthélemy,AMRO,0,475,0,0
22-02-2021,BL,Saint Barthélemy,AMRO,0,475,0,0
23-02-2021,BL,Saint Barthélemy,AMRO,58,533,0,0
24-02-2021,BL,Saint Barthélemy,AMRO,0,533,0,0
25-02-2021,BL,Saint Barthélemy,AMRO,0,533,0,0
26-02-2021,BL,Saint Barthélemy,AMRO,0,533,0,0
27-02-2021,BL,Saint Barthélemy,AMRO,79,612,0,0
28-02-2021,BL,Saint Barthélemy,AMRO,0,612,0,0
01-03-2021,BL,Saint Barthélemy,AMRO,0,612,0,0
02-03-2021,BL,Saint Barthélemy,AMRO,0,612,0,0
03-03-2021,BL,Saint Barthélemy,AMRO,0,612,0,0
04-03-2021,BL,Saint Barthélemy,AMRO,0,612,0,0
05-03-2021,BL,Saint Barthélemy,AMRO,0,612,0,0
06-03-2021,BL,Saint Barthélemy,AMRO,59,671,0,0
07-03-2021,BL,Saint Barthélemy,AMRO,0,671,0,0
08-03-2021,BL,Saint Barthélemy,AMRO,0,671,0,0
09-03-2021,BL,Saint Barthélemy,AMRO,0,671,0,0
10-03-2021,BL,Saint Barthélemy,AMRO,0,671,0,0
11-03-2021,BL,Saint Barthélemy,AMRO,0,671,0,0
12-03-2021,BL,Saint Barthélemy,AMRO,0,671,0,0
13-03-2021,BL,Saint Barthélemy,AMRO,0,671,0,0
14-03-2021,BL,Saint Barthélemy,AMRO,54,725,1,1
15-03-2021,BL,Saint Barthélemy,AMRO,0,725,0,1
16-03-2021,BL,Saint Barthélemy,AMRO,0,725,0,1
17-03-2021,BL,Saint Barthélemy,AMRO,0,725,0,1
18-03-2021,BL,Saint Barthélemy,AMRO,0,725,0,1
19-03-2021,BL,Saint Barthélemy,AMRO,0,725,0,1
20-03-2021,BL,Saint Barthélemy,AMRO,0,725,0,1
21-03-2021,BL,Saint Barthélemy,AMRO,51,776,0,1
22-03-2021,BL,Saint Barthélemy,AMRO,0,776,0,1
23-03-2021,BL,Saint Barthélemy,AMRO,0,776,0,1
24-03-2021,BL,Saint Barthélemy,AMRO,0,776,0,1
25-03-2021,BL,Saint Barthélemy,AMRO,0,776,0,1
26-03-2021,BL,Saint Barthélemy,AMRO,0,776,0,1
27-03-2021,BL,Saint Barthélemy,AMRO,0,776,0,1
28-03-2021,BL,Saint Barthélemy,AMRO,81,857,0,1
29-03-2021,BL,Saint Barthélemy,AMRO,0,857,0,1
30-03-2021,BL,Saint Barthélemy,AMRO,0,857,0,1
31-03-2021,BL,Saint Barthélemy,AMRO,0,857,0,1
01-04-2021,BL,Saint Barthélemy,AMRO,0,857,0,1
02-04-2021,BL,Saint Barthélemy,AMRO,0,857,0,1
03-04-2021,BL,Saint Barthélemy,AMRO,53,910,0,1
04-04-2021,BL,Saint Barthélemy,AMRO,0,910,0,1
05-04-2021,BL,Saint Barthélemy,AMRO,0,910,0,1
06-04-2021,BL,Saint Barthélemy,AMRO,0,910,0,1
07-04-2021,BL,Saint Barthélemy,AMRO,0,910,0,1
08-04-2021,BL,Saint Barthélemy,AMRO,0,910,0,1
09-04-2021,BL,Saint Barthélemy,AMRO,0,910,0,1
10-04-2021,BL,Saint Barthélemy,AMRO,18,928,0,1
11-04-2021,BL,Saint Barthélemy,AMRO,0,928,0,1
12-04-2021,BL,Saint Barthélemy,AMRO,0,928,0,1
13-04-2021,BL,Saint Barthélemy,AMRO,0,928,0,1
14-04-2021,BL,Saint Barthélemy,AMRO,0,928,0,1
15-04-2021,BL,Saint Barthélemy,AMRO,0,928,0,1
16-04-2021,BL,Saint Barthélemy,AMRO,0,928,0,1
17-04-2021,BL,Saint Barthélemy,AMRO,0,928,0,1
18-04-2021,BL,Saint Barthélemy,AMRO,26,954,0,1
19-04-2021,BL,Saint Barthélemy,AMRO,0,954,0,1
20-04-2021,BL,Saint Barthélemy,AMRO,0,954,0,1
21-04-2021,BL,Saint Barthélemy,AMRO,0,954,0,1
22-04-2021,BL,Saint Barthélemy,AMRO,0,954,0,1
23-04-2021,BL,Saint Barthélemy,AMRO,0,954,0,1
24-04-2021,BL,Saint Barthélemy,AMRO,0,954,0,1
25-04-2021,BL,Saint Barthélemy,AMRO,22,976,0,1
26-04-2021,BL,Saint Barthélemy,AMRO,0,976,0,1
27-04-2021,BL,Saint Barthélemy,AMRO,0,976,0,1
28-04-2021,BL,Saint Barthélemy,AMRO,0,976,0,1
29-04-2021,BL,Saint Barthélemy,AMRO,0,976,0,1
30-04-2021,BL,Saint Barthélemy,AMRO,0,976,0,1
01-05-2021,BL,Saint Barthélemy,AMRO,0,976,0,1
02-05-2021,BL,Saint Barthélemy,AMRO,12,988,0,1
03-05-2021,BL,Saint Barthélemy,AMRO,0,988,0,1
04-05-2021,BL,Saint Barthélemy,AMRO,0,988,0,1
05-05-2021,BL,Saint Barthélemy,AMRO,0,988,0,1
06-05-2021,BL,Saint Barthélemy,AMRO,0,988,0,1
07-05-2021,BL,Saint Barthélemy,AMRO,0,988,0,1
08-05-2021,BL,Saint Barthélemy,AMRO,6,994,0,1
09-05-2021,BL,Saint Barthélemy,AMRO,0,994,0,1
10-05-2021,BL,Saint Barthélemy,AMRO,0,994,0,1
11-05-2021,BL,Saint Barthélemy,AMRO,0,994,0,1
12-05-2021,BL,Saint Barthélemy,AMRO,0,994,0,1
13-05-2021,BL,Saint Barthélemy,AMRO,0,994,0,1
14-05-2021,BL,Saint Barthélemy,AMRO,0,994,0,1
15-05-2021,BL,Saint Barthélemy,AMRO,0,994,0,1
16-05-2021,BL,Saint Barthélemy,AMRO,16,1010,0,1
17-05-2021,BL,Saint Barthélemy,AMRO,0,1010,0,1
18-05-2021,BL,Saint Barthélemy,AMRO,0,1010,0,1
19-05-2021,BL,Saint Barthélemy,AMRO,0,1010,0,1
20-05-2021,BL,Saint Barthélemy,AMRO,0,1010,0,1
21-05-2021,BL,Saint Barthélemy,AMRO,0,1010,0,1
22-05-2021,BL,Saint Barthélemy,AMRO,0,1010,0,1
23-05-2021,BL,Saint Barthélemy,AMRO,6,1016,0,1
24-05-2021,BL,Saint Barthélemy,AMRO,0,1016,0,1
25-05-2021,BL,Saint Barthélemy,AMRO,0,1016,0,1
26-05-2021,BL,Saint Barthélemy,AMRO,0,1016,0,1
27-05-2021,BL,Saint Barthélemy,AMRO,0,1016,0,1
28-05-2021,BL,Saint Barthélemy,AMRO,0,1016,0,1
29-05-2021,BL,Saint Barthélemy,AMRO,0,1016,0,1
30-05-2021,BL,Saint Barthélemy,AMRO,7,1023,0,1
01-01-2021,SH,Saint Helena,AFRO,0,0,0,0
02-01-2021,SH,Saint Helena,AFRO,0,0,0,0
03-01-2021,SH,Saint Helena,AFRO,0,0,0,0
04-01-2021,SH,Saint Helena,AFRO,0,0,0,0
05-01-2021,SH,Saint Helena,AFRO,0,0,0,0
06-01-2021,SH,Saint Helena,AFRO,0,0,0,0
07-01-2021,SH,Saint Helena,AFRO,0,0,0,0
08-01-2021,SH,Saint Helena,AFRO,0,0,0,0
09-01-2021,SH,Saint Helena,AFRO,0,0,0,0
10-01-2021,SH,Saint Helena,AFRO,0,0,0,0
11-01-2021,SH,Saint Helena,AFRO,0,0,0,0
12-01-2021,SH,Saint Helena,AFRO,0,0,0,0
13-01-2021,SH,Saint Helena,AFRO,0,0,0,0
14-01-2021,SH,Saint Helena,AFRO,0,0,0,0
15-01-2021,SH,Saint Helena,AFRO,0,0,0,0
16-01-2021,SH,Saint Helena,AFRO,0,0,0,0
17-01-2021,SH,Saint Helena,AFRO,0,0,0,0
18-01-2021,SH,Saint Helena,AFRO,0,0,0,0
19-01-2021,SH,Saint Helena,AFRO,0,0,0,0
20-01-2021,SH,Saint Helena,AFRO,0,0,0,0
21-01-2021,SH,Saint Helena,AFRO,0,0,0,0
22-01-2021,SH,Saint Helena,AFRO,0,0,0,0
23-01-2021,SH,Saint Helena,AFRO,0,0,0,0
24-01-2021,SH,Saint Helena,AFRO,0,0,0,0
25-01-2021,SH,Saint Helena,AFRO,0,0,0,0
26-01-2021,SH,Saint Helena,AFRO,0,0,0,0
27-01-2021,SH,Saint Helena,AFRO,0,0,0,0
28-01-2021,SH,Saint Helena,AFRO,0,0,0,0
29-01-2021,SH,Saint Helena,AFRO,0,0,0,0
30-01-2021,SH,Saint Helena,AFRO,0,0,0,0
31-01-2021,SH,Saint Helena,AFRO,0,0,0,0
01-02-2021,SH,Saint Helena,AFRO,0,0,0,0
02-02-2021,SH,Saint Helena,AFRO,0,0,0,0
03-02-2021,SH,Saint Helena,AFRO,0,0,0,0
04-02-2021,SH,Saint Helena,AFRO,0,0,0,0
05-02-2021,SH,Saint Helena,AFRO,0,0,0,0
06-02-2021,SH,Saint Helena,AFRO,0,0,0,0
07-02-2021,SH,Saint Helena,AFRO,0,0,0,0
08-02-2021,SH,Saint Helena,AFRO,0,0,0,0
09-02-2021,SH,Saint Helena,AFRO,0,0,0,0
10-02-2021,SH,Saint Helena,AFRO,0,0,0,0
11-02-2021,SH,Saint Helena,AFRO,0,0,0,0
12-02-2021,SH,Saint Helena,AFRO,0,0,0,0
13-02-2021,SH,Saint Helena,AFRO,0,0,0,0
14-02-2021,SH,Saint Helena,AFRO,0,0,0,0
15-02-2021,SH,Saint Helena,AFRO,0,0,0,0
16-02-2021,SH,Saint Helena,AFRO,0,0,0,0
17-02-2021,SH,Saint Helena,AFRO,0,0,0,0
18-02-2021,SH,Saint Helena,AFRO,0,0,0,0
19-02-2021,SH,Saint Helena,AFRO,0,0,0,0
20-02-2021,SH,Saint Helena,AFRO,0,0,0,0
21-02-2021,SH,Saint Helena,AFRO,0,0,0,0
22-02-2021,SH,Saint Helena,AFRO,0,0,0,0
23-02-2021,SH,Saint Helena,AFRO,0,0,0,0
24-02-2021,SH,Saint Helena,AFRO,0,0,0,0
25-02-2021,SH,Saint Helena,AFRO,0,0,0,0
26-02-2021,SH,Saint Helena,AFRO,0,0,0,0
27-02-2021,SH,Saint Helena,AFRO,0,0,0,0
28-02-2021,SH,Saint Helena,AFRO,0,0,0,0
01-03-2021,SH,Saint Helena,AFRO,0,0,0,0
02-03-2021,SH,Saint Helena,AFRO,0,0,0,0
03-03-2021,SH,Saint Helena,AFRO,0,0,0,0
04-03-2021,SH,Saint Helena,AFRO,0,0,0,0
05-03-2021,SH,Saint Helena,AFRO,0,0,0,0
06-03-2021,SH,Saint Helena,AFRO,0,0,0,0
07-03-2021,SH,Saint Helena,AFRO,0,0,0,0
08-03-2021,SH,Saint Helena,AFRO,0,0,0,0
09-03-2021,SH,Saint Helena,AFRO,0,0,0,0
10-03-2021,SH,Saint Helena,AFRO,0,0,0,0
11-03-2021,SH,Saint Helena,AFRO,0,0,0,0
12-03-2021,SH,Saint Helena,AFRO,0,0,0,0
13-03-2021,SH,Saint Helena,AFRO,0,0,0,0
14-03-2021,SH,Saint Helena,AFRO,0,0,0,0
15-03-2021,SH,Saint Helena,AFRO,0,0,0,0
16-03-2021,SH,Saint Helena,AFRO,0,0,0,0
17-03-2021,SH,Saint Helena,AFRO,0,0,0,0
18-03-2021,SH,Saint Helena,AFRO,0,0,0,0
19-03-2021,SH,Saint Helena,AFRO,0,0,0,0
20-03-2021,SH,Saint Helena,AFRO,0,0,0,0
21-03-2021,SH,Saint Helena,AFRO,0,0,0,0
22-03-2021,SH,Saint Helena,AFRO,0,0,0,0
23-03-2021,SH,Saint Helena,AFRO,0,0,0,0
24-03-2021,SH,Saint Helena,AFRO,0,0,0,0
25-03-2021,SH,Saint Helena,AFRO,0,0,0,0
26-03-2021,SH,Saint Helena,AFRO,0,0,0,0
27-03-2021,SH,Saint Helena,AFRO,0,0,0,0
28-03-2021,SH,Saint Helena,AFRO,0,0,0,0
29-03-2021,SH,Saint Helena,AFRO,0,0,0,0
30-03-2021,SH,Saint Helena,AFRO,0,0,0,0
31-03-2021,SH,Saint Helena,AFRO,0,0,0,0
01-04-2021,SH,Saint Helena,AFRO,0,0,0,0
02-04-2021,SH,Saint Helena,AFRO,0,0,0,0
03-04-2021,SH,Saint Helena,AFRO,0,0,0,0
04-04-2021,SH,Saint Helena,AFRO,0,0,0,0
05-04-2021,SH,Saint Helena,AFRO,0,0,0,0
06-04-2021,SH,Saint Helena,AFRO,0,0,0,0
07-04-2021,SH,Saint Helena,AFRO,0,0,0,0
08-04-2021,SH,Saint Helena,AFRO,0,0,0,0
09-04-2021,SH,Saint Helena,AFRO,0,0,0,0
10-04-2021,SH,Saint Helena,AFRO,0,0,0,0
11-04-2021,SH,Saint Helena,AFRO,0,0,0,0
12-04-2021,SH,Saint Helena,AFRO,0,0,0,0
13-04-2021,SH,Saint Helena,AFRO,0,0,0,0
14-04-2021,SH,Saint Helena,AFRO,0,0,0,0
15-04-2021,SH,Saint Helena,AFRO,0,0,0,0
16-04-2021,SH,Saint Helena,AFRO,0,0,0,0
17-04-2021,SH,Saint Helena,AFRO,0,0,0,0
18-04-2021,SH,Saint Helena,AFRO,0,0,0,0
19-04-2021,SH,Saint Helena,AFRO,0,0,0,0
20-04-2021,SH,Saint Helena,AFRO,0,0,0,0
21-04-2021,SH,Saint Helena,AFRO,0,0,0,0
22-04-2021,SH,Saint Helena,AFRO,0,0,0,0
23-04-2021,SH,Saint Helena,AFRO,0,0,0,0
24-04-2021,SH,Saint Helena,AFRO,0,0,0,0
25-04-2021,SH,Saint Helena,AFRO,0,0,0,0
26-04-2021,SH,Saint Helena,AFRO,0,0,0,0
27-04-2021,SH,Saint Helena,AFRO,0,0,0,0
28-04-2021,SH,Saint Helena,AFRO,0,0,0,0
29-04-2021,SH,Saint Helena,AFRO,0,0,0,0
30-04-2021,SH,Saint Helena,AFRO,0,0,0,0
01-05-2021,SH,Saint Helena,AFRO,0,0,0,0
02-05-2021,SH,Saint Helena,AFRO,0,0,0,0
03-05-2021,SH,Saint Helena,AFRO,0,0,0,0
04-05-2021,SH,Saint Helena,AFRO,0,0,0,0
05-05-2021,SH,Saint Helena,AFRO,0,0,0,0
06-05-2021,SH,Saint Helena,AFRO,0,0,0,0
07-05-2021,SH,Saint Helena,AFRO,0,0,0,0
08-05-2021,SH,Saint Helena,AFRO,0,0,0,0
09-05-2021,SH,Saint Helena,AFRO,0,0,0,0
10-05-2021,SH,Saint Helena,AFRO,0,0,0,0
11-05-2021,SH,Saint Helena,AFRO,0,0,0,0
12-05-2021,SH,Saint Helena,AFRO,0,0,0,0
13-05-2021,SH,Saint Helena,AFRO,0,0,0,0
14-05-2021,SH,Saint Helena,AFRO,0,0,0,0
15-05-2021,SH,Saint Helena,AFRO,0,0,0,0
16-05-2021,SH,Saint Helena,AFRO,0,0,0,0
17-05-2021,SH,Saint Helena,AFRO,0,0,0,0
18-05-2021,SH,Saint Helena,AFRO,0,0,0,0
19-05-2021,SH,Saint Helena,AFRO,0,0,0,0
20-05-2021,SH,Saint Helena,AFRO,0,0,0,0
21-05-2021,SH,Saint Helena,AFRO,0,0,0,0
22-05-2021,SH,Saint Helena,AFRO,0,0,0,0
23-05-2021,SH,Saint Helena,AFRO,0,0,0,0
24-05-2021,SH,Saint Helena,AFRO,0,0,0,0
25-05-2021,SH,Saint Helena,AFRO,0,0,0,0
26-05-2021,SH,Saint Helena,AFRO,0,0,0,0
27-05-2021,SH,Saint Helena,AFRO,0,0,0,0
28-05-2021,SH,Saint Helena,AFRO,0,0,0,0
29-05-2021,SH,Saint Helena,AFRO,0,0,0,0
30-05-2021,SH,Saint Helena,AFRO,0,0,0,0
01-01-2021,KN,Saint Kitts and Nevis,AMRO,0,32,0,0
02-01-2021,KN,Saint Kitts and Nevis,AMRO,0,32,0,0
03-01-2021,KN,Saint Kitts and Nevis,AMRO,1,33,0,0
04-01-2021,KN,Saint Kitts and Nevis,AMRO,0,33,0,0
05-01-2021,KN,Saint Kitts and Nevis,AMRO,0,33,0,0
06-01-2021,KN,Saint Kitts and Nevis,AMRO,0,33,0,0
07-01-2021,KN,Saint Kitts and Nevis,AMRO,0,33,0,0
08-01-2021,KN,Saint Kitts and Nevis,AMRO,0,33,0,0
09-01-2021,KN,Saint Kitts and Nevis,AMRO,1,34,0,0
10-01-2021,KN,Saint Kitts and Nevis,AMRO,0,34,0,0
11-01-2021,KN,Saint Kitts and Nevis,AMRO,0,34,0,0
12-01-2021,KN,Saint Kitts and Nevis,AMRO,0,34,0,0
13-01-2021,KN,Saint Kitts and Nevis,AMRO,0,34,0,0
14-01-2021,KN,Saint Kitts and Nevis,AMRO,0,34,0,0
15-01-2021,KN,Saint Kitts and Nevis,AMRO,0,34,0,0
16-01-2021,KN,Saint Kitts and Nevis,AMRO,0,34,0,0
17-01-2021,KN,Saint Kitts and Nevis,AMRO,0,34,0,0
18-01-2021,KN,Saint Kitts and Nevis,AMRO,0,34,0,0
19-01-2021,KN,Saint Kitts and Nevis,AMRO,1,35,0,0
20-01-2021,KN,Saint Kitts and Nevis,AMRO,0,35,0,0
21-01-2021,KN,Saint Kitts and Nevis,AMRO,0,35,0,0
22-01-2021,KN,Saint Kitts and Nevis,AMRO,0,35,0,0
23-01-2021,KN,Saint Kitts and Nevis,AMRO,0,35,0,0
24-01-2021,KN,Saint Kitts and Nevis,AMRO,0,35,0,0
25-01-2021,KN,Saint Kitts and Nevis,AMRO,0,35,0,0
26-01-2021,KN,Saint Kitts and Nevis,AMRO,0,35,0,0
27-01-2021,KN,Saint Kitts and Nevis,AMRO,0,35,0,0
28-01-2021,KN,Saint Kitts and Nevis,AMRO,2,37,0,0
29-01-2021,KN,Saint Kitts and Nevis,AMRO,0,37,0,0
30-01-2021,KN,Saint Kitts and Nevis,AMRO,0,37,0,0
31-01-2021,KN,Saint Kitts and Nevis,AMRO,0,37,0,0
01-02-2021,KN,Saint Kitts and Nevis,AMRO,0,37,0,0
02-02-2021,KN,Saint Kitts and Nevis,AMRO,1,38,0,0
03-02-2021,KN,Saint Kitts and Nevis,AMRO,1,39,0,0
04-02-2021,KN,Saint Kitts and Nevis,AMRO,0,39,0,0
05-02-2021,KN,Saint Kitts and Nevis,AMRO,0,39,0,0
06-02-2021,KN,Saint Kitts and Nevis,AMRO,1,40,0,0
07-02-2021,KN,Saint Kitts and Nevis,AMRO,0,40,0,0
08-02-2021,KN,Saint Kitts and Nevis,AMRO,0,40,0,0
09-02-2021,KN,Saint Kitts and Nevis,AMRO,0,40,0,0
10-02-2021,KN,Saint Kitts and Nevis,AMRO,0,40,0,0
11-02-2021,KN,Saint Kitts and Nevis,AMRO,0,40,0,0
12-02-2021,KN,Saint Kitts and Nevis,AMRO,0,40,0,0
13-02-2021,KN,Saint Kitts and Nevis,AMRO,0,40,0,0
14-02-2021,KN,Saint Kitts and Nevis,AMRO,0,40,0,0
15-02-2021,KN,Saint Kitts and Nevis,AMRO,1,41,0,0
16-02-2021,KN,Saint Kitts and Nevis,AMRO,0,41,0,0
17-02-2021,KN,Saint Kitts and Nevis,AMRO,0,41,0,0
18-02-2021,KN,Saint Kitts and Nevis,AMRO,0,41,0,0
19-02-2021,KN,Saint Kitts and Nevis,AMRO,0,41,0,0
20-02-2021,KN,Saint Kitts and Nevis,AMRO,0,41,0,0
21-02-2021,KN,Saint Kitts and Nevis,AMRO,0,41,0,0
22-02-2021,KN,Saint Kitts and Nevis,AMRO,0,41,0,0
23-02-2021,KN,Saint Kitts and Nevis,AMRO,0,41,0,0
24-02-2021,KN,Saint Kitts and Nevis,AMRO,0,41,0,0
25-02-2021,KN,Saint Kitts and Nevis,AMRO,0,41,0,0
26-02-2021,KN,Saint Kitts and Nevis,AMRO,0,41,0,0
27-02-2021,KN,Saint Kitts and Nevis,AMRO,0,41,0,0
28-02-2021,KN,Saint Kitts and Nevis,AMRO,0,41,0,0
01-03-2021,KN,Saint Kitts and Nevis,AMRO,0,41,0,0
02-03-2021,KN,Saint Kitts and Nevis,AMRO,0,41,0,0
03-03-2021,KN,Saint Kitts and Nevis,AMRO,0,41,0,0
04-03-2021,KN,Saint Kitts and Nevis,AMRO,0,41,0,0
05-03-2021,KN,Saint Kitts and Nevis,AMRO,0,41,0,0
06-03-2021,KN,Saint Kitts and Nevis,AMRO,0,41,0,0
07-03-2021,KN,Saint Kitts and Nevis,AMRO,0,41,0,0
08-03-2021,KN,Saint Kitts and Nevis,AMRO,0,41,0,0
09-03-2021,KN,Saint Kitts and Nevis,AMRO,0,41,0,0
10-03-2021,KN,Saint Kitts and Nevis,AMRO,0,41,0,0
11-03-2021,KN,Saint Kitts and Nevis,AMRO,0,41,0,0
12-03-2021,KN,Saint Kitts and Nevis,AMRO,1,42,0,0
13-03-2021,KN,Saint Kitts and Nevis,AMRO,1,43,0,0
14-03-2021,KN,Saint Kitts and Nevis,AMRO,0,43,0,0
15-03-2021,KN,Saint Kitts and Nevis,AMRO,0,43,0,0
16-03-2021,KN,Saint Kitts and Nevis,AMRO,0,43,0,0
17-03-2021,KN,Saint Kitts and Nevis,AMRO,0,43,0,0
18-03-2021,KN,Saint Kitts and Nevis,AMRO,0,43,0,0
19-03-2021,KN,Saint Kitts and Nevis,AMRO,1,44,0,0
20-03-2021,KN,Saint Kitts and Nevis,AMRO,0,44,0,0
21-03-2021,KN,Saint Kitts and Nevis,AMRO,0,44,0,0
22-03-2021,KN,Saint Kitts and Nevis,AMRO,0,44,0,0
23-03-2021,KN,Saint Kitts and Nevis,AMRO,0,44,0,0
24-03-2021,KN,Saint Kitts and Nevis,AMRO,0,44,0,0
25-03-2021,KN,Saint Kitts and Nevis,AMRO,0,44,0,0
26-03-2021,KN,Saint Kitts and Nevis,AMRO,0,44,0,0
27-03-2021,KN,Saint Kitts and Nevis,AMRO,0,44,0,0
28-03-2021,KN,Saint Kitts and Nevis,AMRO,0,44,0,0
29-03-2021,KN,Saint Kitts and Nevis,AMRO,0,44,0,0
30-03-2021,KN,Saint Kitts and Nevis,AMRO,0,44,0,0
31-03-2021,KN,Saint Kitts and Nevis,AMRO,0,44,0,0
01-04-2021,KN,Saint Kitts and Nevis,AMRO,0,44,0,0
02-04-2021,KN,Saint Kitts and Nevis,AMRO,0,44,0,0
03-04-2021,KN,Saint Kitts and Nevis,AMRO,0,44,0,0
04-04-2021,KN,Saint Kitts and Nevis,AMRO,0,44,0,0
05-04-2021,KN,Saint Kitts and Nevis,AMRO,0,44,0,0
06-04-2021,KN,Saint Kitts and Nevis,AMRO,0,44,0,0
07-04-2021,KN,Saint Kitts and Nevis,AMRO,0,44,0,0
08-04-2021,KN,Saint Kitts and Nevis,AMRO,0,44,0,0
09-04-2021,KN,Saint Kitts and Nevis,AMRO,0,44,0,0
10-04-2021,KN,Saint Kitts and Nevis,AMRO,0,44,0,0
11-04-2021,KN,Saint Kitts and Nevis,AMRO,0,44,0,0
12-04-2021,KN,Saint Kitts and Nevis,AMRO,0,44,0,0
13-04-2021,KN,Saint Kitts and Nevis,AMRO,0,44,0,0
14-04-2021,KN,Saint Kitts and Nevis,AMRO,0,44,0,0
15-04-2021,KN,Saint Kitts and Nevis,AMRO,0,44,0,0
16-04-2021,KN,Saint Kitts and Nevis,AMRO,0,44,0,0
17-04-2021,KN,Saint Kitts and Nevis,AMRO,0,44,0,0
18-04-2021,KN,Saint Kitts and Nevis,AMRO,0,44,0,0
19-04-2021,KN,Saint Kitts and Nevis,AMRO,0,44,0,0
20-04-2021,KN,Saint Kitts and Nevis,AMRO,0,44,0,0
21-04-2021,KN,Saint Kitts and Nevis,AMRO,0,44,0,0
22-04-2021,KN,Saint Kitts and Nevis,AMRO,0,44,0,0
23-04-2021,KN,Saint Kitts and Nevis,AMRO,0,44,0,0
24-04-2021,KN,Saint Kitts and Nevis,AMRO,0,44,0,0
25-04-2021,KN,Saint Kitts and Nevis,AMRO,0,44,0,0
26-04-2021,KN,Saint Kitts and Nevis,AMRO,0,44,0,0
27-04-2021,KN,Saint Kitts and Nevis,AMRO,0,44,0,0
28-04-2021,KN,Saint Kitts and Nevis,AMRO,0,44,0,0
29-04-2021,KN,Saint Kitts and Nevis,AMRO,0,44,0,0
30-04-2021,KN,Saint Kitts and Nevis,AMRO,0,44,0,0
01-05-2021,KN,Saint Kitts and Nevis,AMRO,0,44,0,0
02-05-2021,KN,Saint Kitts and Nevis,AMRO,1,45,0,0
03-05-2021,KN,Saint Kitts and Nevis,AMRO,0,45,0,0
04-05-2021,KN,Saint Kitts and Nevis,AMRO,0,45,0,0
05-05-2021,KN,Saint Kitts and Nevis,AMRO,0,45,0,0
06-05-2021,KN,Saint Kitts and Nevis,AMRO,0,45,0,0
07-05-2021,KN,Saint Kitts and Nevis,AMRO,0,45,0,0
08-05-2021,KN,Saint Kitts and Nevis,AMRO,0,45,0,0
09-05-2021,KN,Saint Kitts and Nevis,AMRO,0,45,0,0
10-05-2021,KN,Saint Kitts and Nevis,AMRO,0,45,0,0
11-05-2021,KN,Saint Kitts and Nevis,AMRO,0,45,0,0
12-05-2021,KN,Saint Kitts and Nevis,AMRO,0,45,0,0
13-05-2021,KN,Saint Kitts and Nevis,AMRO,0,45,0,0
14-05-2021,KN,Saint Kitts and Nevis,AMRO,0,45,0,0
15-05-2021,KN,Saint Kitts and Nevis,AMRO,0,45,0,0
16-05-2021,KN,Saint Kitts and Nevis,AMRO,0,45,0,0
17-05-2021,KN,Saint Kitts and Nevis,AMRO,0,45,0,0
18-05-2021,KN,Saint Kitts and Nevis,AMRO,0,45,0,0
19-05-2021,KN,Saint Kitts and Nevis,AMRO,0,45,0,0
20-05-2021,KN,Saint Kitts and Nevis,AMRO,0,45,0,0
21-05-2021,KN,Saint Kitts and Nevis,AMRO,1,46,0,0
22-05-2021,KN,Saint Kitts and Nevis,AMRO,0,46,0,0
23-05-2021,KN,Saint Kitts and Nevis,AMRO,0,46,0,0
24-05-2021,KN,Saint Kitts and Nevis,AMRO,6,52,0,0
25-05-2021,KN,Saint Kitts and Nevis,AMRO,2,54,0,0
26-05-2021,KN,Saint Kitts and Nevis,AMRO,6,60,0,0
27-05-2021,KN,Saint Kitts and Nevis,AMRO,1,61,0,0
28-05-2021,KN,Saint Kitts and Nevis,AMRO,3,64,0,0
29-05-2021,KN,Saint Kitts and Nevis,AMRO,0,64,0,0
30-05-2021,KN,Saint Kitts and Nevis,AMRO,4,68,0,0
01-01-2021,LC,Saint Lucia,AMRO,13,353,0,5
02-01-2021,LC,Saint Lucia,AMRO,0,353,0,5
03-01-2021,LC,Saint Lucia,AMRO,0,353,0,5
04-01-2021,LC,Saint Lucia,AMRO,0,353,0,5
05-01-2021,LC,Saint Lucia,AMRO,0,353,0,5
06-01-2021,LC,Saint Lucia,AMRO,7,360,0,5
07-01-2021,LC,Saint Lucia,AMRO,20,380,0,5
08-01-2021,LC,Saint Lucia,AMRO,2,382,0,5
09-01-2021,LC,Saint Lucia,AMRO,1,383,0,5
10-01-2021,LC,Saint Lucia,AMRO,12,395,0,5
11-01-2021,LC,Saint Lucia,AMRO,43,438,0,5
12-01-2021,LC,Saint Lucia,AMRO,0,438,0,5
13-01-2021,LC,Saint Lucia,AMRO,40,478,0,5
14-01-2021,LC,Saint Lucia,AMRO,12,490,0,5
15-01-2021,LC,Saint Lucia,AMRO,12,502,1,6
16-01-2021,LC,Saint Lucia,AMRO,41,543,0,6
17-01-2021,LC,Saint Lucia,AMRO,33,576,0,6
18-01-2021,LC,Saint Lucia,AMRO,35,611,2,8
19-01-2021,LC,Saint Lucia,AMRO,10,621,0,8
20-01-2021,LC,Saint Lucia,AMRO,35,656,0,8
21-01-2021,LC,Saint Lucia,AMRO,57,713,0,8
22-01-2021,LC,Saint Lucia,AMRO,5,718,0,8
23-01-2021,LC,Saint Lucia,AMRO,37,755,0,8
24-01-2021,LC,Saint Lucia,AMRO,15,770,2,10
25-01-2021,LC,Saint Lucia,AMRO,40,810,1,11
26-01-2021,LC,Saint Lucia,AMRO,76,886,0,11
27-01-2021,LC,Saint Lucia,AMRO,35,921,2,13
28-01-2021,LC,Saint Lucia,AMRO,48,969,0,13
29-01-2021,LC,Saint Lucia,AMRO,60,1029,0,13
30-01-2021,LC,Saint Lucia,AMRO,77,1106,0,13
31-01-2021,LC,Saint Lucia,AMRO,89,1195,0,13
01-02-2021,LC,Saint Lucia,AMRO,0,1195,0,13
02-02-2021,LC,Saint Lucia,AMRO,216,1411,2,15
03-02-2021,LC,Saint Lucia,AMRO,0,1411,0,15
04-02-2021,LC,Saint Lucia,AMRO,68,1479,1,16
05-02-2021,LC,Saint Lucia,AMRO,77,1556,2,18
06-02-2021,LC,Saint Lucia,AMRO,0,1556,0,18
07-02-2021,LC,Saint Lucia,AMRO,257,1813,0,18
08-02-2021,LC,Saint Lucia,AMRO,0,1813,0,18
09-02-2021,LC,Saint Lucia,AMRO,214,2027,1,19
10-02-2021,LC,Saint Lucia,AMRO,0,2027,0,19
11-02-2021,LC,Saint Lucia,AMRO,110,2137,3,22
12-02-2021,LC,Saint Lucia,AMRO,0,2137,0,22
13-02-2021,LC,Saint Lucia,AMRO,278,2415,0,22
14-02-2021,LC,Saint Lucia,AMRO,72,2487,1,23
15-02-2021,LC,Saint Lucia,AMRO,0,2487,0,23
16-02-2021,LC,Saint Lucia,AMRO,32,2519,0,23
17-02-2021,LC,Saint Lucia,AMRO,30,2549,0,23
18-02-2021,LC,Saint Lucia,AMRO,27,2576,1,24
19-02-2021,LC,Saint Lucia,AMRO,44,2620,1,25
20-02-2021,LC,Saint Lucia,AMRO,0,2620,0,25
21-02-2021,LC,Saint Lucia,AMRO,240,2860,3,28
22-02-2021,LC,Saint Lucia,AMRO,218,3078,3,31
23-02-2021,LC,Saint Lucia,AMRO,57,3135,1,32
24-02-2021,LC,Saint Lucia,AMRO,7,3142,0,32
25-02-2021,LC,Saint Lucia,AMRO,0,3142,0,32
26-02-2021,LC,Saint Lucia,AMRO,7,3149,2,34
27-02-2021,LC,Saint Lucia,AMRO,0,3149,0,34
28-02-2021,LC,Saint Lucia,AMRO,207,3356,1,35
01-03-2021,LC,Saint Lucia,AMRO,0,3356,0,35
02-03-2021,LC,Saint Lucia,AMRO,34,3390,1,36
03-03-2021,LC,Saint Lucia,AMRO,155,3545,0,36
04-03-2021,LC,Saint Lucia,AMRO,234,3779,1,37
05-03-2021,LC,Saint Lucia,AMRO,24,3803,2,39
06-03-2021,LC,Saint Lucia,AMRO,11,3814,4,43
07-03-2021,LC,Saint Lucia,AMRO,29,3843,0,43
08-03-2021,LC,Saint Lucia,AMRO,23,3866,0,43
09-03-2021,LC,Saint Lucia,AMRO,5,3871,3,46
10-03-2021,LC,Saint Lucia,AMRO,31,3902,0,46
11-03-2021,LC,Saint Lucia,AMRO,0,3902,0,46
12-03-2021,LC,Saint Lucia,AMRO,39,3941,1,47
13-03-2021,LC,Saint Lucia,AMRO,25,3966,0,47
14-03-2021,LC,Saint Lucia,AMRO,23,3989,1,48
15-03-2021,LC,Saint Lucia,AMRO,42,4031,3,51
16-03-2021,LC,Saint Lucia,AMRO,22,4053,4,55
17-03-2021,LC,Saint Lucia,AMRO,0,4053,0,55
18-03-2021,LC,Saint Lucia,AMRO,16,4069,0,55
19-03-2021,LC,Saint Lucia,AMRO,14,4083,0,55
20-03-2021,LC,Saint Lucia,AMRO,14,4097,0,55
21-03-2021,LC,Saint Lucia,AMRO,16,4113,0,55
22-03-2021,LC,Saint Lucia,AMRO,0,4113,0,55
23-03-2021,LC,Saint Lucia,AMRO,19,4132,0,55
24-03-2021,LC,Saint Lucia,AMRO,0,4132,0,55
25-03-2021,LC,Saint Lucia,AMRO,17,4149,2,57
26-03-2021,LC,Saint Lucia,AMRO,12,4161,1,58
27-03-2021,LC,Saint Lucia,AMRO,11,4172,0,58
28-03-2021,LC,Saint Lucia,AMRO,19,4191,0,58
29-03-2021,LC,Saint Lucia,AMRO,0,4191,0,58
30-03-2021,LC,Saint Lucia,AMRO,11,4202,0,58
31-03-2021,LC,Saint Lucia,AMRO,26,4228,1,59
01-04-2021,LC,Saint Lucia,AMRO,10,4238,1,60
02-04-2021,LC,Saint Lucia,AMRO,27,4265,1,61
03-04-2021,LC,Saint Lucia,AMRO,0,4265,0,61
04-04-2021,LC,Saint Lucia,AMRO,24,4289,0,61
05-04-2021,LC,Saint Lucia,AMRO,4,4293,0,61
06-04-2021,LC,Saint Lucia,AMRO,4,4297,0,61
07-04-2021,LC,Saint Lucia,AMRO,0,4297,2,63
08-04-2021,LC,Saint Lucia,AMRO,7,4304,0,63
09-04-2021,LC,Saint Lucia,AMRO,8,4312,0,63
10-04-2021,LC,Saint Lucia,AMRO,17,4329,1,64
11-04-2021,LC,Saint Lucia,AMRO,0,4329,0,64
12-04-2021,LC,Saint Lucia,AMRO,18,4347,0,64
13-04-2021,LC,Saint Lucia,AMRO,1,4348,0,64
14-04-2021,LC,Saint Lucia,AMRO,7,4355,0,64
15-04-2021,LC,Saint Lucia,AMRO,12,4367,0,64
16-04-2021,LC,Saint Lucia,AMRO,4,4371,0,64
17-04-2021,LC,Saint Lucia,AMRO,18,4389,0,64
18-04-2021,LC,Saint Lucia,AMRO,9,4398,1,65
19-04-2021,LC,Saint Lucia,AMRO,3,4401,2,67
20-04-2021,LC,Saint Lucia,AMRO,16,4417,0,67
21-04-2021,LC,Saint Lucia,AMRO,2,4419,2,69
22-04-2021,LC,Saint Lucia,AMRO,0,4419,0,69
23-04-2021,LC,Saint Lucia,AMRO,25,4444,1,70
24-04-2021,LC,Saint Lucia,AMRO,11,4455,0,70
25-04-2021,LC,Saint Lucia,AMRO,8,4463,0,70
26-04-2021,LC,Saint Lucia,AMRO,23,4486,0,70
27-04-2021,LC,Saint Lucia,AMRO,6,4492,3,73
28-04-2021,LC,Saint Lucia,AMRO,10,4502,0,73
29-04-2021,LC,Saint Lucia,AMRO,6,4508,1,74
30-04-2021,LC,Saint Lucia,AMRO,10,4518,0,74
01-05-2021,LC,Saint Lucia,AMRO,16,4534,0,74
02-05-2021,LC,Saint Lucia,AMRO,18,4552,0,74
03-05-2021,LC,Saint Lucia,AMRO,8,4560,0,74
04-05-2021,LC,Saint Lucia,AMRO,0,4560,0,74
05-05-2021,LC,Saint Lucia,AMRO,13,4573,0,74
06-05-2021,LC,Saint Lucia,AMRO,12,4585,0,74
07-05-2021,LC,Saint Lucia,AMRO,17,4602,1,75
08-05-2021,LC,Saint Lucia,AMRO,5,4607,0,75
09-05-2021,LC,Saint Lucia,AMRO,47,4654,0,75
10-05-2021,LC,Saint Lucia,AMRO,0,4654,0,75
11-05-2021,LC,Saint Lucia,AMRO,0,4654,0,75
12-05-2021,LC,Saint Lucia,AMRO,36,4690,0,75
13-05-2021,LC,Saint Lucia,AMRO,10,4700,0,75
14-05-2021,LC,Saint Lucia,AMRO,25,4725,0,75
15-05-2021,LC,Saint Lucia,AMRO,0,4725,0,75
16-05-2021,LC,Saint Lucia,AMRO,63,4788,0,75
17-05-2021,LC,Saint Lucia,AMRO,30,4818,0,75
18-05-2021,LC,Saint Lucia,AMRO,0,4818,1,76
19-05-2021,LC,Saint Lucia,AMRO,0,4818,0,76
20-05-2021,LC,Saint Lucia,AMRO,53,4871,1,77
21-05-2021,LC,Saint Lucia,AMRO,35,4906,0,77
22-05-2021,LC,Saint Lucia,AMRO,17,4923,0,77
23-05-2021,LC,Saint Lucia,AMRO,12,4935,0,77
24-05-2021,LC,Saint Lucia,AMRO,10,4945,0,77
25-05-2021,LC,Saint Lucia,AMRO,0,4945,0,77
26-05-2021,LC,Saint Lucia,AMRO,15,4960,0,77
27-05-2021,LC,Saint Lucia,AMRO,8,4968,0,77
28-05-2021,LC,Saint Lucia,AMRO,12,4980,0,77
29-05-2021,LC,Saint Lucia,AMRO,22,5002,0,77
30-05-2021,LC,Saint Lucia,AMRO,33,5035,0,77
01-01-2021,MF,Saint Martin,AMRO,9,995,0,12
02-01-2021,MF,Saint Martin,AMRO,0,995,0,12
03-01-2021,MF,Saint Martin,AMRO,0,995,0,12
04-01-2021,MF,Saint Martin,AMRO,0,995,0,12
05-01-2021,MF,Saint Martin,AMRO,7,1002,0,12
06-01-2021,MF,Saint Martin,AMRO,0,1002,0,12
07-01-2021,MF,Saint Martin,AMRO,0,1002,0,12
08-01-2021,MF,Saint Martin,AMRO,0,1002,0,12
09-01-2021,MF,Saint Martin,AMRO,0,1002,0,12
10-01-2021,MF,Saint Martin,AMRO,0,1002,0,12
11-01-2021,MF,Saint Martin,AMRO,0,1002,0,12
12-01-2021,MF,Saint Martin,AMRO,44,1046,0,12
13-01-2021,MF,Saint Martin,AMRO,0,1046,0,12
14-01-2021,MF,Saint Martin,AMRO,0,1046,0,12
15-01-2021,MF,Saint Martin,AMRO,0,1046,0,12
16-01-2021,MF,Saint Martin,AMRO,0,1046,0,12
17-01-2021,MF,Saint Martin,AMRO,0,1046,0,12
18-01-2021,MF,Saint Martin,AMRO,0,1046,0,12
19-01-2021,MF,Saint Martin,AMRO,71,1117,0,12
20-01-2021,MF,Saint Martin,AMRO,0,1117,0,12
21-01-2021,MF,Saint Martin,AMRO,0,1117,0,12
22-01-2021,MF,Saint Martin,AMRO,0,1117,0,12
23-01-2021,MF,Saint Martin,AMRO,74,1191,0,12
24-01-2021,MF,Saint Martin,AMRO,0,1191,0,12
25-01-2021,MF,Saint Martin,AMRO,0,1191,0,12
26-01-2021,MF,Saint Martin,AMRO,0,1191,0,12
27-01-2021,MF,Saint Martin,AMRO,0,1191,0,12
28-01-2021,MF,Saint Martin,AMRO,0,1191,0,12
29-01-2021,MF,Saint Martin,AMRO,0,1191,0,12
30-01-2021,MF,Saint Martin,AMRO,0,1191,0,12
31-01-2021,MF,Saint Martin,AMRO,98,1289,0,12
01-02-2021,MF,Saint Martin,AMRO,0,1289,0,12
02-02-2021,MF,Saint Martin,AMRO,0,1289,0,12
03-02-2021,MF,Saint Martin,AMRO,0,1289,0,12
04-02-2021,MF,Saint Martin,AMRO,0,1289,0,12
05-02-2021,MF,Saint Martin,AMRO,0,1289,0,12
06-02-2021,MF,Saint Martin,AMRO,0,1289,0,12
07-02-2021,MF,Saint Martin,AMRO,0,1289,0,12
08-02-2021,MF,Saint Martin,AMRO,0,1289,0,12
09-02-2021,MF,Saint Martin,AMRO,88,1377,0,12
10-02-2021,MF,Saint Martin,AMRO,0,1377,0,12
11-02-2021,MF,Saint Martin,AMRO,0,1377,0,12
12-02-2021,MF,Saint Martin,AMRO,0,1377,0,12
13-02-2021,MF,Saint Martin,AMRO,0,1377,0,12
14-02-2021,MF,Saint Martin,AMRO,79,1456,0,12
15-02-2021,MF,Saint Martin,AMRO,0,1456,0,12
16-02-2021,MF,Saint Martin,AMRO,0,1456,0,12
17-02-2021,MF,Saint Martin,AMRO,0,1456,0,12
18-02-2021,MF,Saint Martin,AMRO,0,1456,0,12
19-02-2021,MF,Saint Martin,AMRO,0,1456,0,12
20-02-2021,MF,Saint Martin,AMRO,0,1456,0,12
21-02-2021,MF,Saint Martin,AMRO,0,1456,0,12
22-02-2021,MF,Saint Martin,AMRO,0,1456,0,12
23-02-2021,MF,Saint Martin,AMRO,63,1519,0,12
24-02-2021,MF,Saint Martin,AMRO,0,1519,0,12
25-02-2021,MF,Saint Martin,AMRO,0,1519,0,12
26-02-2021,MF,Saint Martin,AMRO,0,1519,0,12
27-02-2021,MF,Saint Martin,AMRO,35,1554,0,12
28-02-2021,MF,Saint Martin,AMRO,0,1554,0,12
01-03-2021,MF,Saint Martin,AMRO,0,1554,0,12
02-03-2021,MF,Saint Martin,AMRO,0,1554,0,12
03-03-2021,MF,Saint Martin,AMRO,0,1554,0,12
04-03-2021,MF,Saint Martin,AMRO,0,1554,0,12
05-03-2021,MF,Saint Martin,AMRO,0,1554,0,12
06-03-2021,MF,Saint Martin,AMRO,27,1581,0,12
07-03-2021,MF,Saint Martin,AMRO,0,1581,0,12
08-03-2021,MF,Saint Martin,AMRO,0,1581,0,12
09-03-2021,MF,Saint Martin,AMRO,0,1581,0,12
10-03-2021,MF,Saint Martin,AMRO,0,1581,0,12
11-03-2021,MF,Saint Martin,AMRO,0,1581,0,12
12-03-2021,MF,Saint Martin,AMRO,0,1581,0,12
13-03-2021,MF,Saint Martin,AMRO,0,1581,0,12
14-03-2021,MF,Saint Martin,AMRO,31,1612,0,12
15-03-2021,MF,Saint Martin,AMRO,0,1612,0,12
16-03-2021,MF,Saint Martin,AMRO,0,1612,0,12
17-03-2021,MF,Saint Martin,AMRO,0,1612,0,12
18-03-2021,MF,Saint Martin,AMRO,0,1612,0,12
19-03-2021,MF,Saint Martin,AMRO,0,1612,0,12
20-03-2021,MF,Saint Martin,AMRO,0,1612,0,12
21-03-2021,MF,Saint Martin,AMRO,21,1633,0,12
22-03-2021,MF,Saint Martin,AMRO,0,1633,0,12
23-03-2021,MF,Saint Martin,AMRO,0,1633,0,12
24-03-2021,MF,Saint Martin,AMRO,0,1633,0,12
25-03-2021,MF,Saint Martin,AMRO,0,1633,0,12
26-03-2021,MF,Saint Martin,AMRO,0,1633,0,12
27-03-2021,MF,Saint Martin,AMRO,0,1633,0,12
28-03-2021,MF,Saint Martin,AMRO,24,1657,0,12
29-03-2021,MF,Saint Martin,AMRO,0,1657,0,12
30-03-2021,MF,Saint Martin,AMRO,0,1657,0,12
31-03-2021,MF,Saint Martin,AMRO,0,1657,0,12
01-04-2021,MF,Saint Martin,AMRO,0,1657,0,12
02-04-2021,MF,Saint Martin,AMRO,0,1657,0,12
03-04-2021,MF,Saint Martin,AMRO,30,1687,1,13
04-04-2021,MF,Saint Martin,AMRO,0,1687,0,13
05-04-2021,MF,Saint Martin,AMRO,0,1687,0,13
06-04-2021,MF,Saint Martin,AMRO,0,1687,0,13
07-04-2021,MF,Saint Martin,AMRO,0,1687,0,13
08-04-2021,MF,Saint Martin,AMRO,0,1687,0,13
09-04-2021,MF,Saint Martin,AMRO,0,1687,0,13
10-04-2021,MF,Saint Martin,AMRO,16,1703,0,13
11-04-2021,MF,Saint Martin,AMRO,0,1703,0,13
12-04-2021,MF,Saint Martin,AMRO,0,1703,0,13
13-04-2021,MF,Saint Martin,AMRO,0,1703,0,13
14-04-2021,MF,Saint Martin,AMRO,0,1703,0,13
15-04-2021,MF,Saint Martin,AMRO,0,1703,0,13
16-04-2021,MF,Saint Martin,AMRO,0,1703,0,13
17-04-2021,MF,Saint Martin,AMRO,0,1703,0,13
18-04-2021,MF,Saint Martin,AMRO,7,1710,0,13
19-04-2021,MF,Saint Martin,AMRO,0,1710,0,13
20-04-2021,MF,Saint Martin,AMRO,0,1710,0,13
21-04-2021,MF,Saint Martin,AMRO,0,1710,0,13
22-04-2021,MF,Saint Martin,AMRO,0,1710,0,13
23-04-2021,MF,Saint Martin,AMRO,0,1710,0,13
24-04-2021,MF,Saint Martin,AMRO,0,1710,0,13
25-04-2021,MF,Saint Martin,AMRO,18,1728,0,13
26-04-2021,MF,Saint Martin,AMRO,0,1728,0,13
27-04-2021,MF,Saint Martin,AMRO,0,1728,0,13
28-04-2021,MF,Saint Martin,AMRO,0,1728,0,13
29-04-2021,MF,Saint Martin,AMRO,0,1728,0,13
30-04-2021,MF,Saint Martin,AMRO,0,1728,0,13
01-05-2021,MF,Saint Martin,AMRO,0,1728,0,13
02-05-2021,MF,Saint Martin,AMRO,21,1749,1,14
03-05-2021,MF,Saint Martin,AMRO,0,1749,0,14
04-05-2021,MF,Saint Martin,AMRO,0,1749,0,14
05-05-2021,MF,Saint Martin,AMRO,0,1749,0,14
06-05-2021,MF,Saint Martin,AMRO,0,1749,0,14
07-05-2021,MF,Saint Martin,AMRO,0,1749,0,14
08-05-2021,MF,Saint Martin,AMRO,28,1777,0,14
09-05-2021,MF,Saint Martin,AMRO,0,1777,0,14
10-05-2021,MF,Saint Martin,AMRO,0,1777,0,14
11-05-2021,MF,Saint Martin,AMRO,0,1777,0,14
12-05-2021,MF,Saint Martin,AMRO,0,1777,0,14
13-05-2021,MF,Saint Martin,AMRO,0,1777,0,14
14-05-2021,MF,Saint Martin,AMRO,0,1777,0,14
15-05-2021,MF,Saint Martin,AMRO,0,1777,0,14
16-05-2021,MF,Saint Martin,AMRO,62,1839,0,14
17-05-2021,MF,Saint Martin,AMRO,0,1839,0,14
18-05-2021,MF,Saint Martin,AMRO,0,1839,0,14
19-05-2021,MF,Saint Martin,AMRO,0,1839,0,14
20-05-2021,MF,Saint Martin,AMRO,0,1839,0,14
21-05-2021,MF,Saint Martin,AMRO,0,1839,0,14
22-05-2021,MF,Saint Martin,AMRO,0,1839,0,14
23-05-2021,MF,Saint Martin,AMRO,56,1895,1,15
24-05-2021,MF,Saint Martin,AMRO,0,1895,0,15
25-05-2021,MF,Saint Martin,AMRO,0,1895,0,15
26-05-2021,MF,Saint Martin,AMRO,0,1895,0,15
27-05-2021,MF,Saint Martin,AMRO,0,1895,0,15
28-05-2021,MF,Saint Martin,AMRO,0,1895,0,15
29-05-2021,MF,Saint Martin,AMRO,0,1895,0,15
30-05-2021,MF,Saint Martin,AMRO,114,2009,0,15
01-01-2021,PM,Saint Pierre and Miquelon,AMRO,0,16,0,0
02-01-2021,PM,Saint Pierre and Miquelon,AMRO,0,16,0,0
03-01-2021,PM,Saint Pierre and Miquelon,AMRO,0,16,0,0
04-01-2021,PM,Saint Pierre and Miquelon,AMRO,0,16,0,0
05-01-2021,PM,Saint Pierre and Miquelon,AMRO,0,16,0,0
06-01-2021,PM,Saint Pierre and Miquelon,AMRO,0,16,0,0
07-01-2021,PM,Saint Pierre and Miquelon,AMRO,0,16,0,0
08-01-2021,PM,Saint Pierre and Miquelon,AMRO,0,16,0,0
09-01-2021,PM,Saint Pierre and Miquelon,AMRO,0,16,0,0
10-01-2021,PM,Saint Pierre and Miquelon,AMRO,0,16,0,0
11-01-2021,PM,Saint Pierre and Miquelon,AMRO,0,16,0,0
12-01-2021,PM,Saint Pierre and Miquelon,AMRO,0,16,0,0
13-01-2021,PM,Saint Pierre and Miquelon,AMRO,0,16,0,0
14-01-2021,PM,Saint Pierre and Miquelon,AMRO,0,16,0,0
15-01-2021,PM,Saint Pierre and Miquelon,AMRO,0,16,0,0
16-01-2021,PM,Saint Pierre and Miquelon,AMRO,0,16,0,0
17-01-2021,PM,Saint Pierre and Miquelon,AMRO,0,16,0,0
18-01-2021,PM,Saint Pierre and Miquelon,AMRO,0,16,0,0
19-01-2021,PM,Saint Pierre and Miquelon,AMRO,0,16,0,0
20-01-2021,PM,Saint Pierre and Miquelon,AMRO,0,16,0,0
21-01-2021,PM,Saint Pierre and Miquelon,AMRO,0,16,0,0
22-01-2021,PM,Saint Pierre and Miquelon,AMRO,0,16,0,0
23-01-2021,PM,Saint Pierre and Miquelon,AMRO,0,16,0,0
24-01-2021,PM,Saint Pierre and Miquelon,AMRO,4,20,0,0
25-01-2021,PM,Saint Pierre and Miquelon,AMRO,1,21,0,0
26-01-2021,PM,Saint Pierre and Miquelon,AMRO,2,23,0,0
27-01-2021,PM,Saint Pierre and Miquelon,AMRO,0,23,0,0
28-01-2021,PM,Saint Pierre and Miquelon,AMRO,0,23,0,0
29-01-2021,PM,Saint Pierre and Miquelon,AMRO,1,24,0,0
30-01-2021,PM,Saint Pierre and Miquelon,AMRO,0,24,0,0
31-01-2021,PM,Saint Pierre and Miquelon,AMRO,0,24,0,0
01-02-2021,PM,Saint Pierre and Miquelon,AMRO,0,24,0,0
02-02-2021,PM,Saint Pierre and Miquelon,AMRO,0,24,0,0
03-02-2021,PM,Saint Pierre and Miquelon,AMRO,0,24,0,0
04-02-2021,PM,Saint Pierre and Miquelon,AMRO,0,24,0,0
05-02-2021,PM,Saint Pierre and Miquelon,AMRO,0,24,0,0
06-02-2021,PM,Saint Pierre and Miquelon,AMRO,0,24,0,0
07-02-2021,PM,Saint Pierre and Miquelon,AMRO,0,24,0,0
08-02-2021,PM,Saint Pierre and Miquelon,AMRO,0,24,0,0
09-02-2021,PM,Saint Pierre and Miquelon,AMRO,0,24,0,0
10-02-2021,PM,Saint Pierre and Miquelon,AMRO,0,24,0,0
11-02-2021,PM,Saint Pierre and Miquelon,AMRO,0,24,0,0
12-02-2021,PM,Saint Pierre and Miquelon,AMRO,0,24,0,0
13-02-2021,PM,Saint Pierre and Miquelon,AMRO,0,24,0,0
14-02-2021,PM,Saint Pierre and Miquelon,AMRO,0,24,0,0
15-02-2021,PM,Saint Pierre and Miquelon,AMRO,0,24,0,0
16-02-2021,PM,Saint Pierre and Miquelon,AMRO,0,24,0,0
17-02-2021,PM,Saint Pierre and Miquelon,AMRO,0,24,0,0
18-02-2021,PM,Saint Pierre and Miquelon,AMRO,0,24,0,0
19-02-2021,PM,Saint Pierre and Miquelon,AMRO,0,24,0,0
20-02-2021,PM,Saint Pierre and Miquelon,AMRO,0,24,0,0
21-02-2021,PM,Saint Pierre and Miquelon,AMRO,0,24,0,0
22-02-2021,PM,Saint Pierre and Miquelon,AMRO,0,24,0,0
23-02-2021,PM,Saint Pierre and Miquelon,AMRO,0,24,0,0
24-02-2021,PM,Saint Pierre and Miquelon,AMRO,0,24,0,0
25-02-2021,PM,Saint Pierre and Miquelon,AMRO,0,24,0,0
26-02-2021,PM,Saint Pierre and Miquelon,AMRO,0,24,0,0
27-02-2021,PM,Saint Pierre and Miquelon,AMRO,0,24,0,0
28-02-2021,PM,Saint Pierre and Miquelon,AMRO,0,24,0,0
01-03-2021,PM,Saint Pierre and Miquelon,AMRO,0,24,0,0
02-03-2021,PM,Saint Pierre and Miquelon,AMRO,0,24,0,0
03-03-2021,PM,Saint Pierre and Miquelon,AMRO,0,24,0,0
04-03-2021,PM,Saint Pierre and Miquelon,AMRO,0,24,0,0
05-03-2021,PM,Saint Pierre and Miquelon,AMRO,0,24,0,0
06-03-2021,PM,Saint Pierre and Miquelon,AMRO,0,24,0,0
07-03-2021,PM,Saint Pierre and Miquelon,AMRO,0,24,0,0
08-03-2021,PM,Saint Pierre and Miquelon,AMRO,0,24,0,0
09-03-2021,PM,Saint Pierre and Miquelon,AMRO,0,24,0,0
10-03-2021,PM,Saint Pierre and Miquelon,AMRO,0,24,0,0
11-03-2021,PM,Saint Pierre and Miquelon,AMRO,0,24,0,0
12-03-2021,PM,Saint Pierre and Miquelon,AMRO,0,24,0,0
13-03-2021,PM,Saint Pierre and Miquelon,AMRO,0,24,0,0
14-03-2021,PM,Saint Pierre and Miquelon,AMRO,0,24,0,0
15-03-2021,PM,Saint Pierre and Miquelon,AMRO,0,24,0,0
16-03-2021,PM,Saint Pierre and Miquelon,AMRO,0,24,0,0
17-03-2021,PM,Saint Pierre and Miquelon,AMRO,0,24,0,0
18-03-2021,PM,Saint Pierre and Miquelon,AMRO,0,24,0,0
19-03-2021,PM,Saint Pierre and Miquelon,AMRO,0,24,0,0
20-03-2021,PM,Saint Pierre and Miquelon,AMRO,0,24,0,0
21-03-2021,PM,Saint Pierre and Miquelon,AMRO,0,24,0,0
22-03-2021,PM,Saint Pierre and Miquelon,AMRO,0,24,0,0
23-03-2021,PM,Saint Pierre and Miquelon,AMRO,0,24,0,0
24-03-2021,PM,Saint Pierre and Miquelon,AMRO,0,24,0,0
25-03-2021,PM,Saint Pierre and Miquelon,AMRO,0,24,0,0
26-03-2021,PM,Saint Pierre and Miquelon,AMRO,0,24,0,0
27-03-2021,PM,Saint Pierre and Miquelon,AMRO,0,24,0,0
28-03-2021,PM,Saint Pierre and Miquelon,AMRO,0,24,0,0
29-03-2021,PM,Saint Pierre and Miquelon,AMRO,0,24,0,0
30-03-2021,PM,Saint Pierre and Miquelon,AMRO,0,24,0,0
31-03-2021,PM,Saint Pierre and Miquelon,AMRO,0,24,0,0
01-04-2021,PM,Saint Pierre and Miquelon,AMRO,0,24,0,0
02-04-2021,PM,Saint Pierre and Miquelon,AMRO,0,24,0,0
03-04-2021,PM,Saint Pierre and Miquelon,AMRO,0,24,0,0
04-04-2021,PM,Saint Pierre and Miquelon,AMRO,0,24,0,0
05-04-2021,PM,Saint Pierre and Miquelon,AMRO,0,24,0,0
06-04-2021,PM,Saint Pierre and Miquelon,AMRO,0,24,0,0
07-04-2021,PM,Saint Pierre and Miquelon,AMRO,0,24,0,0
08-04-2021,PM,Saint Pierre and Miquelon,AMRO,0,24,0,0
09-04-2021,PM,Saint Pierre and Miquelon,AMRO,0,24,0,0
10-04-2021,PM,Saint Pierre and Miquelon,AMRO,0,24,0,0
11-04-2021,PM,Saint Pierre and Miquelon,AMRO,1,25,0,0
12-04-2021,PM,Saint Pierre and Miquelon,AMRO,0,25,0,0
13-04-2021,PM,Saint Pierre and Miquelon,AMRO,0,25,0,0
14-04-2021,PM,Saint Pierre and Miquelon,AMRO,0,25,0,0
15-04-2021,PM,Saint Pierre and Miquelon,AMRO,0,25,0,0
16-04-2021,PM,Saint Pierre and Miquelon,AMRO,0,25,0,0
17-04-2021,PM,Saint Pierre and Miquelon,AMRO,0,25,0,0
18-04-2021,PM,Saint Pierre and Miquelon,AMRO,0,25,0,0
19-04-2021,PM,Saint Pierre and Miquelon,AMRO,0,25,0,0
20-04-2021,PM,Saint Pierre and Miquelon,AMRO,0,25,0,0
21-04-2021,PM,Saint Pierre and Miquelon,AMRO,0,25,0,0
22-04-2021,PM,Saint Pierre and Miquelon,AMRO,0,25,0,0
23-04-2021,PM,Saint Pierre and Miquelon,AMRO,0,25,0,0
24-04-2021,PM,Saint Pierre and Miquelon,AMRO,0,25,0,0
25-04-2021,PM,Saint Pierre and Miquelon,AMRO,0,25,0,0
26-04-2021,PM,Saint Pierre and Miquelon,AMRO,0,25,0,0
27-04-2021,PM,Saint Pierre and Miquelon,AMRO,0,25,0,0
28-04-2021,PM,Saint Pierre and Miquelon,AMRO,0,25,0,0
29-04-2021,PM,Saint Pierre and Miquelon,AMRO,0,25,0,0
30-04-2021,PM,Saint Pierre and Miquelon,AMRO,0,25,0,0
01-05-2021,PM,Saint Pierre and Miquelon,AMRO,0,25,0,0
02-05-2021,PM,Saint Pierre and Miquelon,AMRO,0,25,0,0
03-05-2021,PM,Saint Pierre and Miquelon,AMRO,0,25,0,0
04-05-2021,PM,Saint Pierre and Miquelon,AMRO,0,25,0,0
05-05-2021,PM,Saint Pierre and Miquelon,AMRO,0,25,0,0
06-05-2021,PM,Saint Pierre and Miquelon,AMRO,0,25,0,0
07-05-2021,PM,Saint Pierre and Miquelon,AMRO,0,25,0,0
08-05-2021,PM,Saint Pierre and Miquelon,AMRO,0,25,0,0
09-05-2021,PM,Saint Pierre and Miquelon,AMRO,0,25,0,0
10-05-2021,PM,Saint Pierre and Miquelon,AMRO,0,25,0,0
11-05-2021,PM,Saint Pierre and Miquelon,AMRO,0,25,0,0
12-05-2021,PM,Saint Pierre and Miquelon,AMRO,0,25,0,0
13-05-2021,PM,Saint Pierre and Miquelon,AMRO,0,25,0,0
14-05-2021,PM,Saint Pierre and Miquelon,AMRO,0,25,0,0
15-05-2021,PM,Saint Pierre and Miquelon,AMRO,0,25,0,0
16-05-2021,PM,Saint Pierre and Miquelon,AMRO,0,25,0,0
17-05-2021,PM,Saint Pierre and Miquelon,AMRO,0,25,0,0
18-05-2021,PM,Saint Pierre and Miquelon,AMRO,0,25,0,0
19-05-2021,PM,Saint Pierre and Miquelon,AMRO,0,25,0,0
20-05-2021,PM,Saint Pierre and Miquelon,AMRO,0,25,0,0
21-05-2021,PM,Saint Pierre and Miquelon,AMRO,0,25,0,0
22-05-2021,PM,Saint Pierre and Miquelon,AMRO,0,25,0,0
23-05-2021,PM,Saint Pierre and Miquelon,AMRO,0,25,0,0
24-05-2021,PM,Saint Pierre and Miquelon,AMRO,0,25,0,0
25-05-2021,PM,Saint Pierre and Miquelon,AMRO,0,25,0,0
26-05-2021,PM,Saint Pierre and Miquelon,AMRO,0,25,0,0
27-05-2021,PM,Saint Pierre and Miquelon,AMRO,0,25,0,0
28-05-2021,PM,Saint Pierre and Miquelon,AMRO,0,25,0,0
29-05-2021,PM,Saint Pierre and Miquelon,AMRO,0,25,0,0
30-05-2021,PM,Saint Pierre and Miquelon,AMRO,0,25,0,0
01-01-2021,VC,Saint Vincent and the Grenadines,AMRO,4,119,0,0
02-01-2021,VC,Saint Vincent and the Grenadines,AMRO,2,121,0,0
03-01-2021,VC,Saint Vincent and the Grenadines,AMRO,1,122,0,0
04-01-2021,VC,Saint Vincent and the Grenadines,AMRO,2,124,0,0
05-01-2021,VC,Saint Vincent and the Grenadines,AMRO,0,124,0,0
06-01-2021,VC,Saint Vincent and the Grenadines,AMRO,9,133,0,0
07-01-2021,VC,Saint Vincent and the Grenadines,AMRO,16,149,0,0
08-01-2021,VC,Saint Vincent and the Grenadines,AMRO,0,149,0,0
09-01-2021,VC,Saint Vincent and the Grenadines,AMRO,55,204,0,0
10-01-2021,VC,Saint Vincent and the Grenadines,AMRO,0,204,0,0
11-01-2021,VC,Saint Vincent and the Grenadines,AMRO,21,225,0,0
12-01-2021,VC,Saint Vincent and the Grenadines,AMRO,24,249,0,0
13-01-2021,VC,Saint Vincent and the Grenadines,AMRO,4,253,0,0
14-01-2021,VC,Saint Vincent and the Grenadines,AMRO,31,284,0,0
15-01-2021,VC,Saint Vincent and the Grenadines,AMRO,56,340,0,0
16-01-2021,VC,Saint Vincent and the Grenadines,AMRO,48,388,0,0
17-01-2021,VC,Saint Vincent and the Grenadines,AMRO,62,450,1,1
18-01-2021,VC,Saint Vincent and the Grenadines,AMRO,28,478,0,1
19-01-2021,VC,Saint Vincent and the Grenadines,AMRO,16,494,1,2
20-01-2021,VC,Saint Vincent and the Grenadines,AMRO,46,540,0,2
21-01-2021,VC,Saint Vincent and the Grenadines,AMRO,62,602,0,2
22-01-2021,VC,Saint Vincent and the Grenadines,AMRO,53,655,0,2
23-01-2021,VC,Saint Vincent and the Grenadines,AMRO,35,690,0,2
24-01-2021,VC,Saint Vincent and the Grenadines,AMRO,30,720,0,2
25-01-2021,VC,Saint Vincent and the Grenadines,AMRO,18,738,0,2
26-01-2021,VC,Saint Vincent and the Grenadines,AMRO,8,746,0,2
27-01-2021,VC,Saint Vincent and the Grenadines,AMRO,17,763,0,2
28-01-2021,VC,Saint Vincent and the Grenadines,AMRO,35,798,0,2
29-01-2021,VC,Saint Vincent and the Grenadines,AMRO,29,827,0,2
30-01-2021,VC,Saint Vincent and the Grenadines,AMRO,38,865,0,2
31-01-2021,VC,Saint Vincent and the Grenadines,AMRO,31,896,0,2
01-02-2021,VC,Saint Vincent and the Grenadines,AMRO,5,901,0,2
02-02-2021,VC,Saint Vincent and the Grenadines,AMRO,50,951,0,2
03-02-2021,VC,Saint Vincent and the Grenadines,AMRO,57,1008,0,2
04-02-2021,VC,Saint Vincent and the Grenadines,AMRO,51,1059,0,2
05-02-2021,VC,Saint Vincent and the Grenadines,AMRO,8,1067,1,3
06-02-2021,VC,Saint Vincent and the Grenadines,AMRO,103,1170,0,3
07-02-2021,VC,Saint Vincent and the Grenadines,AMRO,0,1170,0,3
08-02-2021,VC,Saint Vincent and the Grenadines,AMRO,99,1269,1,4
09-02-2021,VC,Saint Vincent and the Grenadines,AMRO,14,1283,0,4
10-02-2021,VC,Saint Vincent and the Grenadines,AMRO,41,1324,0,4
11-02-2021,VC,Saint Vincent and the Grenadines,AMRO,16,1340,2,6
12-02-2021,VC,Saint Vincent and the Grenadines,AMRO,30,1370,0,6
13-02-2021,VC,Saint Vincent and the Grenadines,AMRO,25,1395,0,6
14-02-2021,VC,Saint Vincent and the Grenadines,AMRO,23,1418,0,6
15-02-2021,VC,Saint Vincent and the Grenadines,AMRO,0,1418,0,6
16-02-2021,VC,Saint Vincent and the Grenadines,AMRO,35,1453,0,6
17-02-2021,VC,Saint Vincent and the Grenadines,AMRO,4,1457,0,6
18-02-2021,VC,Saint Vincent and the Grenadines,AMRO,5,1462,0,6
19-02-2021,VC,Saint Vincent and the Grenadines,AMRO,12,1474,0,6
20-02-2021,VC,Saint Vincent and the Grenadines,AMRO,20,1494,0,6
21-02-2021,VC,Saint Vincent and the Grenadines,AMRO,4,1498,0,6
22-02-2021,VC,Saint Vincent and the Grenadines,AMRO,5,1503,0,6
23-02-2021,VC,Saint Vincent and the Grenadines,AMRO,2,1505,0,6
24-02-2021,VC,Saint Vincent and the Grenadines,AMRO,6,1511,0,6
25-02-2021,VC,Saint Vincent and the Grenadines,AMRO,8,1519,0,6
26-02-2021,VC,Saint Vincent and the Grenadines,AMRO,7,1526,0,6
27-02-2021,VC,Saint Vincent and the Grenadines,AMRO,4,1530,2,8
28-02-2021,VC,Saint Vincent and the Grenadines,AMRO,26,1556,0,8
01-03-2021,VC,Saint Vincent and the Grenadines,AMRO,0,1556,0,8
02-03-2021,VC,Saint Vincent and the Grenadines,AMRO,72,1628,0,8
03-03-2021,VC,Saint Vincent and the Grenadines,AMRO,0,1628,0,8
04-03-2021,VC,Saint Vincent and the Grenadines,AMRO,17,1645,0,8
05-03-2021,VC,Saint Vincent and the Grenadines,AMRO,0,1645,0,8
06-03-2021,VC,Saint Vincent and the Grenadines,AMRO,13,1658,0,8
07-03-2021,VC,Saint Vincent and the Grenadines,AMRO,0,1658,0,8
08-03-2021,VC,Saint Vincent and the Grenadines,AMRO,5,1663,0,8
09-03-2021,VC,Saint Vincent and the Grenadines,AMRO,0,1663,0,8
10-03-2021,VC,Saint Vincent and the Grenadines,AMRO,0,1663,0,8
11-03-2021,VC,Saint Vincent and the Grenadines,AMRO,7,1670,0,8
12-03-2021,VC,Saint Vincent and the Grenadines,AMRO,4,1674,0,8
13-03-2021,VC,Saint Vincent and the Grenadines,AMRO,0,1674,0,8
14-03-2021,VC,Saint Vincent and the Grenadines,AMRO,6,1680,0,8
15-03-2021,VC,Saint Vincent and the Grenadines,AMRO,0,1680,1,9
16-03-2021,VC,Saint Vincent and the Grenadines,AMRO,1,1681,0,9
17-03-2021,VC,Saint Vincent and the Grenadines,AMRO,0,1681,0,9
18-03-2021,VC,Saint Vincent and the Grenadines,AMRO,0,1681,0,9
19-03-2021,VC,Saint Vincent and the Grenadines,AMRO,3,1684,0,9
20-03-2021,VC,Saint Vincent and the Grenadines,AMRO,8,1692,0,9
21-03-2021,VC,Saint Vincent and the Grenadines,AMRO,2,1694,0,9
22-03-2021,VC,Saint Vincent and the Grenadines,AMRO,2,1696,0,9
23-03-2021,VC,Saint Vincent and the Grenadines,AMRO,4,1700,1,10
24-03-2021,VC,Saint Vincent and the Grenadines,AMRO,0,1700,0,10
25-03-2021,VC,Saint Vincent and the Grenadines,AMRO,3,1703,0,10
26-03-2021,VC,Saint Vincent and the Grenadines,AMRO,12,1715,0,10
27-03-2021,VC,Saint Vincent and the Grenadines,AMRO,6,1721,0,10
28-03-2021,VC,Saint Vincent and the Grenadines,AMRO,0,1721,0,10
29-03-2021,VC,Saint Vincent and the Grenadines,AMRO,17,1738,0,10
30-03-2021,VC,Saint Vincent and the Grenadines,AMRO,1,1739,0,10
31-03-2021,VC,Saint Vincent and the Grenadines,AMRO,0,1739,0,10
01-04-2021,VC,Saint Vincent and the Grenadines,AMRO,9,1748,0,10
02-04-2021,VC,Saint Vincent and the Grenadines,AMRO,2,1750,0,10
03-04-2021,VC,Saint Vincent and the Grenadines,AMRO,4,1754,0,10
04-04-2021,VC,Saint Vincent and the Grenadines,AMRO,1,1755,0,10
05-04-2021,VC,Saint Vincent and the Grenadines,AMRO,0,1755,0,10
06-04-2021,VC,Saint Vincent and the Grenadines,AMRO,9,1764,0,10
07-04-2021,VC,Saint Vincent and the Grenadines,AMRO,1,1765,0,10
08-04-2021,VC,Saint Vincent and the Grenadines,AMRO,1,1766,0,10
09-04-2021,VC,Saint Vincent and the Grenadines,AMRO,8,1774,0,10
10-04-2021,VC,Saint Vincent and the Grenadines,AMRO,15,1789,0,10
11-04-2021,VC,Saint Vincent and the Grenadines,AMRO,1,1790,0,10
12-04-2021,VC,Saint Vincent and the Grenadines,AMRO,0,1790,0,10
13-04-2021,VC,Saint Vincent and the Grenadines,AMRO,16,1806,0,10
14-04-2021,VC,Saint Vincent and the Grenadines,AMRO,0,1806,0,10
15-04-2021,VC,Saint Vincent and the Grenadines,AMRO,6,1812,0,10
16-04-2021,VC,Saint Vincent and the Grenadines,AMRO,6,1818,0,10
17-04-2021,VC,Saint Vincent and the Grenadines,AMRO,1,1819,0,10
18-04-2021,VC,Saint Vincent and the Grenadines,AMRO,0,1819,0,10
19-04-2021,VC,Saint Vincent and the Grenadines,AMRO,0,1819,0,10
20-04-2021,VC,Saint Vincent and the Grenadines,AMRO,0,1819,0,10
21-04-2021,VC,Saint Vincent and the Grenadines,AMRO,0,1819,0,10
22-04-2021,VC,Saint Vincent and the Grenadines,AMRO,0,1819,0,10
23-04-2021,VC,Saint Vincent and the Grenadines,AMRO,10,1829,0,10
24-04-2021,VC,Saint Vincent and the Grenadines,AMRO,0,1829,0,10
25-04-2021,VC,Saint Vincent and the Grenadines,AMRO,1,1830,0,10
26-04-2021,VC,Saint Vincent and the Grenadines,AMRO,0,1830,0,10
27-04-2021,VC,Saint Vincent and the Grenadines,AMRO,9,1839,0,10
28-04-2021,VC,Saint Vincent and the Grenadines,AMRO,5,1844,1,11
29-04-2021,VC,Saint Vincent and the Grenadines,AMRO,6,1850,0,11
30-04-2021,VC,Saint Vincent and the Grenadines,AMRO,5,1855,0,11
01-05-2021,VC,Saint Vincent and the Grenadines,AMRO,9,1864,0,11
02-05-2021,VC,Saint Vincent and the Grenadines,AMRO,0,1864,0,11
03-05-2021,VC,Saint Vincent and the Grenadines,AMRO,0,1864,0,11
04-05-2021,VC,Saint Vincent and the Grenadines,AMRO,18,1882,0,11
05-05-2021,VC,Saint Vincent and the Grenadines,AMRO,0,1882,0,11
06-05-2021,VC,Saint Vincent and the Grenadines,AMRO,0,1882,0,11
07-05-2021,VC,Saint Vincent and the Grenadines,AMRO,7,1889,1,12
08-05-2021,VC,Saint Vincent and the Grenadines,AMRO,6,1895,0,12
09-05-2021,VC,Saint Vincent and the Grenadines,AMRO,17,1912,0,12
10-05-2021,VC,Saint Vincent and the Grenadines,AMRO,0,1912,0,12
11-05-2021,VC,Saint Vincent and the Grenadines,AMRO,10,1922,0,12
12-05-2021,VC,Saint Vincent and the Grenadines,AMRO,0,1922,0,12
13-05-2021,VC,Saint Vincent and the Grenadines,AMRO,0,1922,0,12
14-05-2021,VC,Saint Vincent and the Grenadines,AMRO,6,1928,0,12
15-05-2021,VC,Saint Vincent and the Grenadines,AMRO,4,1932,0,12
16-05-2021,VC,Saint Vincent and the Grenadines,AMRO,0,1932,0,12
17-05-2021,VC,Saint Vincent and the Grenadines,AMRO,15,1947,0,12
18-05-2021,VC,Saint Vincent and the Grenadines,AMRO,0,1947,0,12
19-05-2021,VC,Saint Vincent and the Grenadines,AMRO,0,1947,0,12
20-05-2021,VC,Saint Vincent and the Grenadines,AMRO,2,1949,0,12
21-05-2021,VC,Saint Vincent and the Grenadines,AMRO,5,1954,0,12
22-05-2021,VC,Saint Vincent and the Grenadines,AMRO,8,1962,0,12
23-05-2021,VC,Saint Vincent and the Grenadines,AMRO,11,1973,0,12
24-05-2021,VC,Saint Vincent and the Grenadines,AMRO,5,1978,0,12
25-05-2021,VC,Saint Vincent and the Grenadines,AMRO,11,1989,0,12
26-05-2021,VC,Saint Vincent and the Grenadines,AMRO,0,1989,0,12
27-05-2021,VC,Saint Vincent and the Grenadines,AMRO,6,1995,0,12
28-05-2021,VC,Saint Vincent and the Grenadines,AMRO,11,2006,0,12
29-05-2021,VC,Saint Vincent and the Grenadines,AMRO,0,2006,0,12
30-05-2021,VC,Saint Vincent and the Grenadines,AMRO,21,2027,0,12
01-01-2021,WS,Samoa,WPRO,0,1,0,0
02-01-2021,WS,Samoa,WPRO,0,1,0,0
03-01-2021,WS,Samoa,WPRO,0,1,0,0
04-01-2021,WS,Samoa,WPRO,0,1,0,0
05-01-2021,WS,Samoa,WPRO,0,1,0,0
06-01-2021,WS,Samoa,WPRO,0,1,0,0
07-01-2021,WS,Samoa,WPRO,0,1,0,0
08-01-2021,WS,Samoa,WPRO,0,1,0,0
09-01-2021,WS,Samoa,WPRO,0,1,0,0
10-01-2021,WS,Samoa,WPRO,0,1,0,0
11-01-2021,WS,Samoa,WPRO,0,1,0,0
12-01-2021,WS,Samoa,WPRO,0,1,0,0
13-01-2021,WS,Samoa,WPRO,0,1,0,0
14-01-2021,WS,Samoa,WPRO,0,1,0,0
15-01-2021,WS,Samoa,WPRO,0,1,0,0
16-01-2021,WS,Samoa,WPRO,0,1,0,0
17-01-2021,WS,Samoa,WPRO,0,1,0,0
18-01-2021,WS,Samoa,WPRO,0,1,0,0
19-01-2021,WS,Samoa,WPRO,0,1,0,0
20-01-2021,WS,Samoa,WPRO,0,1,0,0
21-01-2021,WS,Samoa,WPRO,0,1,0,0
22-01-2021,WS,Samoa,WPRO,0,1,0,0
23-01-2021,WS,Samoa,WPRO,0,1,0,0
24-01-2021,WS,Samoa,WPRO,0,1,0,0
25-01-2021,WS,Samoa,WPRO,0,1,0,0
26-01-2021,WS,Samoa,WPRO,0,1,0,0
27-01-2021,WS,Samoa,WPRO,0,1,0,0
28-01-2021,WS,Samoa,WPRO,0,1,0,0
29-01-2021,WS,Samoa,WPRO,0,1,0,0
30-01-2021,WS,Samoa,WPRO,0,1,0,0
31-01-2021,WS,Samoa,WPRO,0,1,0,0
01-02-2021,WS,Samoa,WPRO,0,1,0,0
02-02-2021,WS,Samoa,WPRO,0,1,0,0
03-02-2021,WS,Samoa,WPRO,0,1,0,0
04-02-2021,WS,Samoa,WPRO,0,1,0,0
05-02-2021,WS,Samoa,WPRO,0,1,0,0
06-02-2021,WS,Samoa,WPRO,0,1,0,0
07-02-2021,WS,Samoa,WPRO,0,1,0,0
08-02-2021,WS,Samoa,WPRO,0,1,0,0
09-02-2021,WS,Samoa,WPRO,0,1,0,0
10-02-2021,WS,Samoa,WPRO,0,1,0,0
11-02-2021,WS,Samoa,WPRO,0,1,0,0
12-02-2021,WS,Samoa,WPRO,0,1,0,0
13-02-2021,WS,Samoa,WPRO,0,1,0,0
14-02-2021,WS,Samoa,WPRO,0,1,0,0
15-02-2021,WS,Samoa,WPRO,0,1,0,0
16-02-2021,WS,Samoa,WPRO,0,1,0,0
17-02-2021,WS,Samoa,WPRO,0,1,0,0
18-02-2021,WS,Samoa,WPRO,0,1,0,0
19-02-2021,WS,Samoa,WPRO,0,1,0,0
20-02-2021,WS,Samoa,WPRO,0,1,0,0
21-02-2021,WS,Samoa,WPRO,0,1,0,0
22-02-2021,WS,Samoa,WPRO,0,1,0,0
23-02-2021,WS,Samoa,WPRO,0,1,0,0
24-02-2021,WS,Samoa,WPRO,0,1,0,0
25-02-2021,WS,Samoa,WPRO,0,1,0,0
26-02-2021,WS,Samoa,WPRO,0,1,0,0
27-02-2021,WS,Samoa,WPRO,0,1,0,0
28-02-2021,WS,Samoa,WPRO,0,1,0,0
01-03-2021,WS,Samoa,WPRO,0,1,0,0
02-03-2021,WS,Samoa,WPRO,0,1,0,0
03-03-2021,WS,Samoa,WPRO,0,1,0,0
04-03-2021,WS,Samoa,WPRO,0,1,0,0
05-03-2021,WS,Samoa,WPRO,0,1,0,0
06-03-2021,WS,Samoa,WPRO,0,1,0,0
07-03-2021,WS,Samoa,WPRO,0,1,0,0
08-03-2021,WS,Samoa,WPRO,0,1,0,0
09-03-2021,WS,Samoa,WPRO,0,1,0,0
10-03-2021,WS,Samoa,WPRO,0,1,0,0
11-03-2021,WS,Samoa,WPRO,0,1,0,0
12-03-2021,WS,Samoa,WPRO,0,1,0,0
13-03-2021,WS,Samoa,WPRO,0,1,0,0
14-03-2021,WS,Samoa,WPRO,0,1,0,0
15-03-2021,WS,Samoa,WPRO,0,1,0,0
16-03-2021,WS,Samoa,WPRO,0,1,0,0
17-03-2021,WS,Samoa,WPRO,0,1,0,0
18-03-2021,WS,Samoa,WPRO,0,1,0,0
19-03-2021,WS,Samoa,WPRO,0,1,0,0
20-03-2021,WS,Samoa,WPRO,0,1,0,0
21-03-2021,WS,Samoa,WPRO,0,1,0,0
22-03-2021,WS,Samoa,WPRO,0,1,0,0
23-03-2021,WS,Samoa,WPRO,0,1,0,0
24-03-2021,WS,Samoa,WPRO,0,1,0,0
25-03-2021,WS,Samoa,WPRO,0,1,0,0
26-03-2021,WS,Samoa,WPRO,0,1,0,0
27-03-2021,WS,Samoa,WPRO,0,1,0,0
28-03-2021,WS,Samoa,WPRO,0,1,0,0
29-03-2021,WS,Samoa,WPRO,0,1,0,0
30-03-2021,WS,Samoa,WPRO,0,1,0,0
31-03-2021,WS,Samoa,WPRO,0,1,0,0
01-04-2021,WS,Samoa,WPRO,0,1,0,0
02-04-2021,WS,Samoa,WPRO,0,1,0,0
03-04-2021,WS,Samoa,WPRO,0,1,0,0
04-04-2021,WS,Samoa,WPRO,0,1,0,0
05-04-2021,WS,Samoa,WPRO,0,1,0,0
06-04-2021,WS,Samoa,WPRO,0,1,0,0
07-04-2021,WS,Samoa,WPRO,0,1,0,0
08-04-2021,WS,Samoa,WPRO,0,1,0,0
09-04-2021,WS,Samoa,WPRO,0,1,0,0
10-04-2021,WS,Samoa,WPRO,0,1,0,0
11-04-2021,WS,Samoa,WPRO,0,1,0,0
12-04-2021,WS,Samoa,WPRO,0,1,0,0
13-04-2021,WS,Samoa,WPRO,0,1,0,0
14-04-2021,WS,Samoa,WPRO,0,1,0,0
15-04-2021,WS,Samoa,WPRO,0,1,0,0
16-04-2021,WS,Samoa,WPRO,0,1,0,0
17-04-2021,WS,Samoa,WPRO,0,1,0,0
18-04-2021,WS,Samoa,WPRO,0,1,0,0
19-04-2021,WS,Samoa,WPRO,0,1,0,0
20-04-2021,WS,Samoa,WPRO,0,1,0,0
21-04-2021,WS,Samoa,WPRO,0,1,0,0
22-04-2021,WS,Samoa,WPRO,0,1,0,0
23-04-2021,WS,Samoa,WPRO,0,1,0,0
24-04-2021,WS,Samoa,WPRO,0,1,0,0
25-04-2021,WS,Samoa,WPRO,0,1,0,0
26-04-2021,WS,Samoa,WPRO,0,1,0,0
27-04-2021,WS,Samoa,WPRO,0,1,0,0
28-04-2021,WS,Samoa,WPRO,0,1,0,0
29-04-2021,WS,Samoa,WPRO,0,1,0,0
30-04-2021,WS,Samoa,WPRO,0,1,0,0
01-05-2021,WS,Samoa,WPRO,0,1,0,0
02-05-2021,WS,Samoa,WPRO,0,1,0,0
03-05-2021,WS,Samoa,WPRO,0,1,0,0
04-05-2021,WS,Samoa,WPRO,0,1,0,0
05-05-2021,WS,Samoa,WPRO,0,1,0,0
06-05-2021,WS,Samoa,WPRO,0,1,0,0
07-05-2021,WS,Samoa,WPRO,0,1,0,0
08-05-2021,WS,Samoa,WPRO,0,1,0,0
09-05-2021,WS,Samoa,WPRO,0,1,0,0
10-05-2021,WS,Samoa,WPRO,0,1,0,0
11-05-2021,WS,Samoa,WPRO,0,1,0,0
12-05-2021,WS,Samoa,WPRO,0,1,0,0
13-05-2021,WS,Samoa,WPRO,0,1,0,0
14-05-2021,WS,Samoa,WPRO,0,1,0,0
15-05-2021,WS,Samoa,WPRO,0,1,0,0
16-05-2021,WS,Samoa,WPRO,0,1,0,0
17-05-2021,WS,Samoa,WPRO,0,1,0,0
18-05-2021,WS,Samoa,WPRO,0,1,0,0
19-05-2021,WS,Samoa,WPRO,0,1,0,0
20-05-2021,WS,Samoa,WPRO,0,1,0,0
21-05-2021,WS,Samoa,WPRO,0,1,0,0
22-05-2021,WS,Samoa,WPRO,0,1,0,0
23-05-2021,WS,Samoa,WPRO,0,1,0,0
24-05-2021,WS,Samoa,WPRO,0,1,0,0
25-05-2021,WS,Samoa,WPRO,0,1,0,0
26-05-2021,WS,Samoa,WPRO,0,1,0,0
27-05-2021,WS,Samoa,WPRO,0,1,0,0
28-05-2021,WS,Samoa,WPRO,0,1,0,0
29-05-2021,WS,Samoa,WPRO,0,1,0,0
30-05-2021,WS,Samoa,WPRO,0,1,0,0
01-01-2021,SM,San Marino,EURO,51,2384,0,59
02-01-2021,SM,San Marino,EURO,44,2428,0,59
03-01-2021,SM,San Marino,EURO,35,2463,2,61
04-01-2021,SM,San Marino,EURO,0,2463,0,61
05-01-2021,SM,San Marino,EURO,30,2493,1,62
06-01-2021,SM,San Marino,EURO,56,2549,0,62
07-01-2021,SM,San Marino,EURO,0,2549,0,62
08-01-2021,SM,San Marino,EURO,34,2583,2,64
09-01-2021,SM,San Marino,EURO,45,2628,0,64
10-01-2021,SM,San Marino,EURO,22,2650,0,64
11-01-2021,SM,San Marino,EURO,0,2650,0,64
12-01-2021,SM,San Marino,EURO,0,2650,0,64
13-01-2021,SM,San Marino,EURO,56,2706,1,65
14-01-2021,SM,San Marino,EURO,17,2723,0,65
15-01-2021,SM,San Marino,EURO,15,2738,0,65
16-01-2021,SM,San Marino,EURO,29,2767,0,65
17-01-2021,SM,San Marino,EURO,11,2778,0,65
18-01-2021,SM,San Marino,EURO,0,2778,0,65
19-01-2021,SM,San Marino,EURO,9,2787,0,65
20-01-2021,SM,San Marino,EURO,0,2787,0,65
21-01-2021,SM,San Marino,EURO,28,2815,0,65
22-01-2021,SM,San Marino,EURO,18,2833,0,65
23-01-2021,SM,San Marino,EURO,28,2861,0,65
24-01-2021,SM,San Marino,EURO,13,2874,0,65
25-01-2021,SM,San Marino,EURO,0,2874,0,65
26-01-2021,SM,San Marino,EURO,15,2889,0,65
27-01-2021,SM,San Marino,EURO,26,2915,0,65
28-01-2021,SM,San Marino,EURO,26,2941,0,65
29-01-2021,SM,San Marino,EURO,28,2969,0,65
30-01-2021,SM,San Marino,EURO,27,2996,0,65
31-01-2021,SM,San Marino,EURO,29,3025,2,67
01-02-2021,SM,San Marino,EURO,0,3025,0,67
02-02-2021,SM,San Marino,EURO,41,3066,0,67
03-02-2021,SM,San Marino,EURO,28,3094,1,68
04-02-2021,SM,San Marino,EURO,17,3111,0,68
05-02-2021,SM,San Marino,EURO,14,3125,0,68
06-02-2021,SM,San Marino,EURO,2,3127,1,69
07-02-2021,SM,San Marino,EURO,9,3136,0,69
08-02-2021,SM,San Marino,EURO,1,3137,0,69
09-02-2021,SM,San Marino,EURO,0,3137,0,69
10-02-2021,SM,San Marino,EURO,50,3187,2,71
11-02-2021,SM,San Marino,EURO,26,3213,0,71
12-02-2021,SM,San Marino,EURO,34,3247,1,72
13-02-2021,SM,San Marino,EURO,31,3278,0,72
14-02-2021,SM,San Marino,EURO,26,3304,0,72
15-02-2021,SM,San Marino,EURO,10,3314,0,72
16-02-2021,SM,San Marino,EURO,3,3317,0,72
17-02-2021,SM,San Marino,EURO,35,3352,0,72
18-02-2021,SM,San Marino,EURO,42,3394,0,72
19-02-2021,SM,San Marino,EURO,26,3420,0,72
20-02-2021,SM,San Marino,EURO,20,3440,0,72
21-02-2021,SM,San Marino,EURO,32,3472,0,72
22-02-2021,SM,San Marino,EURO,20,3492,0,72
23-02-2021,SM,San Marino,EURO,2,3494,0,72
24-02-2021,SM,San Marino,EURO,44,3538,1,73
25-02-2021,SM,San Marino,EURO,47,3585,0,73
26-02-2021,SM,San Marino,EURO,36,3621,0,73
27-02-2021,SM,San Marino,EURO,50,3671,0,73
28-02-2021,SM,San Marino,EURO,45,3716,1,74
01-03-2021,SM,San Marino,EURO,0,3716,0,74
02-03-2021,SM,San Marino,EURO,30,3746,0,74
03-03-2021,SM,San Marino,EURO,45,3791,0,74
04-03-2021,SM,San Marino,EURO,38,3829,1,75
05-03-2021,SM,San Marino,EURO,38,3867,0,75
06-03-2021,SM,San Marino,EURO,29,3896,1,76
07-03-2021,SM,San Marino,EURO,26,3922,0,76
08-03-2021,SM,San Marino,EURO,13,3935,0,76
09-03-2021,SM,San Marino,EURO,49,3984,1,77
10-03-2021,SM,San Marino,EURO,46,4030,0,77
11-03-2021,SM,San Marino,EURO,32,4062,0,77
12-03-2021,SM,San Marino,EURO,34,4096,0,77
13-03-2021,SM,San Marino,EURO,30,4126,0,77
14-03-2021,SM,San Marino,EURO,0,4126,0,77
15-03-2021,SM,San Marino,EURO,0,4126,0,77
16-03-2021,SM,San Marino,EURO,25,4151,0,77
17-03-2021,SM,San Marino,EURO,53,4204,0,77
18-03-2021,SM,San Marino,EURO,45,4249,0,77
19-03-2021,SM,San Marino,EURO,43,4292,1,78
20-03-2021,SM,San Marino,EURO,36,4328,1,79
21-03-2021,SM,San Marino,EURO,28,4356,0,79
22-03-2021,SM,San Marino,EURO,0,4356,0,79
23-03-2021,SM,San Marino,EURO,32,4388,0,79
24-03-2021,SM,San Marino,EURO,45,4433,1,80
25-03-2021,SM,San Marino,EURO,51,4484,2,82
26-03-2021,SM,San Marino,EURO,63,4547,2,84
27-03-2021,SM,San Marino,EURO,56,4603,0,84
28-03-2021,SM,San Marino,EURO,23,4626,0,84
29-03-2021,SM,San Marino,EURO,5,4631,0,84
30-03-2021,SM,San Marino,EURO,55,4686,0,84
31-03-2021,SM,San Marino,EURO,46,4732,0,84
01-04-2021,SM,San Marino,EURO,6,4738,0,84
02-04-2021,SM,San Marino,EURO,48,4786,0,84
03-04-2021,SM,San Marino,EURO,16,4802,0,84
04-04-2021,SM,San Marino,EURO,3,4805,0,84
05-04-2021,SM,San Marino,EURO,59,4864,1,85
06-04-2021,SM,San Marino,EURO,0,4864,0,85
07-04-2021,SM,San Marino,EURO,0,4864,0,85
08-04-2021,SM,San Marino,EURO,40,4904,0,85
09-04-2021,SM,San Marino,EURO,28,4932,0,85
10-04-2021,SM,San Marino,EURO,12,4944,0,85
11-04-2021,SM,San Marino,EURO,12,4956,0,85
12-04-2021,SM,San Marino,EURO,0,4956,0,85
13-04-2021,SM,San Marino,EURO,6,4962,1,86
14-04-2021,SM,San Marino,EURO,23,4985,0,86
15-04-2021,SM,San Marino,EURO,19,5004,0,86
16-04-2021,SM,San Marino,EURO,6,5010,0,86
17-04-2021,SM,San Marino,EURO,0,5010,0,86
18-04-2021,SM,San Marino,EURO,0,5010,0,86
19-04-2021,SM,San Marino,EURO,20,5030,2,88
20-04-2021,SM,San Marino,EURO,10,5040,0,88
21-04-2021,SM,San Marino,EURO,4,5044,0,88
22-04-2021,SM,San Marino,EURO,2,5046,0,88
23-04-2021,SM,San Marino,EURO,1,5047,1,89
24-04-2021,SM,San Marino,EURO,0,5047,0,89
25-04-2021,SM,San Marino,EURO,0,5047,0,89
26-04-2021,SM,San Marino,EURO,8,5055,1,90
27-04-2021,SM,San Marino,EURO,3,5058,0,90
28-04-2021,SM,San Marino,EURO,0,5058,0,90
29-04-2021,SM,San Marino,EURO,2,5060,0,90
30-04-2021,SM,San Marino,EURO,0,5060,0,90
01-05-2021,SM,San Marino,EURO,6,5066,0,90
02-05-2021,SM,San Marino,EURO,0,5066,0,90
03-05-2021,SM,San Marino,EURO,1,5067,0,90
04-05-2021,SM,San Marino,EURO,4,5071,0,90
05-05-2021,SM,San Marino,EURO,5,5076,0,90
06-05-2021,SM,San Marino,EURO,3,5079,0,90
07-05-2021,SM,San Marino,EURO,0,5079,0,90
08-05-2021,SM,San Marino,EURO,0,5079,0,90
09-05-2021,SM,San Marino,EURO,0,5079,0,90
10-05-2021,SM,San Marino,EURO,4,5083,0,90
11-05-2021,SM,San Marino,EURO,0,5083,0,90
12-05-2021,SM,San Marino,EURO,3,5086,0,90
13-05-2021,SM,San Marino,EURO,1,5087,0,90
14-05-2021,SM,San Marino,EURO,0,5087,0,90
15-05-2021,SM,San Marino,EURO,0,5087,0,90
16-05-2021,SM,San Marino,EURO,0,5087,0,90
17-05-2021,SM,San Marino,EURO,0,5087,0,90
18-05-2021,SM,San Marino,EURO,2,5089,0,90
19-05-2021,SM,San Marino,EURO,0,5089,0,90
20-05-2021,SM,San Marino,EURO,0,5089,0,90
21-05-2021,SM,San Marino,EURO,0,5089,0,90
22-05-2021,SM,San Marino,EURO,0,5089,0,90
23-05-2021,SM,San Marino,EURO,0,5089,0,90
24-05-2021,SM,San Marino,EURO,0,5089,0,90
25-05-2021,SM,San Marino,EURO,0,5089,0,90
26-05-2021,SM,San Marino,EURO,0,5089,0,90
27-05-2021,SM,San Marino,EURO,1,5090,0,90
28-05-2021,SM,San Marino,EURO,0,5090,0,90
29-05-2021,SM,San Marino,EURO,0,5090,0,90
30-05-2021,SM,San Marino,EURO,0,5090,0,90
01-01-2021,ST,Sao Tome and Principe,AFRO,0,1014,0,17
02-01-2021,ST,Sao Tome and Principe,AFRO,0,1014,0,17
03-01-2021,ST,Sao Tome and Principe,AFRO,10,1024,0,17
04-01-2021,ST,Sao Tome and Principe,AFRO,0,1024,0,17
05-01-2021,ST,Sao Tome and Principe,AFRO,0,1024,0,17
06-01-2021,ST,Sao Tome and Principe,AFRO,0,1024,0,17
07-01-2021,ST,Sao Tome and Principe,AFRO,0,1024,0,17
08-01-2021,ST,Sao Tome and Principe,AFRO,11,1035,0,17
09-01-2021,ST,Sao Tome and Principe,AFRO,19,1054,0,17
10-01-2021,ST,Sao Tome and Principe,AFRO,0,1054,0,17
11-01-2021,ST,Sao Tome and Principe,AFRO,12,1066,0,17
12-01-2021,ST,Sao Tome and Principe,AFRO,0,1066,0,17
13-01-2021,ST,Sao Tome and Principe,AFRO,24,1090,0,17
14-01-2021,ST,Sao Tome and Principe,AFRO,15,1105,0,17
15-01-2021,ST,Sao Tome and Principe,AFRO,14,1119,0,17
16-01-2021,ST,Sao Tome and Principe,AFRO,6,1125,0,17
17-01-2021,ST,Sao Tome and Principe,AFRO,5,1130,0,17
18-01-2021,ST,Sao Tome and Principe,AFRO,12,1142,0,17
19-01-2021,ST,Sao Tome and Principe,AFRO,0,1142,0,17
20-01-2021,ST,Sao Tome and Principe,AFRO,9,1151,0,17
21-01-2021,ST,Sao Tome and Principe,AFRO,19,1170,0,17
22-01-2021,ST,Sao Tome and Principe,AFRO,1,1171,0,17
23-01-2021,ST,Sao Tome and Principe,AFRO,11,1182,0,17
24-01-2021,ST,Sao Tome and Principe,AFRO,0,1182,0,17
25-01-2021,ST,Sao Tome and Principe,AFRO,6,1188,0,17
26-01-2021,ST,Sao Tome and Principe,AFRO,1,1189,0,17
27-01-2021,ST,Sao Tome and Principe,AFRO,21,1210,0,17
28-01-2021,ST,Sao Tome and Principe,AFRO,11,1221,0,17
29-01-2021,ST,Sao Tome and Principe,AFRO,11,1232,0,17
30-01-2021,ST,Sao Tome and Principe,AFRO,13,1245,0,17
31-01-2021,ST,Sao Tome and Principe,AFRO,11,1256,0,17
01-02-2021,ST,Sao Tome and Principe,AFRO,0,1256,0,17
02-02-2021,ST,Sao Tome and Principe,AFRO,3,1259,0,17
03-02-2021,ST,Sao Tome and Principe,AFRO,12,1271,0,17
04-02-2021,ST,Sao Tome and Principe,AFRO,4,1275,0,17
05-02-2021,ST,Sao Tome and Principe,AFRO,0,1275,0,17
06-02-2021,ST,Sao Tome and Principe,AFRO,59,1334,1,18
07-02-2021,ST,Sao Tome and Principe,AFRO,5,1339,0,18
08-02-2021,ST,Sao Tome and Principe,AFRO,0,1339,0,18
09-02-2021,ST,Sao Tome and Principe,AFRO,16,1355,0,18
10-02-2021,ST,Sao Tome and Principe,AFRO,30,1385,0,18
11-02-2021,ST,Sao Tome and Principe,AFRO,45,1430,0,18
12-02-2021,ST,Sao Tome and Principe,AFRO,1,1431,1,19
13-02-2021,ST,Sao Tome and Principe,AFRO,47,1478,0,19
14-02-2021,ST,Sao Tome and Principe,AFRO,4,1482,0,19
15-02-2021,ST,Sao Tome and Principe,AFRO,0,1482,0,19
16-02-2021,ST,Sao Tome and Principe,AFRO,0,1482,0,19
17-02-2021,ST,Sao Tome and Principe,AFRO,38,1520,0,19
18-02-2021,ST,Sao Tome and Principe,AFRO,15,1535,1,20
19-02-2021,ST,Sao Tome and Principe,AFRO,13,1548,0,20
20-02-2021,ST,Sao Tome and Principe,AFRO,30,1578,0,20
21-02-2021,ST,Sao Tome and Principe,AFRO,0,1578,1,21
22-02-2021,ST,Sao Tome and Principe,AFRO,32,1610,0,21
23-02-2021,ST,Sao Tome and Principe,AFRO,18,1628,1,22
24-02-2021,ST,Sao Tome and Principe,AFRO,27,1655,4,26
25-02-2021,ST,Sao Tome and Principe,AFRO,17,1672,1,27
26-02-2021,ST,Sao Tome and Principe,AFRO,47,1719,0,27
27-02-2021,ST,Sao Tome and Principe,AFRO,26,1745,1,28
28-02-2021,ST,Sao Tome and Principe,AFRO,41,1786,0,28
01-03-2021,ST,Sao Tome and Principe,AFRO,0,1786,1,29
02-03-2021,ST,Sao Tome and Principe,AFRO,42,1828,1,30
03-03-2021,ST,Sao Tome and Principe,AFRO,12,1840,0,30
04-03-2021,ST,Sao Tome and Principe,AFRO,41,1881,0,30
05-03-2021,ST,Sao Tome and Principe,AFRO,14,1895,0,30
06-03-2021,ST,Sao Tome and Principe,AFRO,28,1923,1,31
07-03-2021,ST,Sao Tome and Principe,AFRO,15,1938,0,31
08-03-2021,ST,Sao Tome and Principe,AFRO,6,1944,1,32
09-03-2021,ST,Sao Tome and Principe,AFRO,17,1961,0,32
10-03-2021,ST,Sao Tome and Principe,AFRO,16,1977,0,32
11-03-2021,ST,Sao Tome and Principe,AFRO,33,2010,0,32
12-03-2021,ST,Sao Tome and Principe,AFRO,25,2035,0,32
13-03-2021,ST,Sao Tome and Principe,AFRO,0,2035,0,32
14-03-2021,ST,Sao Tome and Principe,AFRO,43,2078,0,32
15-03-2021,ST,Sao Tome and Principe,AFRO,0,2078,0,32
16-03-2021,ST,Sao Tome and Principe,AFRO,6,2084,0,32
17-03-2021,ST,Sao Tome and Principe,AFRO,1,2085,0,32
18-03-2021,ST,Sao Tome and Principe,AFRO,22,2107,1,33
19-03-2021,ST,Sao Tome and Principe,AFRO,7,2114,1,34
20-03-2021,ST,Sao Tome and Principe,AFRO,9,2123,0,34
21-03-2021,ST,Sao Tome and Principe,AFRO,19,2142,0,34
22-03-2021,ST,Sao Tome and Principe,AFRO,3,2145,0,34
23-03-2021,ST,Sao Tome and Principe,AFRO,12,2157,0,34
24-03-2021,ST,Sao Tome and Principe,AFRO,2,2159,0,34
25-03-2021,ST,Sao Tome and Principe,AFRO,15,2174,0,34
26-03-2021,ST,Sao Tome and Principe,AFRO,0,2174,0,34
27-03-2021,ST,Sao Tome and Principe,AFRO,22,2196,0,34
28-03-2021,ST,Sao Tome and Principe,AFRO,14,2210,0,34
29-03-2021,ST,Sao Tome and Principe,AFRO,2,2212,0,34
30-03-2021,ST,Sao Tome and Principe,AFRO,3,2215,0,34
31-03-2021,ST,Sao Tome and Principe,AFRO,6,2221,0,34
01-04-2021,ST,Sao Tome and Principe,AFRO,4,2225,0,34
02-04-2021,ST,Sao Tome and Principe,AFRO,7,2232,0,34
03-04-2021,ST,Sao Tome and Principe,AFRO,4,2236,0,34
04-04-2021,ST,Sao Tome and Principe,AFRO,4,2240,1,35
05-04-2021,ST,Sao Tome and Principe,AFRO,0,2240,0,35
06-04-2021,ST,Sao Tome and Principe,AFRO,0,2240,0,35
07-04-2021,ST,Sao Tome and Principe,AFRO,8,2248,0,35
08-04-2021,ST,Sao Tome and Principe,AFRO,7,2255,0,35
09-04-2021,ST,Sao Tome and Principe,AFRO,0,2255,0,35
10-04-2021,ST,Sao Tome and Principe,AFRO,6,2261,0,35
11-04-2021,ST,Sao Tome and Principe,AFRO,2,2263,0,35
12-04-2021,ST,Sao Tome and Principe,AFRO,3,2266,0,35
13-04-2021,ST,Sao Tome and Principe,AFRO,0,2266,0,35
14-04-2021,ST,Sao Tome and Principe,AFRO,2,2268,0,35
15-04-2021,ST,Sao Tome and Principe,AFRO,0,2268,0,35
16-04-2021,ST,Sao Tome and Principe,AFRO,1,2269,0,35
17-04-2021,ST,Sao Tome and Principe,AFRO,3,2272,0,35
18-04-2021,ST,Sao Tome and Principe,AFRO,3,2275,0,35
19-04-2021,ST,Sao Tome and Principe,AFRO,0,2275,0,35
20-04-2021,ST,Sao Tome and Principe,AFRO,0,2275,0,35
21-04-2021,ST,Sao Tome and Principe,AFRO,8,2283,0,35
22-04-2021,ST,Sao Tome and Principe,AFRO,0,2283,0,35
23-04-2021,ST,Sao Tome and Principe,AFRO,5,2288,0,35
24-04-2021,ST,Sao Tome and Principe,AFRO,4,2292,0,35
25-04-2021,ST,Sao Tome and Principe,AFRO,6,2298,0,35
26-04-2021,ST,Sao Tome and Principe,AFRO,-1,2297,0,35
27-04-2021,ST,Sao Tome and Principe,AFRO,1,2298,0,35
28-04-2021,ST,Sao Tome and Principe,AFRO,0,2298,0,35
29-04-2021,ST,Sao Tome and Principe,AFRO,3,2301,0,35
30-04-2021,ST,Sao Tome and Principe,AFRO,0,2301,0,35
01-05-2021,ST,Sao Tome and Principe,AFRO,1,2302,0,35
02-05-2021,ST,Sao Tome and Principe,AFRO,8,2310,0,35
03-05-2021,ST,Sao Tome and Principe,AFRO,0,2310,0,35
04-05-2021,ST,Sao Tome and Principe,AFRO,0,2310,0,35
05-05-2021,ST,Sao Tome and Principe,AFRO,1,2311,0,35
06-05-2021,ST,Sao Tome and Principe,AFRO,3,2314,0,35
07-05-2021,ST,Sao Tome and Principe,AFRO,3,2317,0,35
08-05-2021,ST,Sao Tome and Principe,AFRO,0,2317,0,35
09-05-2021,ST,Sao Tome and Principe,AFRO,1,2318,0,35
10-05-2021,ST,Sao Tome and Principe,AFRO,0,2318,0,35
11-05-2021,ST,Sao Tome and Principe,AFRO,1,2319,0,35
12-05-2021,ST,Sao Tome and Principe,AFRO,1,2320,0,35
13-05-2021,ST,Sao Tome and Principe,AFRO,0,2320,0,35
14-05-2021,ST,Sao Tome and Principe,AFRO,0,2320,0,35
15-05-2021,ST,Sao Tome and Principe,AFRO,4,2324,0,35
16-05-2021,ST,Sao Tome and Principe,AFRO,3,2327,0,35
17-05-2021,ST,Sao Tome and Principe,AFRO,0,2327,0,35
18-05-2021,ST,Sao Tome and Principe,AFRO,3,2330,0,35
19-05-2021,ST,Sao Tome and Principe,AFRO,1,2331,0,35
20-05-2021,ST,Sao Tome and Principe,AFRO,1,2332,0,35
21-05-2021,ST,Sao Tome and Principe,AFRO,1,2333,0,35
22-05-2021,ST,Sao Tome and Principe,AFRO,1,2334,1,36
23-05-2021,ST,Sao Tome and Principe,AFRO,0,2334,0,36
24-05-2021,ST,Sao Tome and Principe,AFRO,2,2336,1,37
25-05-2021,ST,Sao Tome and Principe,AFRO,0,2336,0,37
26-05-2021,ST,Sao Tome and Principe,AFRO,1,2337,0,37
27-05-2021,ST,Sao Tome and Principe,AFRO,1,2338,0,37
28-05-2021,ST,Sao Tome and Principe,AFRO,0,2338,0,37
29-05-2021,ST,Sao Tome and Principe,AFRO,6,2344,0,37
30-05-2021,ST,Sao Tome and Principe,AFRO,1,2345,0,37
01-01-2021,SA,Saudi Arabia,EMRO,140,362741,9,6223
02-01-2021,SA,Saudi Arabia,EMRO,137,362878,7,6230
03-01-2021,SA,Saudi Arabia,EMRO,101,362979,9,6239
04-01-2021,SA,Saudi Arabia,EMRO,82,363061,7,6246
05-01-2021,SA,Saudi Arabia,EMRO,94,363155,10,6256
06-01-2021,SA,Saudi Arabia,EMRO,104,363259,9,6265
07-01-2021,SA,Saudi Arabia,EMRO,118,363377,7,6272
08-01-2021,SA,Saudi Arabia,EMRO,108,363485,6,6278
09-01-2021,SA,Saudi Arabia,EMRO,97,363582,4,6282
10-01-2021,SA,Saudi Arabia,EMRO,110,363692,4,6286
11-01-2021,SA,Saudi Arabia,EMRO,117,363809,5,6291
12-01-2021,SA,Saudi Arabia,EMRO,140,363949,4,6295
13-01-2021,SA,Saudi Arabia,EMRO,147,364096,5,6300
14-01-2021,SA,Saudi Arabia,EMRO,175,364271,4,6304
15-01-2021,SA,Saudi Arabia,EMRO,169,364440,6,6310
16-01-2021,SA,Saudi Arabia,EMRO,173,364613,3,6313
17-01-2021,SA,Saudi Arabia,EMRO,140,364753,5,6318
18-01-2021,SA,Saudi Arabia,EMRO,176,364929,5,6323
19-01-2021,SA,Saudi Arabia,EMRO,170,365099,6,6329
20-01-2021,SA,Saudi Arabia,EMRO,226,365325,6,6335
21-01-2021,SA,Saudi Arabia,EMRO,238,365563,3,6338
22-01-2021,SA,Saudi Arabia,EMRO,212,365775,4,6342
23-01-2021,SA,Saudi Arabia,EMRO,213,365988,4,6346
24-01-2021,SA,Saudi Arabia,EMRO,197,366185,4,6350
25-01-2021,SA,Saudi Arabia,EMRO,186,366371,2,6352
26-01-2021,SA,Saudi Arabia,EMRO,213,366584,3,6355
27-01-2021,SA,Saudi Arabia,EMRO,223,366807,4,6359
28-01-2021,SA,Saudi Arabia,EMRO,216,367023,4,6363
29-01-2021,SA,Saudi Arabia,EMRO,253,367276,3,6366
30-01-2021,SA,Saudi Arabia,EMRO,267,367543,2,6368
31-01-2021,SA,Saudi Arabia,EMRO,270,367813,4,6372
01-02-2021,SA,Saudi Arabia,EMRO,261,368074,3,6375
02-02-2021,SA,Saudi Arabia,EMRO,255,368329,4,6379
03-02-2021,SA,Saudi Arabia,EMRO,310,368639,4,6383
04-02-2021,SA,Saudi Arabia,EMRO,306,368945,3,6386
05-02-2021,SA,Saudi Arabia,EMRO,303,369248,3,6389
06-02-2021,SA,Saudi Arabia,EMRO,327,369575,4,6393
07-02-2021,SA,Saudi Arabia,EMRO,386,369961,4,6397
08-02-2021,SA,Saudi Arabia,EMRO,317,370278,5,6402
09-02-2021,SA,Saudi Arabia,EMRO,356,370634,4,6406
10-02-2021,SA,Saudi Arabia,EMRO,353,370987,4,6410
11-02-2021,SA,Saudi Arabia,EMRO,369,371356,5,6415
12-02-2021,SA,Saudi Arabia,EMRO,364,371720,5,6420
13-02-2021,SA,Saudi Arabia,EMRO,353,372073,4,6424
14-02-2021,SA,Saudi Arabia,EMRO,337,372410,4,6428
15-02-2021,SA,Saudi Arabia,EMRO,322,372732,4,6432
16-02-2021,SA,Saudi Arabia,EMRO,314,373046,6,6438
17-02-2021,SA,Saudi Arabia,EMRO,322,373368,3,6441
18-02-2021,SA,Saudi Arabia,EMRO,334,373702,4,6445
19-02-2021,SA,Saudi Arabia,EMRO,327,374029,5,6450
20-02-2021,SA,Saudi Arabia,EMRO,337,374366,4,6454
21-02-2021,SA,Saudi Arabia,EMRO,325,374691,3,6457
22-02-2021,SA,Saudi Arabia,EMRO,315,375006,4,6461
23-02-2021,SA,Saudi Arabia,EMRO,327,375333,5,6466
24-02-2021,SA,Saudi Arabia,EMRO,335,375668,4,6470
25-02-2021,SA,Saudi Arabia,EMRO,353,376021,5,6475
26-02-2021,SA,Saudi Arabia,EMRO,356,376377,5,6480
27-02-2021,SA,Saudi Arabia,EMRO,346,376723,3,6483
28-02-2021,SA,Saudi Arabia,EMRO,338,377061,5,6488
01-03-2021,SA,Saudi Arabia,EMRO,322,377383,6,6494
02-03-2021,SA,Saudi Arabia,EMRO,317,377700,6,6500
03-03-2021,SA,Saudi Arabia,EMRO,302,378002,5,6505
04-03-2021,SA,Saudi Arabia,EMRO,331,378333,5,6510
05-03-2021,SA,Saudi Arabia,EMRO,375,378708,4,6514
06-03-2021,SA,Saudi Arabia,EMRO,384,379092,5,6519
07-03-2021,SA,Saudi Arabia,EMRO,382,379474,5,6524
08-03-2021,SA,Saudi Arabia,EMRO,357,379831,4,6528
09-03-2021,SA,Saudi Arabia,EMRO,351,380182,6,6534
10-03-2021,SA,Saudi Arabia,EMRO,390,380572,5,6539
11-03-2021,SA,Saudi Arabia,EMRO,386,380958,6,6545
12-03-2021,SA,Saudi Arabia,EMRO,390,381348,6,6551
13-03-2021,SA,Saudi Arabia,EMRO,360,381708,5,6556
14-03-2021,SA,Saudi Arabia,EMRO,351,382059,7,6563
15-03-2021,SA,Saudi Arabia,EMRO,348,382407,4,6567
16-03-2021,SA,Saudi Arabia,EMRO,345,382752,6,6573
17-03-2021,SA,Saudi Arabia,EMRO,354,383106,5,6578
18-03-2021,SA,Saudi Arabia,EMRO,393,383499,7,6585
19-03-2021,SA,Saudi Arabia,EMRO,381,383880,6,6591
20-03-2021,SA,Saudi Arabia,EMRO,391,384271,5,6596
21-03-2021,SA,Saudi Arabia,EMRO,382,384653,6,6602
22-03-2021,SA,Saudi Arabia,EMRO,367,385020,7,6609
23-03-2021,SA,Saudi Arabia,EMRO,404,385424,4,6613
24-03-2021,SA,Saudi Arabia,EMRO,410,385834,5,6618
25-03-2021,SA,Saudi Arabia,EMRO,466,386300,6,6624
26-03-2021,SA,Saudi Arabia,EMRO,482,386782,6,6630
27-03-2021,SA,Saudi Arabia,EMRO,510,387292,7,6637
28-03-2021,SA,Saudi Arabia,EMRO,502,387794,6,6643
29-03-2021,SA,Saudi Arabia,EMRO,531,388325,7,6650
30-03-2021,SA,Saudi Arabia,EMRO,541,388866,6,6656
31-03-2021,SA,Saudi Arabia,EMRO,556,389422,7,6663
01-04-2021,SA,Saudi Arabia,EMRO,585,390007,6,6669
02-04-2021,SA,Saudi Arabia,EMRO,590,390597,7,6676
03-04-2021,SA,Saudi Arabia,EMRO,728,391325,8,6684
04-04-2021,SA,Saudi Arabia,EMRO,684,392009,6,6690
05-04-2021,SA,Saudi Arabia,EMRO,673,392682,7,6697
06-04-2021,SA,Saudi Arabia,EMRO,695,393377,7,6704
07-04-2021,SA,Saudi Arabia,EMRO,792,394169,7,6711
08-04-2021,SA,Saudi Arabia,EMRO,783,394952,8,6719
09-04-2021,SA,Saudi Arabia,EMRO,902,395854,9,6728
10-04-2021,SA,Saudi Arabia,EMRO,904,396758,9,6737
11-04-2021,SA,Saudi Arabia,EMRO,878,397636,10,6747
12-04-2021,SA,Saudi Arabia,EMRO,799,398435,7,6754
13-04-2021,SA,Saudi Arabia,EMRO,842,399277,11,6765
14-04-2021,SA,Saudi Arabia,EMRO,951,400228,8,6773
15-04-2021,SA,Saudi Arabia,EMRO,929,401157,8,6781
16-04-2021,SA,Saudi Arabia,EMRO,985,402142,10,6791
17-04-2021,SA,Saudi Arabia,EMRO,964,403106,10,6801
18-04-2021,SA,Saudi Arabia,EMRO,948,404054,9,6810
19-04-2021,SA,Saudi Arabia,EMRO,916,404970,13,6823
20-04-2021,SA,Saudi Arabia,EMRO,970,405940,11,6834
21-04-2021,SA,Saudi Arabia,EMRO,1070,407010,12,6846
22-04-2021,SA,Saudi Arabia,EMRO,1028,408038,12,6858
23-04-2021,SA,Saudi Arabia,EMRO,1055,409093,11,6869
24-04-2021,SA,Saudi Arabia,EMRO,1098,410191,9,6878
25-04-2021,SA,Saudi Arabia,EMRO,1072,411263,9,6887
26-04-2021,SA,Saudi Arabia,EMRO,953,412216,13,6900
27-04-2021,SA,Saudi Arabia,EMRO,958,413174,13,6913
28-04-2021,SA,Saudi Arabia,EMRO,1045,414219,9,6922
29-04-2021,SA,Saudi Arabia,EMRO,1062,415281,13,6935
30-04-2021,SA,Saudi Arabia,EMRO,1026,416307,11,6946
01-05-2021,SA,Saudi Arabia,EMRO,1056,417363,11,6957
02-05-2021,SA,Saudi Arabia,EMRO,1048,418411,11,6968
03-05-2021,SA,Saudi Arabia,EMRO,937,419348,11,6979
04-05-2021,SA,Saudi Arabia,EMRO,953,420301,13,6992
05-05-2021,SA,Saudi Arabia,EMRO,999,421300,14,7006
06-05-2021,SA,Saudi Arabia,EMRO,1016,422316,12,7018
07-05-2021,SA,Saudi Arabia,EMRO,1090,423406,14,7032
08-05-2021,SA,Saudi Arabia,EMRO,1039,424445,13,7045
09-05-2021,SA,Saudi Arabia,EMRO,997,425442,14,7059
10-05-2021,SA,Saudi Arabia,EMRO,942,426384,13,7072
11-05-2021,SA,Saudi Arabia,EMRO,986,427370,13,7085
12-05-2021,SA,Saudi Arabia,EMRO,999,428369,13,7098
13-05-2021,SA,Saudi Arabia,EMRO,1020,429389,13,7111
14-05-2021,SA,Saudi Arabia,EMRO,1116,430505,11,7122
15-05-2021,SA,Saudi Arabia,EMRO,927,431432,12,7134
16-05-2021,SA,Saudi Arabia,EMRO,837,432269,13,7147
17-05-2021,SA,Saudi Arabia,EMRO,825,433094,15,7162
18-05-2021,SA,Saudi Arabia,EMRO,886,433980,12,7174
19-05-2021,SA,Saudi Arabia,EMRO,1047,435027,14,7188
20-05-2021,SA,Saudi Arabia,EMRO,1213,436240,13,7201
21-05-2021,SA,Saudi Arabia,EMRO,1329,437569,13,7214
22-05-2021,SA,Saudi Arabia,EMRO,1136,438705,10,7224
23-05-2021,SA,Saudi Arabia,EMRO,1142,439847,13,7237
24-05-2021,SA,Saudi Arabia,EMRO,1067,440914,12,7249
25-05-2021,SA,Saudi Arabia,EMRO,1157,442071,15,7264
26-05-2021,SA,Saudi Arabia,EMRO,1389,443460,14,7278
27-05-2021,SA,Saudi Arabia,EMRO,1320,444780,17,7295
28-05-2021,SA,Saudi Arabia,EMRO,1183,445963,14,7309
29-05-2021,SA,Saudi Arabia,EMRO,1215,447178,11,7320
30-05-2021,SA,Saudi Arabia,EMRO,1106,448284,14,7334
01-01-2021,SN,Senegal,AFRO,195,19140,8,410
02-01-2021,SN,Senegal,AFRO,0,19140,0,410
03-01-2021,SN,Senegal,AFRO,371,19511,6,416
04-01-2021,SN,Senegal,AFRO,186,19697,5,421
05-01-2021,SN,Senegal,AFRO,106,19803,3,424
06-01-2021,SN,Senegal,AFRO,161,19964,4,428
07-01-2021,SN,Senegal,AFRO,192,20156,5,433
08-01-2021,SN,Senegal,AFRO,220,20376,5,438
09-01-2021,SN,Senegal,AFRO,296,20672,8,446
10-01-2021,SN,Senegal,AFRO,328,21000,13,459
11-01-2021,SN,Senegal,AFRO,245,21245,6,465
12-01-2021,SN,Senegal,AFRO,288,21533,4,469
13-01-2021,SN,Senegal,AFRO,152,21685,11,480
14-01-2021,SN,Senegal,AFRO,198,21883,9,489
15-01-2021,SN,Senegal,AFRO,295,22178,7,496
16-01-2021,SN,Senegal,AFRO,218,22396,10,506
17-01-2021,SN,Senegal,AFRO,342,22738,3,509
18-01-2021,SN,Senegal,AFRO,290,23028,6,515
19-01-2021,SN,Senegal,AFRO,196,23224,11,526
20-01-2021,SN,Senegal,AFRO,168,23392,10,536
21-01-2021,SN,Senegal,AFRO,250,23642,10,546
22-01-2021,SN,Senegal,AFRO,268,23910,6,552
23-01-2021,SN,Senegal,AFRO,300,24210,9,561
24-01-2021,SN,Senegal,AFRO,250,24460,8,569
25-01-2021,SN,Senegal,AFRO,268,24728,6,575
26-01-2021,SN,Senegal,AFRO,265,24993,7,582
27-01-2021,SN,Senegal,AFRO,133,25126,10,592
28-01-2021,SN,Senegal,AFRO,281,25407,9,601
29-01-2021,SN,Senegal,AFRO,304,25711,13,614
30-01-2021,SN,Senegal,AFRO,184,25895,3,617
31-01-2021,SN,Senegal,AFRO,318,26213,4,621
01-02-2021,SN,Senegal,AFRO,310,26523,7,628
02-02-2021,SN,Senegal,AFRO,404,26927,10,638
03-02-2021,SN,Senegal,AFRO,153,27080,3,641
04-02-2021,SN,Senegal,AFRO,285,27365,7,648
05-02-2021,SN,Senegal,AFRO,368,27733,11,659
06-02-2021,SN,Senegal,AFRO,373,28106,7,666
07-02-2021,SN,Senegal,AFRO,383,28489,9,675
08-02-2021,SN,Senegal,AFRO,271,28760,7,682
09-02-2021,SN,Senegal,AFRO,297,29057,7,689
10-02-2021,SN,Senegal,AFRO,188,29245,11,700
11-02-2021,SN,Senegal,AFRO,276,29521,12,712
12-02-2021,SN,Senegal,AFRO,393,29914,12,724
13-02-2021,SN,Senegal,AFRO,462,30376,11,735
14-02-2021,SN,Senegal,AFRO,265,30641,6,741
15-02-2021,SN,Senegal,AFRO,366,31007,7,748
16-02-2021,SN,Senegal,AFRO,268,31275,6,754
17-02-2021,SN,Senegal,AFRO,201,31476,6,760
18-02-2021,SN,Senegal,AFRO,295,31771,9,769
19-02-2021,SN,Senegal,AFRO,328,32099,12,781
20-02-2021,SN,Senegal,AFRO,279,32378,6,787
21-02-2021,SN,Senegal,AFRO,252,32630,8,795
22-02-2021,SN,Senegal,AFRO,297,32927,13,808
23-02-2021,SN,Senegal,AFRO,172,33099,6,814
24-02-2021,SN,Senegal,AFRO,143,33242,18,832
25-02-2021,SN,Senegal,AFRO,211,33453,8,840
26-02-2021,SN,Senegal,AFRO,288,33741,12,852
27-02-2021,SN,Senegal,AFRO,290,34031,5,857
28-02-2021,SN,Senegal,AFRO,224,34255,9,866
01-03-2021,SN,Senegal,AFRO,265,34520,6,872
02-03-2021,SN,Senegal,AFRO,212,34732,8,880
03-03-2021,SN,Senegal,AFRO,0,34732,0,880
04-03-2021,SN,Senegal,AFRO,305,35037,16,896
05-03-2021,SN,Senegal,AFRO,0,35037,0,896
06-03-2021,SN,Senegal,AFRO,210,35247,2,898
07-03-2021,SN,Senegal,AFRO,385,35632,10,908
08-03-2021,SN,Senegal,AFRO,225,35857,11,919
09-03-2021,SN,Senegal,AFRO,102,35959,6,925
10-03-2021,SN,Senegal,AFRO,0,35959,0,925
11-03-2021,SN,Senegal,AFRO,236,36195,10,935
12-03-2021,SN,Senegal,AFRO,176,36371,6,941
13-03-2021,SN,Senegal,AFRO,198,36569,10,951
14-03-2021,SN,Senegal,AFRO,157,36726,4,955
15-03-2021,SN,Senegal,AFRO,166,36892,8,963
16-03-2021,SN,Senegal,AFRO,104,36996,15,978
17-03-2021,SN,Senegal,AFRO,66,37062,3,981
18-03-2021,SN,Senegal,AFRO,192,37254,9,990
19-03-2021,SN,Senegal,AFRO,174,37428,5,995
20-03-2021,SN,Senegal,AFRO,113,37541,8,1003
21-03-2021,SN,Senegal,AFRO,152,37693,4,1007
22-03-2021,SN,Senegal,AFRO,140,37833,6,1013
23-03-2021,SN,Senegal,AFRO,87,37920,3,1016
24-03-2021,SN,Senegal,AFRO,36,37956,4,1020
25-03-2021,SN,Senegal,AFRO,178,38134,3,1023
26-03-2021,SN,Senegal,AFRO,121,38255,5,1028
27-03-2021,SN,Senegal,AFRO,99,38354,3,1031
28-03-2021,SN,Senegal,AFRO,102,38456,3,1034
29-03-2021,SN,Senegal,AFRO,64,38520,3,1037
30-03-2021,SN,Senegal,AFRO,46,38566,7,1044
31-03-2021,SN,Senegal,AFRO,52,38618,5,1049
01-04-2021,SN,Senegal,AFRO,87,38705,2,1051
02-04-2021,SN,Senegal,AFRO,77,38782,3,1054
03-04-2021,SN,Senegal,AFRO,107,38889,2,1056
04-04-2021,SN,Senegal,AFRO,64,38953,7,1063
05-04-2021,SN,Senegal,AFRO,71,39024,0,1063
06-04-2021,SN,Senegal,AFRO,69,39093,0,1063
07-04-2021,SN,Senegal,AFRO,34,39127,2,1065
08-04-2021,SN,Senegal,AFRO,37,39164,5,1070
09-04-2021,SN,Senegal,AFRO,73,39237,3,1073
10-04-2021,SN,Senegal,AFRO,70,39307,1,1074
11-04-2021,SN,Senegal,AFRO,57,39364,3,1077
12-04-2021,SN,Senegal,AFRO,67,39431,1,1078
13-04-2021,SN,Senegal,AFRO,34,39465,1,1079
14-04-2021,SN,Senegal,AFRO,30,39495,2,1081
15-04-2021,SN,Senegal,AFRO,65,39560,3,1084
16-04-2021,SN,Senegal,AFRO,46,39606,1,1085
17-04-2021,SN,Senegal,AFRO,58,39664,2,1087
18-04-2021,SN,Senegal,AFRO,67,39731,3,1090
19-04-2021,SN,Senegal,AFRO,51,39782,1,1091
20-04-2021,SN,Senegal,AFRO,39,39821,0,1091
21-04-2021,SN,Senegal,AFRO,15,39836,4,1095
22-04-2021,SN,Senegal,AFRO,74,39910,1,1096
23-04-2021,SN,Senegal,AFRO,65,39975,1,1097
24-04-2021,SN,Senegal,AFRO,47,40022,0,1097
25-04-2021,SN,Senegal,AFRO,60,40082,2,1099
26-04-2021,SN,Senegal,AFRO,53,40135,3,1102
27-04-2021,SN,Senegal,AFRO,31,40166,2,1104
28-04-2021,SN,Senegal,AFRO,27,40193,2,1106
29-04-2021,SN,Senegal,AFRO,56,40249,1,1107
30-04-2021,SN,Senegal,AFRO,46,40295,0,1107
01-05-2021,SN,Senegal,AFRO,49,40344,0,1107
02-05-2021,SN,Senegal,AFRO,44,40388,2,1109
03-05-2021,SN,Senegal,AFRO,45,40433,1,1110
04-05-2021,SN,Senegal,AFRO,31,40464,1,1111
05-05-2021,SN,Senegal,AFRO,28,40492,0,1111
06-05-2021,SN,Senegal,AFRO,52,40544,3,1114
07-05-2021,SN,Senegal,AFRO,34,40578,2,1116
08-05-2021,SN,Senegal,AFRO,43,40621,0,1116
09-05-2021,SN,Senegal,AFRO,44,40665,1,1117
10-05-2021,SN,Senegal,AFRO,27,40692,2,1119
11-05-2021,SN,Senegal,AFRO,22,40714,1,1120
12-05-2021,SN,Senegal,AFRO,15,40729,0,1120
13-05-2021,SN,Senegal,AFRO,33,40762,1,1121
14-05-2021,SN,Senegal,AFRO,28,40790,1,1122
15-05-2021,SN,Senegal,AFRO,16,40806,0,1122
16-05-2021,SN,Senegal,AFRO,22,40828,2,1124
17-05-2021,SN,Senegal,AFRO,22,40850,1,1125
18-05-2021,SN,Senegal,AFRO,22,40872,2,1127
19-05-2021,SN,Senegal,AFRO,24,40896,1,1128
20-05-2021,SN,Senegal,AFRO,29,40925,0,1128
21-05-2021,SN,Senegal,AFRO,36,40961,0,1128
22-05-2021,SN,Senegal,AFRO,62,41023,1,1129
23-05-2021,SN,Senegal,AFRO,0,41023,0,1129
24-05-2021,SN,Senegal,AFRO,39,41062,1,1130
25-05-2021,SN,Senegal,AFRO,80,41142,2,1132
26-05-2021,SN,Senegal,AFRO,16,41158,2,1134
27-05-2021,SN,Senegal,AFRO,23,41181,1,1135
28-05-2021,SN,Senegal,AFRO,67,41248,1,1136
29-05-2021,SN,Senegal,AFRO,48,41296,2,1138
30-05-2021,SN,Senegal,AFRO,35,41331,0,1138
01-01-2021,RS,Serbia,EURO,2932,337923,48,3211
02-01-2021,RS,Serbia,EURO,2074,339997,39,3250
03-01-2021,RS,Serbia,EURO,1907,341904,38,3288
04-01-2021,RS,Serbia,EURO,1966,343870,37,3325
05-01-2021,RS,Serbia,EURO,2715,346585,39,3364
06-01-2021,RS,Serbia,EURO,2653,349238,41,3405
07-01-2021,RS,Serbia,EURO,2882,352120,39,3444
08-01-2021,RS,Serbia,EURO,1787,353907,35,3479
09-01-2021,RS,Serbia,EURO,2218,356125,34,3513
10-01-2021,RS,Serbia,EURO,1769,357894,35,3548
11-01-2021,RS,Serbia,EURO,1795,359689,34,3582
12-01-2021,RS,Serbia,EURO,2093,361782,28,3610
13-01-2021,RS,Serbia,EURO,2142,363924,29,3639
14-01-2021,RS,Serbia,EURO,2267,366191,25,3664
15-01-2021,RS,Serbia,EURO,1881,368072,23,3687
16-01-2021,RS,Serbia,EURO,1751,369823,21,3708
17-01-2021,RS,Serbia,EURO,1393,371216,22,3730
18-01-2021,RS,Serbia,EURO,1317,372533,20,3750
19-01-2021,RS,Serbia,EURO,1578,374111,21,3771
20-01-2021,RS,Serbia,EURO,1688,375799,20,3791
21-01-2021,RS,Serbia,EURO,1646,377445,19,3810
22-01-2021,RS,Serbia,EURO,1648,379093,20,3830
23-01-2021,RS,Serbia,EURO,1709,380802,19,3849
24-01-2021,RS,Serbia,EURO,1483,382285,19,3868
25-01-2021,RS,Serbia,EURO,1318,383603,18,3886
26-01-2021,RS,Serbia,EURO,1523,385126,19,3905
27-01-2021,RS,Serbia,EURO,2080,387206,19,3924
28-01-2021,RS,Serbia,EURO,1839,389045,20,3944
29-01-2021,RS,Serbia,EURO,1592,390637,21,3965
30-01-2021,RS,Serbia,EURO,1717,392354,18,3983
31-01-2021,RS,Serbia,EURO,1543,393897,17,4000
01-02-2021,RS,Serbia,EURO,1366,395263,20,4020
02-02-2021,RS,Serbia,EURO,1739,397002,18,4038
03-02-2021,RS,Serbia,EURO,1903,398905,18,4056
04-02-2021,RS,Serbia,EURO,1932,400837,15,4071
05-02-2021,RS,Serbia,EURO,1863,402700,14,4085
06-02-2021,RS,Serbia,EURO,1968,404668,14,4099
07-02-2021,RS,Serbia,EURO,1684,406352,13,4112
08-02-2021,RS,Serbia,EURO,1529,407881,14,4126
09-02-2021,RS,Serbia,EURO,1960,409841,13,4139
10-02-2021,RS,Serbia,EURO,2014,411855,15,4154
11-02-2021,RS,Serbia,EURO,2088,413943,14,4168
12-02-2021,RS,Serbia,EURO,2000,415943,15,4183
13-02-2021,RS,Serbia,EURO,1928,417871,16,4199
14-02-2021,RS,Serbia,EURO,1622,419493,15,4214
15-02-2021,RS,Serbia,EURO,1386,420879,16,4230
16-02-2021,RS,Serbia,EURO,1331,422210,15,4245
17-02-2021,RS,Serbia,EURO,1810,424020,16,4261
18-02-2021,RS,Serbia,EURO,2467,426487,16,4277
19-02-2021,RS,Serbia,EURO,2561,429048,15,4292
20-02-2021,RS,Serbia,EURO,2632,431680,14,4306
21-02-2021,RS,Serbia,EURO,2442,434122,15,4321
22-02-2021,RS,Serbia,EURO,2518,436640,16,4337
23-02-2021,RS,Serbia,EURO,2956,439596,14,4351
24-02-2021,RS,Serbia,EURO,3257,442853,15,4366
25-02-2021,RS,Serbia,EURO,3460,446313,17,4383
26-02-2021,RS,Serbia,EURO,3588,449901,15,4398
27-02-2021,RS,Serbia,EURO,3339,453240,16,4414
28-02-2021,RS,Serbia,EURO,3210,456450,15,4429
01-03-2021,RS,Serbia,EURO,2809,459259,14,4443
02-03-2021,RS,Serbia,EURO,3469,462728,16,4459
03-03-2021,RS,Serbia,EURO,4157,466885,16,4475
04-03-2021,RS,Serbia,EURO,4056,470941,16,4491
05-03-2021,RS,Serbia,EURO,3866,474807,17,4508
06-03-2021,RS,Serbia,EURO,4071,478878,17,4525
07-03-2021,RS,Serbia,EURO,3519,482397,17,4542
08-03-2021,RS,Serbia,EURO,3042,485439,20,4562
09-03-2021,RS,Serbia,EURO,4091,489530,17,4579
10-03-2021,RS,Serbia,EURO,4576,494106,20,4599
11-03-2021,RS,Serbia,EURO,4590,498696,21,4620
12-03-2021,RS,Serbia,EURO,4595,503291,24,4644
13-03-2021,RS,Serbia,EURO,4668,507959,26,4670
14-03-2021,RS,Serbia,EURO,4092,512051,24,4694
15-03-2021,RS,Serbia,EURO,4226,516277,25,4719
16-03-2021,RS,Serbia,EURO,4634,520911,28,4747
17-03-2021,RS,Serbia,EURO,5201,526112,31,4778
18-03-2021,RS,Serbia,EURO,5446,531558,32,4810
19-03-2021,RS,Serbia,EURO,5346,536904,30,4840
20-03-2021,RS,Serbia,EURO,5305,542209,29,4869
21-03-2021,RS,Serbia,EURO,4687,546896,31,4900
22-03-2021,RS,Serbia,EURO,4232,551128,34,4934
23-03-2021,RS,Serbia,EURO,4769,555897,32,4966
24-03-2021,RS,Serbia,EURO,5475,561372,36,5002
25-03-2021,RS,Serbia,EURO,5297,566669,37,5039
26-03-2021,RS,Serbia,EURO,5226,571895,36,5075
27-03-2021,RS,Serbia,EURO,5225,577120,39,5114
28-03-2021,RS,Serbia,EURO,4497,581617,37,5151
29-03-2021,RS,Serbia,EURO,3889,585506,39,5190
30-03-2021,RS,Serbia,EURO,4512,590018,41,5231
31-03-2021,RS,Serbia,EURO,5471,595489,39,5270
01-04-2021,RS,Serbia,EURO,5107,600596,38,5308
02-04-2021,RS,Serbia,EURO,4810,605406,37,5345
03-04-2021,RS,Serbia,EURO,4826,610232,39,5384
04-04-2021,RS,Serbia,EURO,4133,614365,38,5422
05-04-2021,RS,Serbia,EURO,3304,617669,36,5458
06-04-2021,RS,Serbia,EURO,3706,621375,39,5497
07-04-2021,RS,Serbia,EURO,4398,625773,40,5537
08-04-2021,RS,Serbia,EURO,3615,629388,42,5579
09-04-2021,RS,Serbia,EURO,3625,633013,41,5620
10-04-2021,RS,Serbia,EURO,3405,636418,39,5659
11-04-2021,RS,Serbia,EURO,3058,639476,41,5700
12-04-2021,RS,Serbia,EURO,2732,642208,35,5735
13-04-2021,RS,Serbia,EURO,2965,645173,38,5773
14-04-2021,RS,Serbia,EURO,3572,648745,35,5808
15-04-2021,RS,Serbia,EURO,3154,651899,38,5846
16-04-2021,RS,Serbia,EURO,2971,654870,35,5881
17-04-2021,RS,Serbia,EURO,2846,657716,39,5920
18-04-2021,RS,Serbia,EURO,2583,660299,34,5954
19-04-2021,RS,Serbia,EURO,2069,662368,37,5991
20-04-2021,RS,Serbia,EURO,2604,664972,35,6026
21-04-2021,RS,Serbia,EURO,2965,667937,32,6058
22-04-2021,RS,Serbia,EURO,2864,670801,37,6095
23-04-2021,RS,Serbia,EURO,2719,673520,35,6130
24-04-2021,RS,Serbia,EURO,2384,675904,34,6164
25-04-2021,RS,Serbia,EURO,2068,677972,32,6196
26-04-2021,RS,Serbia,EURO,1695,679667,31,6227
27-04-2021,RS,Serbia,EURO,1987,681654,30,6257
28-04-2021,RS,Serbia,EURO,2145,683799,29,6286
29-04-2021,RS,Serbia,EURO,2138,685937,26,6312
30-04-2021,RS,Serbia,EURO,2007,687944,25,6337
01-05-2021,RS,Serbia,EURO,1613,689557,25,6362
02-05-2021,RS,Serbia,EURO,1374,690931,24,6386
03-05-2021,RS,Serbia,EURO,989,691920,23,6409
04-05-2021,RS,Serbia,EURO,1249,693169,23,6432
05-05-2021,RS,Serbia,EURO,1304,694473,24,6456
06-05-2021,RS,Serbia,EURO,1402,695875,22,6478
07-05-2021,RS,Serbia,EURO,1366,697241,21,6499
08-05-2021,RS,Serbia,EURO,1277,698518,20,6519
09-05-2021,RS,Serbia,EURO,1056,699574,20,6539
10-05-2021,RS,Serbia,EURO,834,700408,19,6558
11-05-2021,RS,Serbia,EURO,918,701326,18,6576
12-05-2021,RS,Serbia,EURO,1125,702451,18,6594
13-05-2021,RS,Serbia,EURO,1046,703497,17,6611
14-05-2021,RS,Serbia,EURO,901,704398,18,6629
15-05-2021,RS,Serbia,EURO,787,705185,17,6646
16-05-2021,RS,Serbia,EURO,705,705890,18,6664
17-05-2021,RS,Serbia,EURO,568,706458,17,6681
18-05-2021,RS,Serbia,EURO,575,707033,15,6696
19-05-2021,RS,Serbia,EURO,686,707719,14,6710
20-05-2021,RS,Serbia,EURO,609,708328,15,6725
21-05-2021,RS,Serbia,EURO,550,708878,14,6739
22-05-2021,RS,Serbia,EURO,391,709269,13,6752
23-05-2021,RS,Serbia,EURO,404,709673,14,6766
24-05-2021,RS,Serbia,EURO,266,709939,11,6777
25-05-2021,RS,Serbia,EURO,376,710315,11,6788
26-05-2021,RS,Serbia,EURO,414,710729,13,6801
27-05-2021,RS,Serbia,EURO,387,711116,10,6811
28-05-2021,RS,Serbia,EURO,326,711442,12,6823
29-05-2021,RS,Serbia,EURO,330,711772,11,6834
30-05-2021,RS,Serbia,EURO,274,712046,10,6844
01-01-2021,SC,Seychelles,AFRO,41,267,0,0
02-01-2021,SC,Seychelles,AFRO,0,267,0,0
03-01-2021,SC,Seychelles,AFRO,17,284,0,0
04-01-2021,SC,Seychelles,AFRO,12,296,0,0
05-01-2021,SC,Seychelles,AFRO,26,322,1,1
06-01-2021,SC,Seychelles,AFRO,24,346,0,1
07-01-2021,SC,Seychelles,AFRO,27,373,0,1
08-01-2021,SC,Seychelles,AFRO,45,418,0,1
09-01-2021,SC,Seychelles,AFRO,30,448,0,1
10-01-2021,SC,Seychelles,AFRO,54,502,0,1
11-01-2021,SC,Seychelles,AFRO,23,525,0,1
12-01-2021,SC,Seychelles,AFRO,52,577,0,1
13-01-2021,SC,Seychelles,AFRO,0,577,0,1
14-01-2021,SC,Seychelles,AFRO,33,610,0,1
15-01-2021,SC,Seychelles,AFRO,16,626,0,1
16-01-2021,SC,Seychelles,AFRO,0,626,0,1
17-01-2021,SC,Seychelles,AFRO,63,689,0,1
18-01-2021,SC,Seychelles,AFRO,-1,688,1,2
19-01-2021,SC,Seychelles,AFRO,58,746,0,2
20-01-2021,SC,Seychelles,AFRO,16,762,0,2
21-01-2021,SC,Seychelles,AFRO,82,844,1,3
22-01-2021,SC,Seychelles,AFRO,22,866,0,3
23-01-2021,SC,Seychelles,AFRO,106,972,0,3
24-01-2021,SC,Seychelles,AFRO,61,1033,0,3
25-01-2021,SC,Seychelles,AFRO,0,1033,0,3
26-01-2021,SC,Seychelles,AFRO,36,1069,0,3
27-01-2021,SC,Seychelles,AFRO,47,1116,0,3
28-01-2021,SC,Seychelles,AFRO,14,1130,0,3
29-01-2021,SC,Seychelles,AFRO,0,1130,0,3
30-01-2021,SC,Seychelles,AFRO,27,1157,0,3
31-01-2021,SC,Seychelles,AFRO,29,1186,0,3
01-02-2021,SC,Seychelles,AFRO,15,1201,1,4
02-02-2021,SC,Seychelles,AFRO,4,1205,0,4
03-02-2021,SC,Seychelles,AFRO,38,1243,1,5
04-02-2021,SC,Seychelles,AFRO,0,1243,0,5
05-02-2021,SC,Seychelles,AFRO,36,1279,0,5
06-02-2021,SC,Seychelles,AFRO,10,1289,0,5
07-02-2021,SC,Seychelles,AFRO,215,1504,1,6
08-02-2021,SC,Seychelles,AFRO,9,1513,1,7
09-02-2021,SC,Seychelles,AFRO,62,1575,0,7
10-02-2021,SC,Seychelles,AFRO,0,1575,0,7
11-02-2021,SC,Seychelles,AFRO,120,1695,0,7
12-02-2021,SC,Seychelles,AFRO,0,1695,0,7
13-02-2021,SC,Seychelles,AFRO,107,1802,0,7
14-02-2021,SC,Seychelles,AFRO,90,1892,1,8
15-02-2021,SC,Seychelles,AFRO,0,1892,0,8
16-02-2021,SC,Seychelles,AFRO,95,1987,1,9
17-02-2021,SC,Seychelles,AFRO,0,1987,0,9
18-02-2021,SC,Seychelles,AFRO,224,2211,1,10
19-02-2021,SC,Seychelles,AFRO,53,2264,0,10
20-02-2021,SC,Seychelles,AFRO,0,2264,0,10
21-02-2021,SC,Seychelles,AFRO,64,2328,0,10
22-02-2021,SC,Seychelles,AFRO,73,2401,0,10
23-02-2021,SC,Seychelles,AFRO,63,2464,1,11
24-02-2021,SC,Seychelles,AFRO,0,2464,0,11
25-02-2021,SC,Seychelles,AFRO,98,2562,0,11
26-02-2021,SC,Seychelles,AFRO,0,2562,0,11
27-02-2021,SC,Seychelles,AFRO,0,2562,0,11
28-02-2021,SC,Seychelles,AFRO,30,2592,0,11
01-03-2021,SC,Seychelles,AFRO,26,2618,0,11
02-03-2021,SC,Seychelles,AFRO,0,2618,0,11
03-03-2021,SC,Seychelles,AFRO,0,2618,0,11
04-03-2021,SC,Seychelles,AFRO,231,2849,0,11
05-03-2021,SC,Seychelles,AFRO,0,2849,0,11
06-03-2021,SC,Seychelles,AFRO,41,2890,2,13
07-03-2021,SC,Seychelles,AFRO,60,2950,1,14
08-03-2021,SC,Seychelles,AFRO,29,2979,0,14
09-03-2021,SC,Seychelles,AFRO,10,2989,0,14
10-03-2021,SC,Seychelles,AFRO,0,2989,0,14
11-03-2021,SC,Seychelles,AFRO,11,3000,0,14
12-03-2021,SC,Seychelles,AFRO,87,3087,1,15
13-03-2021,SC,Seychelles,AFRO,45,3132,0,15
14-03-2021,SC,Seychelles,AFRO,41,3173,0,15
15-03-2021,SC,Seychelles,AFRO,59,3232,0,15
16-03-2021,SC,Seychelles,AFRO,83,3315,1,16
17-03-2021,SC,Seychelles,AFRO,0,3315,0,16
18-03-2021,SC,Seychelles,AFRO,39,3354,0,16
19-03-2021,SC,Seychelles,AFRO,32,3386,0,16
20-03-2021,SC,Seychelles,AFRO,180,3566,0,16
21-03-2021,SC,Seychelles,AFRO,50,3616,0,16
22-03-2021,SC,Seychelles,AFRO,154,3770,0,16
23-03-2021,SC,Seychelles,AFRO,28,3798,0,16
24-03-2021,SC,Seychelles,AFRO,30,3828,0,16
25-03-2021,SC,Seychelles,AFRO,34,3862,2,18
26-03-2021,SC,Seychelles,AFRO,20,3882,0,18
27-03-2021,SC,Seychelles,AFRO,114,3996,0,18
28-03-2021,SC,Seychelles,AFRO,58,4054,0,18
29-03-2021,SC,Seychelles,AFRO,30,4084,2,20
30-03-2021,SC,Seychelles,AFRO,30,4114,0,20
31-03-2021,SC,Seychelles,AFRO,0,4114,0,20
01-04-2021,SC,Seychelles,AFRO,75,4189,1,21
02-04-2021,SC,Seychelles,AFRO,41,4230,1,22
03-04-2021,SC,Seychelles,AFRO,29,4259,0,22
04-04-2021,SC,Seychelles,AFRO,35,4294,0,22
05-04-2021,SC,Seychelles,AFRO,0,4294,0,22
06-04-2021,SC,Seychelles,AFRO,36,4330,0,22
07-04-2021,SC,Seychelles,AFRO,25,4355,0,22
08-04-2021,SC,Seychelles,AFRO,12,4367,0,22
09-04-2021,SC,Seychelles,AFRO,28,4395,1,23
10-04-2021,SC,Seychelles,AFRO,0,4395,0,23
11-04-2021,SC,Seychelles,AFRO,95,4490,1,24
12-04-2021,SC,Seychelles,AFRO,38,4528,0,24
13-04-2021,SC,Seychelles,AFRO,35,4563,0,24
14-04-2021,SC,Seychelles,AFRO,0,4563,0,24
15-04-2021,SC,Seychelles,AFRO,70,4633,1,25
16-04-2021,SC,Seychelles,AFRO,94,4727,0,25
17-04-2021,SC,Seychelles,AFRO,38,4765,0,25
18-04-2021,SC,Seychelles,AFRO,69,4834,0,25
19-04-2021,SC,Seychelles,AFRO,41,4875,0,25
20-04-2021,SC,Seychelles,AFRO,47,4922,0,25
21-04-2021,SC,Seychelles,AFRO,54,4976,0,25
22-04-2021,SC,Seychelles,AFRO,40,5016,0,25
23-04-2021,SC,Seychelles,AFRO,0,5016,0,25
24-04-2021,SC,Seychelles,AFRO,0,5016,0,25
25-04-2021,SC,Seychelles,AFRO,0,5016,0,25
26-04-2021,SC,Seychelles,AFRO,124,5140,2,27
27-04-2021,SC,Seychelles,AFRO,282,5422,0,27
28-04-2021,SC,Seychelles,AFRO,78,5500,0,27
29-04-2021,SC,Seychelles,AFRO,102,5602,0,27
30-04-2021,SC,Seychelles,AFRO,236,5838,0,27
01-05-2021,SC,Seychelles,AFRO,128,5966,0,27
02-05-2021,SC,Seychelles,AFRO,140,6106,1,28
03-05-2021,SC,Seychelles,AFRO,164,6270,0,28
04-05-2021,SC,Seychelles,AFRO,82,6352,0,28
05-05-2021,SC,Seychelles,AFRO,356,6708,0,28
06-05-2021,SC,Seychelles,AFRO,484,7192,0,28
07-05-2021,SC,Seychelles,AFRO,483,7675,0,28
08-05-2021,SC,Seychelles,AFRO,394,8069,0,28
09-05-2021,SC,Seychelles,AFRO,228,8297,0,28
10-05-2021,SC,Seychelles,AFRO,210,8507,0,28
11-05-2021,SC,Seychelles,AFRO,189,8696,0,28
12-05-2021,SC,Seychelles,AFRO,177,8873,2,30
13-05-2021,SC,Seychelles,AFRO,208,9081,0,30
14-05-2021,SC,Seychelles,AFRO,170,9251,0,30
15-05-2021,SC,Seychelles,AFRO,189,9440,0,30
16-05-2021,SC,Seychelles,AFRO,221,9661,0,30
17-05-2021,SC,Seychelles,AFRO,80,9741,0,30
18-05-2021,SC,Seychelles,AFRO,159,9900,5,35
19-05-2021,SC,Seychelles,AFRO,190,10090,0,35
20-05-2021,SC,Seychelles,AFRO,104,10194,0,35
21-05-2021,SC,Seychelles,AFRO,103,10297,3,38
22-05-2021,SC,Seychelles,AFRO,136,10433,0,38
23-05-2021,SC,Seychelles,AFRO,0,10433,0,38
24-05-2021,SC,Seychelles,AFRO,236,10669,0,38
25-05-2021,SC,Seychelles,AFRO,13,10682,0,38
26-05-2021,SC,Seychelles,AFRO,108,10790,0,38
27-05-2021,SC,Seychelles,AFRO,144,10934,0,38
28-05-2021,SC,Seychelles,AFRO,211,11145,0,38
29-05-2021,SC,Seychelles,AFRO,0,11145,0,38
30-05-2021,SC,Seychelles,AFRO,270,11415,2,40
01-01-2021,SL,Sierra Leone,AFRO,0,2560,0,76
02-01-2021,SL,Sierra Leone,AFRO,0,2560,0,76
03-01-2021,SL,Sierra Leone,AFRO,0,2560,0,76
04-01-2021,SL,Sierra Leone,AFRO,113,2673,0,76
05-01-2021,SL,Sierra Leone,AFRO,0,2673,0,76
06-01-2021,SL,Sierra Leone,AFRO,51,2724,0,76
07-01-2021,SL,Sierra Leone,AFRO,15,2739,0,76
08-01-2021,SL,Sierra Leone,AFRO,18,2757,1,77
09-01-2021,SL,Sierra Leone,AFRO,25,2782,0,77
10-01-2021,SL,Sierra Leone,AFRO,21,2803,0,77
11-01-2021,SL,Sierra Leone,AFRO,31,2834,0,77
12-01-2021,SL,Sierra Leone,AFRO,12,2846,0,77
13-01-2021,SL,Sierra Leone,AFRO,18,2864,0,77
14-01-2021,SL,Sierra Leone,AFRO,23,2887,0,77
15-01-2021,SL,Sierra Leone,AFRO,46,2933,0,77
16-01-2021,SL,Sierra Leone,AFRO,26,2959,0,77
17-01-2021,SL,Sierra Leone,AFRO,11,2970,0,77
18-01-2021,SL,Sierra Leone,AFRO,36,3006,0,77
19-01-2021,SL,Sierra Leone,AFRO,8,3014,0,77
20-01-2021,SL,Sierra Leone,AFRO,16,3030,0,77
21-01-2021,SL,Sierra Leone,AFRO,21,3051,0,77
22-01-2021,SL,Sierra Leone,AFRO,30,3081,0,77
23-01-2021,SL,Sierra Leone,AFRO,12,3093,0,77
24-01-2021,SL,Sierra Leone,AFRO,27,3120,0,77
25-01-2021,SL,Sierra Leone,AFRO,19,3139,0,77
26-01-2021,SL,Sierra Leone,AFRO,34,3173,0,77
27-01-2021,SL,Sierra Leone,AFRO,21,3194,0,77
28-01-2021,SL,Sierra Leone,AFRO,42,3236,0,77
29-01-2021,SL,Sierra Leone,AFRO,46,3282,0,77
30-01-2021,SL,Sierra Leone,AFRO,100,3382,2,79
31-01-2021,SL,Sierra Leone,AFRO,146,3528,0,79
01-02-2021,SL,Sierra Leone,AFRO,65,3593,0,79
02-02-2021,SL,Sierra Leone,AFRO,41,3634,0,79
03-02-2021,SL,Sierra Leone,AFRO,26,3660,0,79
04-02-2021,SL,Sierra Leone,AFRO,39,3699,0,79
05-02-2021,SL,Sierra Leone,AFRO,29,3728,0,79
06-02-2021,SL,Sierra Leone,AFRO,31,3759,0,79
07-02-2021,SL,Sierra Leone,AFRO,0,3759,0,79
08-02-2021,SL,Sierra Leone,AFRO,26,3785,0,79
09-02-2021,SL,Sierra Leone,AFRO,4,3789,0,79
10-02-2021,SL,Sierra Leone,AFRO,0,3789,0,79
11-02-2021,SL,Sierra Leone,AFRO,14,3803,0,79
12-02-2021,SL,Sierra Leone,AFRO,10,3813,0,79
13-02-2021,SL,Sierra Leone,AFRO,4,3817,0,79
14-02-2021,SL,Sierra Leone,AFRO,4,3821,0,79
15-02-2021,SL,Sierra Leone,AFRO,0,3821,0,79
16-02-2021,SL,Sierra Leone,AFRO,2,3823,0,79
17-02-2021,SL,Sierra Leone,AFRO,2,3825,0,79
18-02-2021,SL,Sierra Leone,AFRO,0,3825,0,79
19-02-2021,SL,Sierra Leone,AFRO,4,3829,0,79
20-02-2021,SL,Sierra Leone,AFRO,12,3841,0,79
21-02-2021,SL,Sierra Leone,AFRO,8,3849,0,79
22-02-2021,SL,Sierra Leone,AFRO,6,3855,0,79
23-02-2021,SL,Sierra Leone,AFRO,2,3857,0,79
24-02-2021,SL,Sierra Leone,AFRO,5,3862,0,79
25-02-2021,SL,Sierra Leone,AFRO,18,3880,0,79
26-02-2021,SL,Sierra Leone,AFRO,4,3884,0,79
27-02-2021,SL,Sierra Leone,AFRO,0,3884,0,79
28-02-2021,SL,Sierra Leone,AFRO,3,3887,0,79
01-03-2021,SL,Sierra Leone,AFRO,0,3887,0,79
02-03-2021,SL,Sierra Leone,AFRO,0,3887,0,79
03-03-2021,SL,Sierra Leone,AFRO,2,3889,0,79
04-03-2021,SL,Sierra Leone,AFRO,11,3900,0,79
05-03-2021,SL,Sierra Leone,AFRO,0,3900,0,79
06-03-2021,SL,Sierra Leone,AFRO,9,3909,0,79
07-03-2021,SL,Sierra Leone,AFRO,9,3918,0,79
08-03-2021,SL,Sierra Leone,AFRO,2,3920,0,79
09-03-2021,SL,Sierra Leone,AFRO,1,3921,0,79
10-03-2021,SL,Sierra Leone,AFRO,1,3922,0,79
11-03-2021,SL,Sierra Leone,AFRO,6,3928,0,79
12-03-2021,SL,Sierra Leone,AFRO,4,3932,0,79
13-03-2021,SL,Sierra Leone,AFRO,2,3934,0,79
14-03-2021,SL,Sierra Leone,AFRO,3,3937,0,79
15-03-2021,SL,Sierra Leone,AFRO,0,3937,0,79
16-03-2021,SL,Sierra Leone,AFRO,1,3938,0,79
17-03-2021,SL,Sierra Leone,AFRO,1,3939,0,79
18-03-2021,SL,Sierra Leone,AFRO,3,3942,0,79
19-03-2021,SL,Sierra Leone,AFRO,5,3947,0,79
20-03-2021,SL,Sierra Leone,AFRO,0,3947,0,79
21-03-2021,SL,Sierra Leone,AFRO,1,3948,0,79
22-03-2021,SL,Sierra Leone,AFRO,0,3948,0,79
23-03-2021,SL,Sierra Leone,AFRO,0,3948,0,79
24-03-2021,SL,Sierra Leone,AFRO,1,3949,0,79
25-03-2021,SL,Sierra Leone,AFRO,4,3953,0,79
26-03-2021,SL,Sierra Leone,AFRO,0,3953,0,79
27-03-2021,SL,Sierra Leone,AFRO,9,3962,0,79
28-03-2021,SL,Sierra Leone,AFRO,0,3962,0,79
29-03-2021,SL,Sierra Leone,AFRO,8,3970,0,79
30-03-2021,SL,Sierra Leone,AFRO,0,3970,0,79
31-03-2021,SL,Sierra Leone,AFRO,0,3970,0,79
01-04-2021,SL,Sierra Leone,AFRO,10,3980,0,79
02-04-2021,SL,Sierra Leone,AFRO,1,3981,0,79
03-04-2021,SL,Sierra Leone,AFRO,6,3987,0,79
04-04-2021,SL,Sierra Leone,AFRO,0,3987,0,79
05-04-2021,SL,Sierra Leone,AFRO,1,3988,0,79
06-04-2021,SL,Sierra Leone,AFRO,1,3989,0,79
07-04-2021,SL,Sierra Leone,AFRO,1,3990,0,79
08-04-2021,SL,Sierra Leone,AFRO,3,3993,0,79
09-04-2021,SL,Sierra Leone,AFRO,0,3993,0,79
10-04-2021,SL,Sierra Leone,AFRO,0,3993,0,79
11-04-2021,SL,Sierra Leone,AFRO,0,3993,0,79
12-04-2021,SL,Sierra Leone,AFRO,12,4005,0,79
13-04-2021,SL,Sierra Leone,AFRO,3,4008,0,79
14-04-2021,SL,Sierra Leone,AFRO,1,4009,0,79
15-04-2021,SL,Sierra Leone,AFRO,4,4013,0,79
16-04-2021,SL,Sierra Leone,AFRO,3,4016,0,79
17-04-2021,SL,Sierra Leone,AFRO,0,4016,0,79
18-04-2021,SL,Sierra Leone,AFRO,4,4020,0,79
19-04-2021,SL,Sierra Leone,AFRO,8,4028,0,79
20-04-2021,SL,Sierra Leone,AFRO,10,4038,0,79
21-04-2021,SL,Sierra Leone,AFRO,3,4041,0,79
22-04-2021,SL,Sierra Leone,AFRO,1,4042,0,79
23-04-2021,SL,Sierra Leone,AFRO,2,4044,0,79
24-04-2021,SL,Sierra Leone,AFRO,0,4044,0,79
25-04-2021,SL,Sierra Leone,AFRO,0,4044,0,79
26-04-2021,SL,Sierra Leone,AFRO,0,4044,0,79
27-04-2021,SL,Sierra Leone,AFRO,2,4046,0,79
28-04-2021,SL,Sierra Leone,AFRO,0,4046,0,79
29-04-2021,SL,Sierra Leone,AFRO,3,4049,0,79
30-04-2021,SL,Sierra Leone,AFRO,4,4053,0,79
01-05-2021,SL,Sierra Leone,AFRO,1,4054,0,79
02-05-2021,SL,Sierra Leone,AFRO,3,4057,0,79
03-05-2021,SL,Sierra Leone,AFRO,0,4057,0,79
04-05-2021,SL,Sierra Leone,AFRO,5,4062,0,79
05-05-2021,SL,Sierra Leone,AFRO,6,4068,0,79
06-05-2021,SL,Sierra Leone,AFRO,0,4068,0,79
07-05-2021,SL,Sierra Leone,AFRO,0,4068,0,79
08-05-2021,SL,Sierra Leone,AFRO,0,4068,0,79
09-05-2021,SL,Sierra Leone,AFRO,0,4068,0,79
10-05-2021,SL,Sierra Leone,AFRO,0,4068,0,79
11-05-2021,SL,Sierra Leone,AFRO,21,4089,0,79
12-05-2021,SL,Sierra Leone,AFRO,0,4089,0,79
13-05-2021,SL,Sierra Leone,AFRO,1,4090,0,79
14-05-2021,SL,Sierra Leone,AFRO,6,4096,0,79
15-05-2021,SL,Sierra Leone,AFRO,0,4096,0,79
16-05-2021,SL,Sierra Leone,AFRO,7,4103,0,79
17-05-2021,SL,Sierra Leone,AFRO,2,4105,0,79
18-05-2021,SL,Sierra Leone,AFRO,4,4109,0,79
19-05-2021,SL,Sierra Leone,AFRO,2,4111,0,79
20-05-2021,SL,Sierra Leone,AFRO,4,4115,0,79
21-05-2021,SL,Sierra Leone,AFRO,0,4115,0,79
22-05-2021,SL,Sierra Leone,AFRO,2,4117,0,79
23-05-2021,SL,Sierra Leone,AFRO,0,4117,0,79
24-05-2021,SL,Sierra Leone,AFRO,4,4121,0,79
25-05-2021,SL,Sierra Leone,AFRO,0,4121,0,79
26-05-2021,SL,Sierra Leone,AFRO,0,4121,0,79
27-05-2021,SL,Sierra Leone,AFRO,9,4130,0,79
28-05-2021,SL,Sierra Leone,AFRO,0,4130,0,79
29-05-2021,SL,Sierra Leone,AFRO,10,4140,0,79
30-05-2021,SL,Sierra Leone,AFRO,0,4140,0,79
01-01-2021,SG,Singapore,WPRO,30,58599,0,29
02-01-2021,SG,Singapore,WPRO,30,58629,0,29
03-01-2021,SG,Singapore,WPRO,33,58662,0,29
04-01-2021,SG,Singapore,WPRO,35,58697,0,29
05-01-2021,SG,Singapore,WPRO,24,58721,0,29
06-01-2021,SG,Singapore,WPRO,28,58749,0,29
07-01-2021,SG,Singapore,WPRO,31,58780,0,29
08-01-2021,SG,Singapore,WPRO,33,58813,0,29
09-01-2021,SG,Singapore,WPRO,23,58836,0,29
10-01-2021,SG,Singapore,WPRO,29,58865,0,29
11-01-2021,SG,Singapore,WPRO,42,58907,0,29
12-01-2021,SG,Singapore,WPRO,22,58929,0,29
13-01-2021,SG,Singapore,WPRO,17,58946,0,29
14-01-2021,SG,Singapore,WPRO,38,58984,0,29
15-01-2021,SG,Singapore,WPRO,45,59029,0,29
16-01-2021,SG,Singapore,WPRO,30,59059,0,29
17-01-2021,SG,Singapore,WPRO,24,59083,0,29
18-01-2021,SG,Singapore,WPRO,30,59113,0,29
19-01-2021,SG,Singapore,WPRO,14,59127,0,29
20-01-2021,SG,Singapore,WPRO,30,59157,0,29
21-01-2021,SG,Singapore,WPRO,40,59197,0,29
22-01-2021,SG,Singapore,WPRO,38,59235,0,29
23-01-2021,SG,Singapore,WPRO,15,59250,0,29
24-01-2021,SG,Singapore,WPRO,10,59260,0,29
25-01-2021,SG,Singapore,WPRO,48,59308,0,29
26-01-2021,SG,Singapore,WPRO,44,59352,0,29
27-01-2021,SG,Singapore,WPRO,14,59366,0,29
28-01-2021,SG,Singapore,WPRO,25,59391,0,29
29-01-2021,SG,Singapore,WPRO,34,59425,0,29
30-01-2021,SG,Singapore,WPRO,24,59449,0,29
31-01-2021,SG,Singapore,WPRO,58,59507,0,29
01-02-2021,SG,Singapore,WPRO,29,59536,0,29
02-02-2021,SG,Singapore,WPRO,29,59565,0,29
03-02-2021,SG,Singapore,WPRO,19,59584,0,29
04-02-2021,SG,Singapore,WPRO,18,59602,0,29
05-02-2021,SG,Singapore,WPRO,22,59624,0,29
06-02-2021,SG,Singapore,WPRO,25,59649,0,29
07-02-2021,SG,Singapore,WPRO,26,59675,0,29
08-02-2021,SG,Singapore,WPRO,24,59699,0,29
09-02-2021,SG,Singapore,WPRO,22,59721,0,29
10-02-2021,SG,Singapore,WPRO,11,59732,0,29
11-02-2021,SG,Singapore,WPRO,15,59747,0,29
12-02-2021,SG,Singapore,WPRO,12,59759,0,29
13-02-2021,SG,Singapore,WPRO,18,59777,0,29
14-02-2021,SG,Singapore,WPRO,9,59786,0,29
15-02-2021,SG,Singapore,WPRO,14,59800,0,29
16-02-2021,SG,Singapore,WPRO,9,59809,0,29
17-02-2021,SG,Singapore,WPRO,1,59810,0,29
18-02-2021,SG,Singapore,WPRO,11,59821,0,29
19-02-2021,SG,Singapore,WPRO,11,59832,0,29
20-02-2021,SG,Singapore,WPRO,14,59846,0,29
21-02-2021,SG,Singapore,WPRO,12,59858,0,29
22-02-2021,SG,Singapore,WPRO,11,59869,0,29
23-02-2021,SG,Singapore,WPRO,10,59879,0,29
24-02-2021,SG,Singapore,WPRO,4,59883,0,29
25-02-2021,SG,Singapore,WPRO,7,59890,0,29
26-02-2021,SG,Singapore,WPRO,10,59900,0,29
27-02-2021,SG,Singapore,WPRO,13,59913,0,29
28-02-2021,SG,Singapore,WPRO,12,59925,0,29
01-03-2021,SG,Singapore,WPRO,11,59936,0,29
02-03-2021,SG,Singapore,WPRO,12,59948,0,29
03-03-2021,SG,Singapore,WPRO,8,59956,0,29
04-03-2021,SG,Singapore,WPRO,23,59979,0,29
05-03-2021,SG,Singapore,WPRO,19,59998,0,29
06-03-2021,SG,Singapore,WPRO,9,60007,0,29
07-03-2021,SG,Singapore,WPRO,13,60020,0,29
08-03-2021,SG,Singapore,WPRO,13,60033,0,29
09-03-2021,SG,Singapore,WPRO,13,60046,0,29
10-03-2021,SG,Singapore,WPRO,6,60052,0,29
11-03-2021,SG,Singapore,WPRO,10,60062,0,29
12-03-2021,SG,Singapore,WPRO,8,60070,0,29
13-03-2021,SG,Singapore,WPRO,10,60080,0,29
14-03-2021,SG,Singapore,WPRO,8,60088,1,30
15-03-2021,SG,Singapore,WPRO,17,60105,0,30
16-03-2021,SG,Singapore,WPRO,12,60117,0,30
17-03-2021,SG,Singapore,WPRO,11,60128,0,30
18-03-2021,SG,Singapore,WPRO,9,60137,0,30
19-03-2021,SG,Singapore,WPRO,15,60152,0,30
20-03-2021,SG,Singapore,WPRO,15,60167,0,30
21-03-2021,SG,Singapore,WPRO,17,60184,0,30
22-03-2021,SG,Singapore,WPRO,12,60196,0,30
23-03-2021,SG,Singapore,WPRO,12,60208,0,30
24-03-2021,SG,Singapore,WPRO,13,60221,0,30
25-03-2021,SG,Singapore,WPRO,15,60236,0,30
26-03-2021,SG,Singapore,WPRO,17,60253,0,30
27-03-2021,SG,Singapore,WPRO,12,60265,0,30
28-03-2021,SG,Singapore,WPRO,23,60288,0,30
29-03-2021,SG,Singapore,WPRO,12,60300,0,30
30-03-2021,SG,Singapore,WPRO,21,60321,0,30
31-03-2021,SG,Singapore,WPRO,26,60347,0,30
01-04-2021,SG,Singapore,WPRO,34,60381,0,30
02-04-2021,SG,Singapore,WPRO,26,60407,0,30
03-04-2021,SG,Singapore,WPRO,43,60450,0,30
04-04-2021,SG,Singapore,WPRO,18,60468,0,30
05-04-2021,SG,Singapore,WPRO,10,60478,0,30
06-04-2021,SG,Singapore,WPRO,17,60495,0,30
07-04-2021,SG,Singapore,WPRO,24,60519,0,30
08-04-2021,SG,Singapore,WPRO,35,60554,0,30
09-04-2021,SG,Singapore,WPRO,21,60575,0,30
10-04-2021,SG,Singapore,WPRO,26,60601,0,30
11-04-2021,SG,Singapore,WPRO,32,60633,0,30
12-04-2021,SG,Singapore,WPRO,20,60653,0,30
13-04-2021,SG,Singapore,WPRO,25,60678,0,30
14-04-2021,SG,Singapore,WPRO,14,60692,0,30
15-04-2021,SG,Singapore,WPRO,27,60719,0,30
16-04-2021,SG,Singapore,WPRO,16,60735,0,30
17-04-2021,SG,Singapore,WPRO,34,60769,0,30
18-04-2021,SG,Singapore,WPRO,39,60808,0,30
19-04-2021,SG,Singapore,WPRO,23,60831,0,30
20-04-2021,SG,Singapore,WPRO,20,60851,0,30
21-04-2021,SG,Singapore,WPRO,14,60865,0,30
22-04-2021,SG,Singapore,WPRO,15,60880,0,30
23-04-2021,SG,Singapore,WPRO,24,60904,0,30
24-04-2021,SG,Singapore,WPRO,39,60943,0,30
25-04-2021,SG,Singapore,WPRO,23,60966,0,30
26-04-2021,SG,Singapore,WPRO,40,61006,0,30
27-04-2021,SG,Singapore,WPRO,45,61051,0,30
28-04-2021,SG,Singapore,WPRO,12,61063,0,30
29-04-2021,SG,Singapore,WPRO,23,61086,0,30
30-04-2021,SG,Singapore,WPRO,35,61121,0,30
01-05-2021,SG,Singapore,WPRO,24,61145,0,30
02-05-2021,SG,Singapore,WPRO,34,61179,1,31
03-05-2021,SG,Singapore,WPRO,39,61218,0,31
04-05-2021,SG,Singapore,WPRO,17,61235,0,31
05-05-2021,SG,Singapore,WPRO,17,61252,0,31
06-05-2021,SG,Singapore,WPRO,16,61268,0,31
07-05-2021,SG,Singapore,WPRO,18,61286,0,31
08-05-2021,SG,Singapore,WPRO,25,61311,0,31
09-05-2021,SG,Singapore,WPRO,20,61331,0,31
10-05-2021,SG,Singapore,WPRO,28,61359,0,31
11-05-2021,SG,Singapore,WPRO,19,61378,0,31
12-05-2021,SG,Singapore,WPRO,25,61403,0,31
13-05-2021,SG,Singapore,WPRO,16,61419,0,31
14-05-2021,SG,Singapore,WPRO,34,61453,0,31
15-05-2021,SG,Singapore,WPRO,52,61505,0,31
16-05-2021,SG,Singapore,WPRO,31,61536,0,31
17-05-2021,SG,Singapore,WPRO,49,61585,0,31
18-05-2021,SG,Singapore,WPRO,28,61613,0,31
19-05-2021,SG,Singapore,WPRO,38,61651,0,31
20-05-2021,SG,Singapore,WPRO,38,61689,0,31
21-05-2021,SG,Singapore,WPRO,41,61730,1,32
22-05-2021,SG,Singapore,WPRO,40,61770,0,32
23-05-2021,SG,Singapore,WPRO,29,61799,0,32
24-05-2021,SG,Singapore,WPRO,25,61824,0,32
25-05-2021,SG,Singapore,WPRO,36,61860,0,32
26-05-2021,SG,Singapore,WPRO,30,61890,0,32
27-05-2021,SG,Singapore,WPRO,26,61916,0,32
28-05-2021,SG,Singapore,WPRO,24,61940,0,32
29-05-2021,SG,Singapore,WPRO,30,61970,0,32
30-05-2021,SG,Singapore,WPRO,33,62003,0,32
01-01-2021,XB,Sint Eustatius,AMRO,0,19,0,0
02-01-2021,XB,Sint Eustatius,AMRO,0,19,0,0
03-01-2021,XB,Sint Eustatius,AMRO,0,19,0,0
04-01-2021,XB,Sint Eustatius,AMRO,0,19,0,0
05-01-2021,XB,Sint Eustatius,AMRO,0,19,0,0
06-01-2021,XB,Sint Eustatius,AMRO,0,19,0,0
07-01-2021,XB,Sint Eustatius,AMRO,0,19,0,0
08-01-2021,XB,Sint Eustatius,AMRO,0,19,0,0
09-01-2021,XB,Sint Eustatius,AMRO,0,19,0,0
10-01-2021,XB,Sint Eustatius,AMRO,0,19,0,0
11-01-2021,XB,Sint Eustatius,AMRO,0,19,0,0
12-01-2021,XB,Sint Eustatius,AMRO,0,19,0,0
13-01-2021,XB,Sint Eustatius,AMRO,0,19,0,0
14-01-2021,XB,Sint Eustatius,AMRO,0,19,0,0
15-01-2021,XB,Sint Eustatius,AMRO,0,19,0,0
16-01-2021,XB,Sint Eustatius,AMRO,0,19,0,0
17-01-2021,XB,Sint Eustatius,AMRO,0,19,0,0
18-01-2021,XB,Sint Eustatius,AMRO,0,19,0,0
19-01-2021,XB,Sint Eustatius,AMRO,1,20,0,0
20-01-2021,XB,Sint Eustatius,AMRO,0,20,0,0
21-01-2021,XB,Sint Eustatius,AMRO,0,20,0,0
22-01-2021,XB,Sint Eustatius,AMRO,0,20,0,0
23-01-2021,XB,Sint Eustatius,AMRO,0,20,0,0
24-01-2021,XB,Sint Eustatius,AMRO,0,20,0,0
25-01-2021,XB,Sint Eustatius,AMRO,0,20,0,0
26-01-2021,XB,Sint Eustatius,AMRO,0,20,0,0
27-01-2021,XB,Sint Eustatius,AMRO,0,20,0,0
28-01-2021,XB,Sint Eustatius,AMRO,0,20,0,0
29-01-2021,XB,Sint Eustatius,AMRO,0,20,0,0
30-01-2021,XB,Sint Eustatius,AMRO,0,20,0,0
31-01-2021,XB,Sint Eustatius,AMRO,0,20,0,0
01-02-2021,XB,Sint Eustatius,AMRO,0,20,0,0
02-02-2021,XB,Sint Eustatius,AMRO,0,20,0,0
03-02-2021,XB,Sint Eustatius,AMRO,0,20,0,0
04-02-2021,XB,Sint Eustatius,AMRO,0,20,0,0
05-02-2021,XB,Sint Eustatius,AMRO,0,20,0,0
06-02-2021,XB,Sint Eustatius,AMRO,0,20,0,0
07-02-2021,XB,Sint Eustatius,AMRO,0,20,0,0
08-02-2021,XB,Sint Eustatius,AMRO,0,20,0,0
09-02-2021,XB,Sint Eustatius,AMRO,0,20,0,0
10-02-2021,XB,Sint Eustatius,AMRO,0,20,0,0
11-02-2021,XB,Sint Eustatius,AMRO,0,20,0,0
12-02-2021,XB,Sint Eustatius,AMRO,0,20,0,0
13-02-2021,XB,Sint Eustatius,AMRO,0,20,0,0
14-02-2021,XB,Sint Eustatius,AMRO,0,20,0,0
15-02-2021,XB,Sint Eustatius,AMRO,0,20,0,0
16-02-2021,XB,Sint Eustatius,AMRO,0,20,0,0
17-02-2021,XB,Sint Eustatius,AMRO,0,20,0,0
18-02-2021,XB,Sint Eustatius,AMRO,0,20,0,0
19-02-2021,XB,Sint Eustatius,AMRO,0,20,0,0
20-02-2021,XB,Sint Eustatius,AMRO,0,20,0,0
21-02-2021,XB,Sint Eustatius,AMRO,0,20,0,0
22-02-2021,XB,Sint Eustatius,AMRO,0,20,0,0
23-02-2021,XB,Sint Eustatius,AMRO,0,20,0,0
24-02-2021,XB,Sint Eustatius,AMRO,0,20,0,0
25-02-2021,XB,Sint Eustatius,AMRO,0,20,0,0
26-02-2021,XB,Sint Eustatius,AMRO,0,20,0,0
27-02-2021,XB,Sint Eustatius,AMRO,0,20,0,0
28-02-2021,XB,Sint Eustatius,AMRO,0,20,0,0
01-03-2021,XB,Sint Eustatius,AMRO,0,20,0,0
02-03-2021,XB,Sint Eustatius,AMRO,0,20,0,0
03-03-2021,XB,Sint Eustatius,AMRO,0,20,0,0
04-03-2021,XB,Sint Eustatius,AMRO,0,20,0,0
05-03-2021,XB,Sint Eustatius,AMRO,0,20,0,0
06-03-2021,XB,Sint Eustatius,AMRO,0,20,0,0
07-03-2021,XB,Sint Eustatius,AMRO,0,20,0,0
08-03-2021,XB,Sint Eustatius,AMRO,0,20,0,0
09-03-2021,XB,Sint Eustatius,AMRO,0,20,0,0
10-03-2021,XB,Sint Eustatius,AMRO,0,20,0,0
11-03-2021,XB,Sint Eustatius,AMRO,0,20,0,0
12-03-2021,XB,Sint Eustatius,AMRO,0,20,0,0
13-03-2021,XB,Sint Eustatius,AMRO,0,20,0,0
14-03-2021,XB,Sint Eustatius,AMRO,0,20,0,0
15-03-2021,XB,Sint Eustatius,AMRO,0,20,0,0
16-03-2021,XB,Sint Eustatius,AMRO,0,20,0,0
17-03-2021,XB,Sint Eustatius,AMRO,0,20,0,0
18-03-2021,XB,Sint Eustatius,AMRO,0,20,0,0
19-03-2021,XB,Sint Eustatius,AMRO,0,20,0,0
20-03-2021,XB,Sint Eustatius,AMRO,0,20,0,0
21-03-2021,XB,Sint Eustatius,AMRO,0,20,0,0
22-03-2021,XB,Sint Eustatius,AMRO,0,20,0,0
23-03-2021,XB,Sint Eustatius,AMRO,0,20,0,0
24-03-2021,XB,Sint Eustatius,AMRO,0,20,0,0
25-03-2021,XB,Sint Eustatius,AMRO,0,20,0,0
26-03-2021,XB,Sint Eustatius,AMRO,0,20,0,0
27-03-2021,XB,Sint Eustatius,AMRO,0,20,0,0
28-03-2021,XB,Sint Eustatius,AMRO,0,20,0,0
29-03-2021,XB,Sint Eustatius,AMRO,0,20,0,0
30-03-2021,XB,Sint Eustatius,AMRO,0,20,0,0
31-03-2021,XB,Sint Eustatius,AMRO,0,20,0,0
01-04-2021,XB,Sint Eustatius,AMRO,0,20,0,0
02-04-2021,XB,Sint Eustatius,AMRO,0,20,0,0
03-04-2021,XB,Sint Eustatius,AMRO,0,20,0,0
04-04-2021,XB,Sint Eustatius,AMRO,0,20,0,0
05-04-2021,XB,Sint Eustatius,AMRO,0,20,0,0
06-04-2021,XB,Sint Eustatius,AMRO,0,20,0,0
07-04-2021,XB,Sint Eustatius,AMRO,0,20,0,0
08-04-2021,XB,Sint Eustatius,AMRO,0,20,0,0
09-04-2021,XB,Sint Eustatius,AMRO,0,20,0,0
10-04-2021,XB,Sint Eustatius,AMRO,0,20,0,0
11-04-2021,XB,Sint Eustatius,AMRO,0,20,0,0
12-04-2021,XB,Sint Eustatius,AMRO,0,20,0,0
13-04-2021,XB,Sint Eustatius,AMRO,0,20,0,0
14-04-2021,XB,Sint Eustatius,AMRO,0,20,0,0
15-04-2021,XB,Sint Eustatius,AMRO,0,20,0,0
16-04-2021,XB,Sint Eustatius,AMRO,0,20,0,0
17-04-2021,XB,Sint Eustatius,AMRO,0,20,0,0
18-04-2021,XB,Sint Eustatius,AMRO,0,20,0,0
19-04-2021,XB,Sint Eustatius,AMRO,0,20,0,0
20-04-2021,XB,Sint Eustatius,AMRO,0,20,0,0
21-04-2021,XB,Sint Eustatius,AMRO,0,20,0,0
22-04-2021,XB,Sint Eustatius,AMRO,0,20,0,0
23-04-2021,XB,Sint Eustatius,AMRO,0,20,0,0
24-04-2021,XB,Sint Eustatius,AMRO,0,20,0,0
25-04-2021,XB,Sint Eustatius,AMRO,0,20,0,0
26-04-2021,XB,Sint Eustatius,AMRO,0,20,0,0
27-04-2021,XB,Sint Eustatius,AMRO,0,20,0,0
28-04-2021,XB,Sint Eustatius,AMRO,0,20,0,0
29-04-2021,XB,Sint Eustatius,AMRO,0,20,0,0
30-04-2021,XB,Sint Eustatius,AMRO,0,20,0,0
01-05-2021,XB,Sint Eustatius,AMRO,0,20,0,0
02-05-2021,XB,Sint Eustatius,AMRO,0,20,0,0
03-05-2021,XB,Sint Eustatius,AMRO,0,20,0,0
04-05-2021,XB,Sint Eustatius,AMRO,0,20,0,0
05-05-2021,XB,Sint Eustatius,AMRO,0,20,0,0
06-05-2021,XB,Sint Eustatius,AMRO,0,20,0,0
07-05-2021,XB,Sint Eustatius,AMRO,0,20,0,0
08-05-2021,XB,Sint Eustatius,AMRO,0,20,0,0
09-05-2021,XB,Sint Eustatius,AMRO,0,20,0,0
10-05-2021,XB,Sint Eustatius,AMRO,0,20,0,0
11-05-2021,XB,Sint Eustatius,AMRO,0,20,0,0
12-05-2021,XB,Sint Eustatius,AMRO,0,20,0,0
13-05-2021,XB,Sint Eustatius,AMRO,0,20,0,0
14-05-2021,XB,Sint Eustatius,AMRO,0,20,0,0
15-05-2021,XB,Sint Eustatius,AMRO,0,20,0,0
16-05-2021,XB,Sint Eustatius,AMRO,0,20,0,0
17-05-2021,XB,Sint Eustatius,AMRO,0,20,0,0
18-05-2021,XB,Sint Eustatius,AMRO,0,20,0,0
19-05-2021,XB,Sint Eustatius,AMRO,0,20,0,0
20-05-2021,XB,Sint Eustatius,AMRO,0,20,0,0
21-05-2021,XB,Sint Eustatius,AMRO,0,20,0,0
22-05-2021,XB,Sint Eustatius,AMRO,0,20,0,0
23-05-2021,XB,Sint Eustatius,AMRO,0,20,0,0
24-05-2021,XB,Sint Eustatius,AMRO,0,20,0,0
25-05-2021,XB,Sint Eustatius,AMRO,0,20,0,0
26-05-2021,XB,Sint Eustatius,AMRO,0,20,0,0
27-05-2021,XB,Sint Eustatius,AMRO,0,20,0,0
28-05-2021,XB,Sint Eustatius,AMRO,0,20,0,0
29-05-2021,XB,Sint Eustatius,AMRO,0,20,0,0
30-05-2021,XB,Sint Eustatius,AMRO,0,20,0,0
01-01-2021,SX,Sint Maarten,AMRO,11,1434,0,27
02-01-2021,SX,Sint Maarten,AMRO,0,1434,0,27
03-01-2021,SX,Sint Maarten,AMRO,0,1434,0,27
04-01-2021,SX,Sint Maarten,AMRO,0,1434,0,27
05-01-2021,SX,Sint Maarten,AMRO,28,1462,0,27
06-01-2021,SX,Sint Maarten,AMRO,3,1465,0,27
07-01-2021,SX,Sint Maarten,AMRO,39,1504,0,27
08-01-2021,SX,Sint Maarten,AMRO,8,1512,0,27
09-01-2021,SX,Sint Maarten,AMRO,19,1531,0,27
10-01-2021,SX,Sint Maarten,AMRO,0,1531,0,27
11-01-2021,SX,Sint Maarten,AMRO,0,1531,0,27
12-01-2021,SX,Sint Maarten,AMRO,24,1555,0,27
13-01-2021,SX,Sint Maarten,AMRO,20,1575,0,27
14-01-2021,SX,Sint Maarten,AMRO,14,1589,0,27
15-01-2021,SX,Sint Maarten,AMRO,18,1607,0,27
16-01-2021,SX,Sint Maarten,AMRO,22,1629,0,27
17-01-2021,SX,Sint Maarten,AMRO,0,1629,0,27
18-01-2021,SX,Sint Maarten,AMRO,0,1629,0,27
19-01-2021,SX,Sint Maarten,AMRO,27,1656,0,27
20-01-2021,SX,Sint Maarten,AMRO,13,1669,0,27
21-01-2021,SX,Sint Maarten,AMRO,8,1677,0,27
22-01-2021,SX,Sint Maarten,AMRO,26,1703,0,27
23-01-2021,SX,Sint Maarten,AMRO,5,1708,0,27
24-01-2021,SX,Sint Maarten,AMRO,0,1708,0,27
25-01-2021,SX,Sint Maarten,AMRO,0,1708,0,27
26-01-2021,SX,Sint Maarten,AMRO,41,1749,0,27
27-01-2021,SX,Sint Maarten,AMRO,9,1758,0,27
28-01-2021,SX,Sint Maarten,AMRO,9,1767,0,27
29-01-2021,SX,Sint Maarten,AMRO,40,1807,0,27
30-01-2021,SX,Sint Maarten,AMRO,15,1822,0,27
31-01-2021,SX,Sint Maarten,AMRO,0,1822,0,27
01-02-2021,SX,Sint Maarten,AMRO,0,1822,0,27
02-02-2021,SX,Sint Maarten,AMRO,40,1862,0,27
03-02-2021,SX,Sint Maarten,AMRO,8,1870,0,27
04-02-2021,SX,Sint Maarten,AMRO,15,1885,0,27
05-02-2021,SX,Sint Maarten,AMRO,14,1899,0,27
06-02-2021,SX,Sint Maarten,AMRO,12,1911,0,27
07-02-2021,SX,Sint Maarten,AMRO,0,1911,0,27
08-02-2021,SX,Sint Maarten,AMRO,0,1911,0,27
09-02-2021,SX,Sint Maarten,AMRO,25,1936,0,27
10-02-2021,SX,Sint Maarten,AMRO,2,1938,0,27
11-02-2021,SX,Sint Maarten,AMRO,14,1952,0,27
12-02-2021,SX,Sint Maarten,AMRO,20,1972,0,27
13-02-2021,SX,Sint Maarten,AMRO,13,1985,0,27
14-02-2021,SX,Sint Maarten,AMRO,0,1985,0,27
15-02-2021,SX,Sint Maarten,AMRO,0,1985,0,27
16-02-2021,SX,Sint Maarten,AMRO,13,1998,0,27
17-02-2021,SX,Sint Maarten,AMRO,3,2001,0,27
18-02-2021,SX,Sint Maarten,AMRO,12,2013,0,27
19-02-2021,SX,Sint Maarten,AMRO,0,2013,0,27
20-02-2021,SX,Sint Maarten,AMRO,14,2027,0,27
21-02-2021,SX,Sint Maarten,AMRO,0,2027,0,27
22-02-2021,SX,Sint Maarten,AMRO,0,2027,0,27
23-02-2021,SX,Sint Maarten,AMRO,6,2033,0,27
24-02-2021,SX,Sint Maarten,AMRO,9,2042,0,27
25-02-2021,SX,Sint Maarten,AMRO,5,2047,0,27
26-02-2021,SX,Sint Maarten,AMRO,3,2050,0,27
27-02-2021,SX,Sint Maarten,AMRO,1,2051,0,27
28-02-2021,SX,Sint Maarten,AMRO,0,2051,0,27
01-03-2021,SX,Sint Maarten,AMRO,0,2051,0,27
02-03-2021,SX,Sint Maarten,AMRO,6,2057,0,27
03-03-2021,SX,Sint Maarten,AMRO,3,2060,0,27
04-03-2021,SX,Sint Maarten,AMRO,1,2061,0,27
05-03-2021,SX,Sint Maarten,AMRO,4,2065,0,27
06-03-2021,SX,Sint Maarten,AMRO,1,2066,0,27
07-03-2021,SX,Sint Maarten,AMRO,0,2066,0,27
08-03-2021,SX,Sint Maarten,AMRO,0,2066,0,27
09-03-2021,SX,Sint Maarten,AMRO,4,2070,0,27
10-03-2021,SX,Sint Maarten,AMRO,4,2074,0,27
11-03-2021,SX,Sint Maarten,AMRO,2,2076,0,27
12-03-2021,SX,Sint Maarten,AMRO,1,2077,0,27
13-03-2021,SX,Sint Maarten,AMRO,1,2078,0,27
14-03-2021,SX,Sint Maarten,AMRO,0,2078,0,27
15-03-2021,SX,Sint Maarten,AMRO,0,2078,0,27
16-03-2021,SX,Sint Maarten,AMRO,4,2082,0,27
17-03-2021,SX,Sint Maarten,AMRO,3,2085,0,27
18-03-2021,SX,Sint Maarten,AMRO,3,2088,0,27
19-03-2021,SX,Sint Maarten,AMRO,5,2093,0,27
20-03-2021,SX,Sint Maarten,AMRO,0,2093,0,27
21-03-2021,SX,Sint Maarten,AMRO,0,2093,0,27
22-03-2021,SX,Sint Maarten,AMRO,0,2093,0,27
23-03-2021,SX,Sint Maarten,AMRO,8,2101,0,27
24-03-2021,SX,Sint Maarten,AMRO,3,2104,0,27
25-03-2021,SX,Sint Maarten,AMRO,4,2108,0,27
26-03-2021,SX,Sint Maarten,AMRO,6,2114,0,27
27-03-2021,SX,Sint Maarten,AMRO,4,2118,0,27
28-03-2021,SX,Sint Maarten,AMRO,0,2118,0,27
29-03-2021,SX,Sint Maarten,AMRO,0,2118,0,27
30-03-2021,SX,Sint Maarten,AMRO,12,2130,0,27
31-03-2021,SX,Sint Maarten,AMRO,4,2134,0,27
01-04-2021,SX,Sint Maarten,AMRO,6,2140,0,27
02-04-2021,SX,Sint Maarten,AMRO,7,2147,0,27
03-04-2021,SX,Sint Maarten,AMRO,4,2151,0,27
04-04-2021,SX,Sint Maarten,AMRO,0,2151,0,27
05-04-2021,SX,Sint Maarten,AMRO,0,2151,0,27
06-04-2021,SX,Sint Maarten,AMRO,0,2151,0,27
07-04-2021,SX,Sint Maarten,AMRO,0,2151,0,27
08-04-2021,SX,Sint Maarten,AMRO,13,2164,0,27
09-04-2021,SX,Sint Maarten,AMRO,10,2174,0,27
10-04-2021,SX,Sint Maarten,AMRO,0,2174,0,27
11-04-2021,SX,Sint Maarten,AMRO,0,2174,0,27
12-04-2021,SX,Sint Maarten,AMRO,0,2174,0,27
13-04-2021,SX,Sint Maarten,AMRO,11,2185,0,27
14-04-2021,SX,Sint Maarten,AMRO,3,2188,0,27
15-04-2021,SX,Sint Maarten,AMRO,8,2196,0,27
16-04-2021,SX,Sint Maarten,AMRO,3,2199,0,27
17-04-2021,SX,Sint Maarten,AMRO,3,2202,0,27
18-04-2021,SX,Sint Maarten,AMRO,0,2202,0,27
19-04-2021,SX,Sint Maarten,AMRO,0,2202,0,27
20-04-2021,SX,Sint Maarten,AMRO,3,2205,0,27
21-04-2021,SX,Sint Maarten,AMRO,2,2207,0,27
22-04-2021,SX,Sint Maarten,AMRO,4,2211,0,27
23-04-2021,SX,Sint Maarten,AMRO,1,2212,0,27
24-04-2021,SX,Sint Maarten,AMRO,0,2212,0,27
25-04-2021,SX,Sint Maarten,AMRO,0,2212,0,27
26-04-2021,SX,Sint Maarten,AMRO,0,2212,0,27
27-04-2021,SX,Sint Maarten,AMRO,3,2215,0,27
28-04-2021,SX,Sint Maarten,AMRO,5,2220,0,27
29-04-2021,SX,Sint Maarten,AMRO,0,2220,0,27
30-04-2021,SX,Sint Maarten,AMRO,6,2226,0,27
01-05-2021,SX,Sint Maarten,AMRO,4,2230,0,27
02-05-2021,SX,Sint Maarten,AMRO,0,2230,0,27
03-05-2021,SX,Sint Maarten,AMRO,0,2230,0,27
04-05-2021,SX,Sint Maarten,AMRO,0,2230,0,27
05-05-2021,SX,Sint Maarten,AMRO,10,2240,0,27
06-05-2021,SX,Sint Maarten,AMRO,0,2240,0,27
07-05-2021,SX,Sint Maarten,AMRO,7,2247,0,27
08-05-2021,SX,Sint Maarten,AMRO,3,2250,0,27
09-05-2021,SX,Sint Maarten,AMRO,0,2250,0,27
10-05-2021,SX,Sint Maarten,AMRO,0,2250,0,27
11-05-2021,SX,Sint Maarten,AMRO,10,2260,0,27
12-05-2021,SX,Sint Maarten,AMRO,3,2263,0,27
13-05-2021,SX,Sint Maarten,AMRO,5,2268,0,27
14-05-2021,SX,Sint Maarten,AMRO,0,2268,0,27
15-05-2021,SX,Sint Maarten,AMRO,4,2272,0,27
16-05-2021,SX,Sint Maarten,AMRO,0,2272,0,27
17-05-2021,SX,Sint Maarten,AMRO,0,2272,0,27
18-05-2021,SX,Sint Maarten,AMRO,10,2282,0,27
19-05-2021,SX,Sint Maarten,AMRO,10,2292,0,27
20-05-2021,SX,Sint Maarten,AMRO,15,2307,0,27
21-05-2021,SX,Sint Maarten,AMRO,19,2326,0,27
22-05-2021,SX,Sint Maarten,AMRO,20,2346,0,27
23-05-2021,SX,Sint Maarten,AMRO,0,2346,0,27
24-05-2021,SX,Sint Maarten,AMRO,0,2346,0,27
25-05-2021,SX,Sint Maarten,AMRO,20,2366,1,28
26-05-2021,SX,Sint Maarten,AMRO,4,2370,0,28
27-05-2021,SX,Sint Maarten,AMRO,16,2386,0,28
28-05-2021,SX,Sint Maarten,AMRO,8,2394,0,28
29-05-2021,SX,Sint Maarten,AMRO,10,2404,0,28
30-05-2021,SX,Sint Maarten,AMRO,0,2404,0,28
01-01-2021,SK,Slovakia,EURO,6315,179543,73,2138
02-01-2021,SK,Slovakia,EURO,4965,184508,112,2250
03-01-2021,SK,Slovakia,EURO,1736,186244,0,2250
04-01-2021,SK,Slovakia,EURO,1219,187463,67,2317
05-01-2021,SK,Slovakia,EURO,636,188099,204,2521
06-01-2021,SK,Slovakia,EURO,2989,191088,82,2603
07-01-2021,SK,Slovakia,EURO,4959,196047,54,2657
08-01-2021,SK,Slovakia,EURO,2137,198184,60,2717
09-01-2021,SK,Slovakia,EURO,2980,201164,71,2788
10-01-2021,SK,Slovakia,EURO,4072,205236,48,2836
11-01-2021,SK,Slovakia,EURO,2973,208209,82,2918
12-01-2021,SK,Slovakia,EURO,860,209069,89,3007
13-01-2021,SK,Slovakia,EURO,2410,211479,95,3102
14-01-2021,SK,Slovakia,EURO,3576,215055,61,3163
15-01-2021,SK,Slovakia,EURO,2923,217978,97,3260
16-01-2021,SK,Slovakia,EURO,2729,220707,102,3362
17-01-2021,SK,Slovakia,EURO,2045,222752,55,3417
18-01-2021,SK,Slovakia,EURO,573,223325,57,3474
19-01-2021,SK,Slovakia,EURO,1060,224385,52,3526
20-01-2021,SK,Slovakia,EURO,1909,226294,111,3637
21-01-2021,SK,Slovakia,EURO,2484,228778,100,3737
22-01-2021,SK,Slovakia,EURO,2464,231242,64,3801
23-01-2021,SK,Slovakia,EURO,1785,233027,93,3894
24-01-2021,SK,Slovakia,EURO,1544,234571,71,3965
25-01-2021,SK,Slovakia,EURO,1905,236476,103,4068
26-01-2021,SK,Slovakia,EURO,551,237027,0,4068
27-01-2021,SK,Slovakia,EURO,1590,238617,192,4260
28-01-2021,SK,Slovakia,EURO,2775,241392,101,4361
29-01-2021,SK,Slovakia,EURO,2035,243427,50,4411
30-01-2021,SK,Slovakia,EURO,2581,246008,84,4495
31-01-2021,SK,Slovakia,EURO,991,246999,70,4565
01-02-2021,SK,Slovakia,EURO,2914,249913,77,4642
02-02-2021,SK,Slovakia,EURO,444,250357,69,4711
03-02-2021,SK,Slovakia,EURO,1737,252094,73,4784
04-02-2021,SK,Slovakia,EURO,2732,254826,105,4889
05-02-2021,SK,Slovakia,EURO,2077,256903,87,4976
06-02-2021,SK,Slovakia,EURO,2630,259533,74,5050
07-02-2021,SK,Slovakia,EURO,2241,261774,85,5135
08-02-2021,SK,Slovakia,EURO,1552,263326,64,5199
09-02-2021,SK,Slovakia,EURO,757,264083,72,5271
10-02-2021,SK,Slovakia,EURO,1724,265807,111,5382
11-02-2021,SK,Slovakia,EURO,3179,268986,120,5502
12-02-2021,SK,Slovakia,EURO,2487,271473,127,5629
13-02-2021,SK,Slovakia,EURO,2431,273904,104,5733
14-02-2021,SK,Slovakia,EURO,2330,276234,79,5812
15-02-2021,SK,Slovakia,EURO,2020,278254,140,5952
16-02-2021,SK,Slovakia,EURO,1442,279696,111,6063
17-02-2021,SK,Slovakia,EURO,3168,282864,105,6168
18-02-2021,SK,Slovakia,EURO,2555,285419,103,6271
19-02-2021,SK,Slovakia,EURO,2333,287752,79,6350
20-02-2021,SK,Slovakia,EURO,2705,290457,74,6424
21-02-2021,SK,Slovakia,EURO,1686,292143,81,6505
22-02-2021,SK,Slovakia,EURO,649,292792,72,6577
23-02-2021,SK,Slovakia,EURO,1998,294790,94,6671
24-02-2021,SK,Slovakia,EURO,3547,298337,104,6775
25-02-2021,SK,Slovakia,EURO,2438,300775,84,6859
26-02-2021,SK,Slovakia,EURO,2645,303420,107,6966
27-02-2021,SK,Slovakia,EURO,2848,306268,109,7075
28-02-2021,SK,Slovakia,EURO,1815,308083,114,7189
01-03-2021,SK,Slovakia,EURO,842,308925,99,7288
02-03-2021,SK,Slovakia,EURO,2077,311002,100,7388
03-03-2021,SK,Slovakia,EURO,3357,314359,101,7489
04-03-2021,SK,Slovakia,EURO,2800,317159,71,7560
05-03-2021,SK,Slovakia,EURO,2423,319582,105,7665
06-03-2021,SK,Slovakia,EURO,2522,322104,74,7739
07-03-2021,SK,Slovakia,EURO,1286,323390,97,7836
08-03-2021,SK,Slovakia,EURO,396,323786,85,7921
09-03-2021,SK,Slovakia,EURO,2207,325993,116,8037
10-03-2021,SK,Slovakia,EURO,3600,329593,109,8146
11-03-2021,SK,Slovakia,EURO,1978,331571,98,8244
12-03-2021,SK,Slovakia,EURO,2301,333872,102,8346
13-03-2021,SK,Slovakia,EURO,2363,336235,94,8440
14-03-2021,SK,Slovakia,EURO,1268,337503,88,8528
15-03-2021,SK,Slovakia,EURO,457,337960,77,8605
16-03-2021,SK,Slovakia,EURO,1578,339538,64,8669
17-03-2021,SK,Slovakia,EURO,2892,342430,69,8738
18-03-2021,SK,Slovakia,EURO,2040,344470,76,8814
19-03-2021,SK,Slovakia,EURO,1679,346149,80,8894
20-03-2021,SK,Slovakia,EURO,1795,347944,84,8978
21-03-2021,SK,Slovakia,EURO,925,348869,66,9044
22-03-2021,SK,Slovakia,EURO,401,349270,60,9104
23-03-2021,SK,Slovakia,EURO,1281,350551,86,9190
24-03-2021,SK,Slovakia,EURO,1977,352528,71,9261
25-03-2021,SK,Slovakia,EURO,1654,354182,52,9313
26-03-2021,SK,Slovakia,EURO,1272,355454,60,9373
27-03-2021,SK,Slovakia,EURO,1531,356985,53,9426
28-03-2021,SK,Slovakia,EURO,925,357910,70,9496
29-03-2021,SK,Slovakia,EURO,205,358115,46,9542
30-03-2021,SK,Slovakia,EURO,1215,359330,82,9624
31-03-2021,SK,Slovakia,EURO,1855,361185,95,9719
01-04-2021,SK,Slovakia,EURO,1304,362489,71,9790
02-04-2021,SK,Slovakia,EURO,1385,363874,87,9877
03-04-2021,SK,Slovakia,EURO,748,364622,71,9948
04-04-2021,SK,Slovakia,EURO,620,365242,77,10025
05-04-2021,SK,Slovakia,EURO,158,365400,69,10094
06-04-2021,SK,Slovakia,EURO,333,365733,0,10094
07-04-2021,SK,Slovakia,EURO,1161,366894,149,10243
08-04-2021,SK,Slovakia,EURO,1576,368470,79,10322
09-04-2021,SK,Slovakia,EURO,923,369393,89,10411
10-04-2021,SK,Slovakia,EURO,1080,370473,76,10487
11-04-2021,SK,Slovakia,EURO,589,371062,78,10565
12-04-2021,SK,Slovakia,EURO,106,371168,65,10630
13-04-2021,SK,Slovakia,EURO,870,372038,86,10716
14-04-2021,SK,Slovakia,EURO,1069,373107,82,10798
15-04-2021,SK,Slovakia,EURO,843,373950,79,10877
16-04-2021,SK,Slovakia,EURO,636,374586,93,10970
17-04-2021,SK,Slovakia,EURO,750,375336,73,11043
18-04-2021,SK,Slovakia,EURO,638,375974,63,11106
19-04-2021,SK,Slovakia,EURO,93,376067,66,11172
20-04-2021,SK,Slovakia,EURO,642,376709,72,11244
21-04-2021,SK,Slovakia,EURO,764,377473,60,11304
22-04-2021,SK,Slovakia,EURO,677,378150,53,11357
23-04-2021,SK,Slovakia,EURO,485,378635,48,11405
24-04-2021,SK,Slovakia,EURO,841,379476,53,11458
25-04-2021,SK,Slovakia,EURO,435,379911,37,11495
26-04-2021,SK,Slovakia,EURO,99,380010,36,11531
27-04-2021,SK,Slovakia,EURO,488,380498,41,11572
28-04-2021,SK,Slovakia,EURO,682,381180,39,11611
29-04-2021,SK,Slovakia,EURO,564,381744,36,11647
30-04-2021,SK,Slovakia,EURO,467,382211,37,11684
01-05-2021,SK,Slovakia,EURO,509,382720,48,11732
02-05-2021,SK,Slovakia,EURO,378,383098,34,11766
03-05-2021,SK,Slovakia,EURO,130,383228,41,11807
04-05-2021,SK,Slovakia,EURO,381,383609,48,11855
05-05-2021,SK,Slovakia,EURO,708,384317,31,11886
06-05-2021,SK,Slovakia,EURO,343,384660,34,11920
07-05-2021,SK,Slovakia,EURO,362,385022,26,11946
08-05-2021,SK,Slovakia,EURO,373,385395,44,11990
09-05-2021,SK,Slovakia,EURO,80,385475,29,12019
10-05-2021,SK,Slovakia,EURO,311,385786,32,12051
11-05-2021,SK,Slovakia,EURO,350,386136,26,12077
12-05-2021,SK,Slovakia,EURO,404,386540,19,12096
13-05-2021,SK,Slovakia,EURO,328,386868,39,12135
14-05-2021,SK,Slovakia,EURO,294,387162,33,12168
15-05-2021,SK,Slovakia,EURO,258,387420,35,12203
16-05-2021,SK,Slovakia,EURO,103,387523,21,12224
17-05-2021,SK,Slovakia,EURO,136,387659,14,12238
18-05-2021,SK,Slovakia,EURO,233,387892,10,12248
19-05-2021,SK,Slovakia,EURO,246,388138,14,12262
20-05-2021,SK,Slovakia,EURO,253,388391,10,12272
21-05-2021,SK,Slovakia,EURO,138,388529,8,12280
22-05-2021,SK,Slovakia,EURO,190,388719,6,12286
23-05-2021,SK,Slovakia,EURO,116,388835,6,12292
24-05-2021,SK,Slovakia,EURO,19,388854,4,12296
25-05-2021,SK,Slovakia,EURO,132,388986,5,12301
26-05-2021,SK,Slovakia,EURO,190,389176,11,12312
27-05-2021,SK,Slovakia,EURO,168,389344,8,12320
28-05-2021,SK,Slovakia,EURO,96,389440,13,12333
29-05-2021,SK,Slovakia,EURO,148,389588,2,12335
30-05-2021,SK,Slovakia,EURO,102,389690,4,12339
01-01-2021,SI,Slovenia,EURO,2429,122262,28,2981
02-01-2021,SI,Slovenia,EURO,1772,124034,42,3023
03-01-2021,SI,Slovenia,EURO,398,124432,35,3058
04-01-2021,SI,Slovenia,EURO,761,125193,35,3093
05-01-2021,SI,Slovenia,EURO,766,125959,33,3126
06-01-2021,SI,Slovenia,EURO,2605,128564,30,3156
07-01-2021,SI,Slovenia,EURO,3428,131992,37,3193
08-01-2021,SI,Slovenia,EURO,2697,134689,24,3217
09-01-2021,SI,Slovenia,EURO,2084,136773,29,3246
10-01-2021,SI,Slovenia,EURO,1861,138634,28,3274
11-01-2021,SI,Slovenia,EURO,763,139397,33,3307
12-01-2021,SI,Slovenia,EURO,426,139823,20,3327
13-01-2021,SI,Slovenia,EURO,1910,141733,29,3356
14-01-2021,SI,Slovenia,EURO,2104,143837,23,3379
15-01-2021,SI,Slovenia,EURO,1808,145645,19,3398
16-01-2021,SI,Slovenia,EURO,1501,147146,25,3423
17-01-2021,SI,Slovenia,EURO,1549,148695,30,3453
18-01-2021,SI,Slovenia,EURO,574,149269,34,3487
19-01-2021,SI,Slovenia,EURO,300,149569,31,3518
20-01-2021,SI,Slovenia,EURO,1707,151276,28,3546
21-01-2021,SI,Slovenia,EURO,1717,152993,25,3571
22-01-2021,SI,Slovenia,EURO,1458,154451,29,3600
23-01-2021,SI,Slovenia,EURO,1459,155910,24,3624
24-01-2021,SI,Slovenia,EURO,1520,157430,27,3651
25-01-2021,SI,Slovenia,EURO,541,157971,30,3681
26-01-2021,SI,Slovenia,EURO,297,158268,24,3705
27-01-2021,SI,Slovenia,EURO,1682,159950,23,3728
28-01-2021,SI,Slovenia,EURO,1877,161827,24,3752
29-01-2021,SI,Slovenia,EURO,1541,163368,16,3768
30-01-2021,SI,Slovenia,EURO,1305,164673,26,3794
31-01-2021,SI,Slovenia,EURO,1302,165975,22,3816
01-02-2021,SI,Slovenia,EURO,588,166563,17,3833
02-02-2021,SI,Slovenia,EURO,348,166911,21,3854
03-02-2021,SI,Slovenia,EURO,1516,168427,16,3870
04-02-2021,SI,Slovenia,EURO,1565,169992,24,3894
05-02-2021,SI,Slovenia,EURO,1267,171259,25,3919
06-02-2021,SI,Slovenia,EURO,960,172219,15,3934
07-02-2021,SI,Slovenia,EURO,984,173203,13,3947
08-02-2021,SI,Slovenia,EURO,498,173701,17,3964
09-02-2021,SI,Slovenia,EURO,308,174009,8,3972
10-02-2021,SI,Slovenia,EURO,338,174347,18,3990
11-02-2021,SI,Slovenia,EURO,1369,175716,12,4002
12-02-2021,SI,Slovenia,EURO,1337,177053,10,4012
13-02-2021,SI,Slovenia,EURO,1047,178100,16,4028
14-02-2021,SI,Slovenia,EURO,992,179092,15,4043
15-02-2021,SI,Slovenia,EURO,385,179477,9,4052
16-02-2021,SI,Slovenia,EURO,244,179721,10,4062
17-02-2021,SI,Slovenia,EURO,743,180464,6,4068
18-02-2021,SI,Slovenia,EURO,1100,181564,6,4074
19-02-2021,SI,Slovenia,EURO,874,182438,8,4082
20-02-2021,SI,Slovenia,EURO,910,183348,5,4087
21-02-2021,SI,Slovenia,EURO,960,184308,7,4094
22-02-2021,SI,Slovenia,EURO,418,184726,4,4098
23-02-2021,SI,Slovenia,EURO,248,184974,5,4103
24-02-2021,SI,Slovenia,EURO,903,185877,6,4109
25-02-2021,SI,Slovenia,EURO,1095,186972,10,4119
26-02-2021,SI,Slovenia,EURO,859,187831,7,4126
27-02-2021,SI,Slovenia,EURO,919,188750,12,4138
28-02-2021,SI,Slovenia,EURO,948,189698,10,4148
01-03-2021,SI,Slovenia,EURO,454,190152,10,4158
02-03-2021,SI,Slovenia,EURO,245,190397,11,4169
03-03-2021,SI,Slovenia,EURO,729,191126,6,4175
04-03-2021,SI,Slovenia,EURO,1211,192337,7,4182
05-03-2021,SI,Slovenia,EURO,1021,193358,9,4191
06-03-2021,SI,Slovenia,EURO,886,194244,7,4198
07-03-2021,SI,Slovenia,EURO,925,195169,2,4200
08-03-2021,SI,Slovenia,EURO,383,195552,4,4204
09-03-2021,SI,Slovenia,EURO,210,195762,3,4207
10-03-2021,SI,Slovenia,EURO,743,196505,7,4214
11-03-2021,SI,Slovenia,EURO,959,197464,7,4221
12-03-2021,SI,Slovenia,EURO,861,198325,12,4233
13-03-2021,SI,Slovenia,EURO,772,199097,7,4240
14-03-2021,SI,Slovenia,EURO,851,199948,5,4245
15-03-2021,SI,Slovenia,EURO,482,200430,4,4249
16-03-2021,SI,Slovenia,EURO,205,200635,4,4253
17-03-2021,SI,Slovenia,EURO,921,201556,4,4257
18-03-2021,SI,Slovenia,EURO,1113,202669,8,4265
19-03-2021,SI,Slovenia,EURO,976,203645,3,4268
20-03-2021,SI,Slovenia,EURO,943,204588,10,4278
21-03-2021,SI,Slovenia,EURO,1032,205620,10,4288
22-03-2021,SI,Slovenia,EURO,517,206137,5,4293
23-03-2021,SI,Slovenia,EURO,290,206427,8,4301
24-03-2021,SI,Slovenia,EURO,985,207412,8,4309
25-03-2021,SI,Slovenia,EURO,1288,208700,11,4320
26-03-2021,SI,Slovenia,EURO,1163,209863,6,4326
27-03-2021,SI,Slovenia,EURO,1037,210900,9,4335
28-03-2021,SI,Slovenia,EURO,1252,212152,6,4341
29-03-2021,SI,Slovenia,EURO,641,212793,6,4347
30-03-2021,SI,Slovenia,EURO,288,213081,6,4353
31-03-2021,SI,Slovenia,EURO,1082,214163,11,4364
01-04-2021,SI,Slovenia,EURO,1572,215735,12,4376
02-04-2021,SI,Slovenia,EURO,1337,217072,7,4383
03-04-2021,SI,Slovenia,EURO,1171,218243,11,4394
04-04-2021,SI,Slovenia,EURO,1299,219542,6,4400
05-04-2021,SI,Slovenia,EURO,720,220262,9,4409
06-04-2021,SI,Slovenia,EURO,283,220545,5,4414
07-04-2021,SI,Slovenia,EURO,273,220818,8,4422
08-04-2021,SI,Slovenia,EURO,1191,222009,6,4428
09-04-2021,SI,Slovenia,EURO,1529,223538,5,4433
10-04-2021,SI,Slovenia,EURO,1283,224821,3,4436
11-04-2021,SI,Slovenia,EURO,1256,226077,12,4448
12-04-2021,SI,Slovenia,EURO,549,226626,4,4452
13-04-2021,SI,Slovenia,EURO,291,226917,5,4457
14-04-2021,SI,Slovenia,EURO,1050,227967,7,4464
15-04-2021,SI,Slovenia,EURO,1236,229203,6,4470
16-04-2021,SI,Slovenia,EURO,892,230095,4,4474
17-04-2021,SI,Slovenia,EURO,862,230957,9,4483
18-04-2021,SI,Slovenia,EURO,772,231729,7,4490
19-04-2021,SI,Slovenia,EURO,476,232205,4,4494
20-04-2021,SI,Slovenia,EURO,233,232438,9,4503
21-04-2021,SI,Slovenia,EURO,724,233162,8,4511
22-04-2021,SI,Slovenia,EURO,1038,234200,5,4516
23-04-2021,SI,Slovenia,EURO,744,234944,14,4530
24-04-2021,SI,Slovenia,EURO,900,235844,2,4532
25-04-2021,SI,Slovenia,EURO,831,236675,9,4541
26-04-2021,SI,Slovenia,EURO,416,237091,7,4548
27-04-2021,SI,Slovenia,EURO,191,237282,9,4557
28-04-2021,SI,Slovenia,EURO,808,238090,2,4559
29-04-2021,SI,Slovenia,EURO,403,238493,12,4571
30-04-2021,SI,Slovenia,EURO,921,239414,9,4580
01-05-2021,SI,Slovenia,EURO,949,240363,8,4588
02-05-2021,SI,Slovenia,EURO,1018,241381,9,4597
03-05-2021,SI,Slovenia,EURO,367,241748,4,4601
04-05-2021,SI,Slovenia,EURO,209,241957,8,4609
05-05-2021,SI,Slovenia,EURO,893,242850,3,4612
06-05-2021,SI,Slovenia,EURO,930,243780,9,4621
07-05-2021,SI,Slovenia,EURO,776,244556,2,4623
08-05-2021,SI,Slovenia,EURO,608,245164,2,4625
09-05-2021,SI,Slovenia,EURO,633,245797,0,4625
10-05-2021,SI,Slovenia,EURO,291,246088,7,4632
11-05-2021,SI,Slovenia,EURO,146,246234,7,4639
12-05-2021,SI,Slovenia,EURO,490,246724,2,4641
13-05-2021,SI,Slovenia,EURO,729,247453,5,4646
14-05-2021,SI,Slovenia,EURO,598,248051,5,4651
15-05-2021,SI,Slovenia,EURO,472,248523,7,4658
16-05-2021,SI,Slovenia,EURO,495,249018,1,4659
17-05-2021,SI,Slovenia,EURO,293,249311,3,4662
18-05-2021,SI,Slovenia,EURO,113,249424,5,4667
19-05-2021,SI,Slovenia,EURO,497,249921,4,4671
20-05-2021,SI,Slovenia,EURO,538,250459,4,4675
21-05-2021,SI,Slovenia,EURO,357,250816,5,4680
22-05-2021,SI,Slovenia,EURO,331,251147,2,4682
23-05-2021,SI,Slovenia,EURO,382,251529,2,4684
24-05-2021,SI,Slovenia,EURO,157,251686,1,4685
25-05-2021,SI,Slovenia,EURO,84,251770,2,4687
26-05-2021,SI,Slovenia,EURO,323,252093,1,4688
27-05-2021,SI,Slovenia,EURO,390,252483,2,4690
28-05-2021,SI,Slovenia,EURO,366,252849,0,4690
29-05-2021,SI,Slovenia,EURO,289,253138,0,4690
30-05-2021,SI,Slovenia,EURO,355,253493,0,4690
01-01-2021,SB,Solomon Islands,WPRO,0,17,0,0
02-01-2021,SB,Solomon Islands,WPRO,0,17,0,0
03-01-2021,SB,Solomon Islands,WPRO,0,17,0,0
04-01-2021,SB,Solomon Islands,WPRO,0,17,0,0
05-01-2021,SB,Solomon Islands,WPRO,0,17,0,0
06-01-2021,SB,Solomon Islands,WPRO,0,17,0,0
07-01-2021,SB,Solomon Islands,WPRO,0,17,0,0
08-01-2021,SB,Solomon Islands,WPRO,0,17,0,0
09-01-2021,SB,Solomon Islands,WPRO,0,17,0,0
10-01-2021,SB,Solomon Islands,WPRO,0,17,0,0
11-01-2021,SB,Solomon Islands,WPRO,0,17,0,0
12-01-2021,SB,Solomon Islands,WPRO,0,17,0,0
13-01-2021,SB,Solomon Islands,WPRO,0,17,0,0
14-01-2021,SB,Solomon Islands,WPRO,0,17,0,0
15-01-2021,SB,Solomon Islands,WPRO,0,17,0,0
16-01-2021,SB,Solomon Islands,WPRO,0,17,0,0
17-01-2021,SB,Solomon Islands,WPRO,0,17,0,0
18-01-2021,SB,Solomon Islands,WPRO,0,17,0,0
19-01-2021,SB,Solomon Islands,WPRO,0,17,0,0
20-01-2021,SB,Solomon Islands,WPRO,0,17,0,0
21-01-2021,SB,Solomon Islands,WPRO,0,17,0,0
22-01-2021,SB,Solomon Islands,WPRO,0,17,0,0
23-01-2021,SB,Solomon Islands,WPRO,0,17,0,0
24-01-2021,SB,Solomon Islands,WPRO,0,17,0,0
25-01-2021,SB,Solomon Islands,WPRO,0,17,0,0
26-01-2021,SB,Solomon Islands,WPRO,0,17,0,0
27-01-2021,SB,Solomon Islands,WPRO,0,17,0,0
28-01-2021,SB,Solomon Islands,WPRO,0,17,0,0
29-01-2021,SB,Solomon Islands,WPRO,0,17,0,0
30-01-2021,SB,Solomon Islands,WPRO,0,17,0,0
31-01-2021,SB,Solomon Islands,WPRO,0,17,0,0
01-02-2021,SB,Solomon Islands,WPRO,0,17,0,0
02-02-2021,SB,Solomon Islands,WPRO,0,17,0,0
03-02-2021,SB,Solomon Islands,WPRO,0,17,0,0
04-02-2021,SB,Solomon Islands,WPRO,0,17,0,0
05-02-2021,SB,Solomon Islands,WPRO,0,17,0,0
06-02-2021,SB,Solomon Islands,WPRO,0,17,0,0
07-02-2021,SB,Solomon Islands,WPRO,0,17,0,0
08-02-2021,SB,Solomon Islands,WPRO,0,17,0,0
09-02-2021,SB,Solomon Islands,WPRO,1,18,0,0
10-02-2021,SB,Solomon Islands,WPRO,0,18,0,0
11-02-2021,SB,Solomon Islands,WPRO,0,18,0,0
12-02-2021,SB,Solomon Islands,WPRO,0,18,0,0
13-02-2021,SB,Solomon Islands,WPRO,0,18,0,0
14-02-2021,SB,Solomon Islands,WPRO,0,18,0,0
15-02-2021,SB,Solomon Islands,WPRO,0,18,0,0
16-02-2021,SB,Solomon Islands,WPRO,0,18,0,0
17-02-2021,SB,Solomon Islands,WPRO,0,18,0,0
18-02-2021,SB,Solomon Islands,WPRO,0,18,0,0
19-02-2021,SB,Solomon Islands,WPRO,0,18,0,0
20-02-2021,SB,Solomon Islands,WPRO,0,18,0,0
21-02-2021,SB,Solomon Islands,WPRO,0,18,0,0
22-02-2021,SB,Solomon Islands,WPRO,0,18,0,0
23-02-2021,SB,Solomon Islands,WPRO,0,18,0,0
24-02-2021,SB,Solomon Islands,WPRO,0,18,0,0
25-02-2021,SB,Solomon Islands,WPRO,0,18,0,0
26-02-2021,SB,Solomon Islands,WPRO,0,18,0,0
27-02-2021,SB,Solomon Islands,WPRO,0,18,0,0
28-02-2021,SB,Solomon Islands,WPRO,0,18,0,0
01-03-2021,SB,Solomon Islands,WPRO,0,18,0,0
02-03-2021,SB,Solomon Islands,WPRO,0,18,0,0
03-03-2021,SB,Solomon Islands,WPRO,0,18,0,0
04-03-2021,SB,Solomon Islands,WPRO,0,18,0,0
05-03-2021,SB,Solomon Islands,WPRO,0,18,0,0
06-03-2021,SB,Solomon Islands,WPRO,0,18,0,0
07-03-2021,SB,Solomon Islands,WPRO,0,18,0,0
08-03-2021,SB,Solomon Islands,WPRO,0,18,0,0
09-03-2021,SB,Solomon Islands,WPRO,0,18,0,0
10-03-2021,SB,Solomon Islands,WPRO,0,18,0,0
11-03-2021,SB,Solomon Islands,WPRO,0,18,0,0
12-03-2021,SB,Solomon Islands,WPRO,0,18,0,0
13-03-2021,SB,Solomon Islands,WPRO,0,18,0,0
14-03-2021,SB,Solomon Islands,WPRO,0,18,0,0
15-03-2021,SB,Solomon Islands,WPRO,0,18,0,0
16-03-2021,SB,Solomon Islands,WPRO,0,18,0,0
17-03-2021,SB,Solomon Islands,WPRO,0,18,0,0
18-03-2021,SB,Solomon Islands,WPRO,0,18,0,0
19-03-2021,SB,Solomon Islands,WPRO,0,18,0,0
20-03-2021,SB,Solomon Islands,WPRO,0,18,0,0
21-03-2021,SB,Solomon Islands,WPRO,0,18,0,0
22-03-2021,SB,Solomon Islands,WPRO,0,18,0,0
23-03-2021,SB,Solomon Islands,WPRO,0,18,0,0
24-03-2021,SB,Solomon Islands,WPRO,0,18,0,0
25-03-2021,SB,Solomon Islands,WPRO,0,18,0,0
26-03-2021,SB,Solomon Islands,WPRO,0,18,0,0
27-03-2021,SB,Solomon Islands,WPRO,0,18,0,0
28-03-2021,SB,Solomon Islands,WPRO,0,18,0,0
29-03-2021,SB,Solomon Islands,WPRO,1,19,0,0
30-03-2021,SB,Solomon Islands,WPRO,0,19,0,0
31-03-2021,SB,Solomon Islands,WPRO,0,19,0,0
01-04-2021,SB,Solomon Islands,WPRO,0,19,0,0
02-04-2021,SB,Solomon Islands,WPRO,0,19,0,0
03-04-2021,SB,Solomon Islands,WPRO,0,19,0,0
04-04-2021,SB,Solomon Islands,WPRO,0,19,0,0
05-04-2021,SB,Solomon Islands,WPRO,0,19,0,0
06-04-2021,SB,Solomon Islands,WPRO,0,19,0,0
07-04-2021,SB,Solomon Islands,WPRO,0,19,0,0
08-04-2021,SB,Solomon Islands,WPRO,0,19,0,0
09-04-2021,SB,Solomon Islands,WPRO,0,19,0,0
10-04-2021,SB,Solomon Islands,WPRO,1,20,0,0
11-04-2021,SB,Solomon Islands,WPRO,0,20,0,0
12-04-2021,SB,Solomon Islands,WPRO,0,20,0,0
13-04-2021,SB,Solomon Islands,WPRO,0,20,0,0
14-04-2021,SB,Solomon Islands,WPRO,0,20,0,0
15-04-2021,SB,Solomon Islands,WPRO,0,20,0,0
16-04-2021,SB,Solomon Islands,WPRO,0,20,0,0
17-04-2021,SB,Solomon Islands,WPRO,0,20,0,0
18-04-2021,SB,Solomon Islands,WPRO,0,20,0,0
19-04-2021,SB,Solomon Islands,WPRO,0,20,0,0
20-04-2021,SB,Solomon Islands,WPRO,0,20,0,0
21-04-2021,SB,Solomon Islands,WPRO,0,20,0,0
22-04-2021,SB,Solomon Islands,WPRO,0,20,0,0
23-04-2021,SB,Solomon Islands,WPRO,0,20,0,0
24-04-2021,SB,Solomon Islands,WPRO,0,20,0,0
25-04-2021,SB,Solomon Islands,WPRO,0,20,0,0
26-04-2021,SB,Solomon Islands,WPRO,0,20,0,0
27-04-2021,SB,Solomon Islands,WPRO,0,20,0,0
28-04-2021,SB,Solomon Islands,WPRO,0,20,0,0
29-04-2021,SB,Solomon Islands,WPRO,0,20,0,0
30-04-2021,SB,Solomon Islands,WPRO,0,20,0,0
01-05-2021,SB,Solomon Islands,WPRO,0,20,0,0
02-05-2021,SB,Solomon Islands,WPRO,0,20,0,0
03-05-2021,SB,Solomon Islands,WPRO,0,20,0,0
04-05-2021,SB,Solomon Islands,WPRO,0,20,0,0
05-05-2021,SB,Solomon Islands,WPRO,0,20,0,0
06-05-2021,SB,Solomon Islands,WPRO,0,20,0,0
07-05-2021,SB,Solomon Islands,WPRO,0,20,0,0
08-05-2021,SB,Solomon Islands,WPRO,0,20,0,0
09-05-2021,SB,Solomon Islands,WPRO,0,20,0,0
10-05-2021,SB,Solomon Islands,WPRO,0,20,0,0
11-05-2021,SB,Solomon Islands,WPRO,0,20,0,0
12-05-2021,SB,Solomon Islands,WPRO,0,20,0,0
13-05-2021,SB,Solomon Islands,WPRO,0,20,0,0
14-05-2021,SB,Solomon Islands,WPRO,0,20,0,0
15-05-2021,SB,Solomon Islands,WPRO,0,20,0,0
16-05-2021,SB,Solomon Islands,WPRO,0,20,0,0
17-05-2021,SB,Solomon Islands,WPRO,0,20,0,0
18-05-2021,SB,Solomon Islands,WPRO,0,20,0,0
19-05-2021,SB,Solomon Islands,WPRO,0,20,0,0
20-05-2021,SB,Solomon Islands,WPRO,0,20,0,0
21-05-2021,SB,Solomon Islands,WPRO,0,20,0,0
22-05-2021,SB,Solomon Islands,WPRO,0,20,0,0
23-05-2021,SB,Solomon Islands,WPRO,0,20,0,0
24-05-2021,SB,Solomon Islands,WPRO,0,20,0,0
25-05-2021,SB,Solomon Islands,WPRO,0,20,0,0
26-05-2021,SB,Solomon Islands,WPRO,0,20,0,0
27-05-2021,SB,Solomon Islands,WPRO,0,20,0,0
28-05-2021,SB,Solomon Islands,WPRO,0,20,0,0
29-05-2021,SB,Solomon Islands,WPRO,0,20,0,0
30-05-2021,SB,Solomon Islands,WPRO,0,20,0,0
01-01-2021,SO,Somalia,EMRO,0,4714,0,130
02-01-2021,SO,Somalia,EMRO,0,4714,0,130
03-01-2021,SO,Somalia,EMRO,0,4714,0,130
04-01-2021,SO,Somalia,EMRO,0,4714,0,130
05-01-2021,SO,Somalia,EMRO,0,4714,0,130
06-01-2021,SO,Somalia,EMRO,0,4714,0,130
07-01-2021,SO,Somalia,EMRO,12,4726,0,130
08-01-2021,SO,Somalia,EMRO,0,4726,0,130
09-01-2021,SO,Somalia,EMRO,0,4726,0,130
10-01-2021,SO,Somalia,EMRO,0,4726,0,130
11-01-2021,SO,Somalia,EMRO,0,4726,0,130
12-01-2021,SO,Somalia,EMRO,0,4726,0,130
13-01-2021,SO,Somalia,EMRO,0,4726,0,130
14-01-2021,SO,Somalia,EMRO,0,4726,0,130
15-01-2021,SO,Somalia,EMRO,18,4744,0,130
16-01-2021,SO,Somalia,EMRO,0,4744,0,130
17-01-2021,SO,Somalia,EMRO,0,4744,0,130
18-01-2021,SO,Somalia,EMRO,0,4744,0,130
19-01-2021,SO,Somalia,EMRO,0,4744,0,130
20-01-2021,SO,Somalia,EMRO,0,4744,0,130
21-01-2021,SO,Somalia,EMRO,0,4744,0,130
22-01-2021,SO,Somalia,EMRO,0,4744,0,130
23-01-2021,SO,Somalia,EMRO,0,4744,0,130
24-01-2021,SO,Somalia,EMRO,10,4754,0,130
25-01-2021,SO,Somalia,EMRO,0,4754,0,130
26-01-2021,SO,Somalia,EMRO,0,4754,0,130
27-01-2021,SO,Somalia,EMRO,30,4784,0,130
28-01-2021,SO,Somalia,EMRO,0,4784,0,130
29-01-2021,SO,Somalia,EMRO,0,4784,0,130
30-01-2021,SO,Somalia,EMRO,0,4784,0,130
31-01-2021,SO,Somalia,EMRO,0,4784,0,130
01-02-2021,SO,Somalia,EMRO,0,4784,0,130
02-02-2021,SO,Somalia,EMRO,0,4784,0,130
03-02-2021,SO,Somalia,EMRO,0,4784,0,130
04-02-2021,SO,Somalia,EMRO,30,4814,2,132
05-02-2021,SO,Somalia,EMRO,0,4814,0,132
06-02-2021,SO,Somalia,EMRO,0,4814,0,132
07-02-2021,SO,Somalia,EMRO,40,4854,2,134
08-02-2021,SO,Somalia,EMRO,8,4862,0,134
09-02-2021,SO,Somalia,EMRO,0,4862,0,134
10-02-2021,SO,Somalia,EMRO,0,4862,0,134
11-02-2021,SO,Somalia,EMRO,73,4935,5,139
12-02-2021,SO,Somalia,EMRO,78,5013,5,144
13-02-2021,SO,Somalia,EMRO,62,5075,2,146
14-02-2021,SO,Somalia,EMRO,17,5092,2,148
15-02-2021,SO,Somalia,EMRO,91,5183,4,152
16-02-2021,SO,Somalia,EMRO,90,5273,2,154
17-02-2021,SO,Somalia,EMRO,100,5373,9,163
18-02-2021,SO,Somalia,EMRO,127,5500,9,172
19-02-2021,SO,Somalia,EMRO,132,5632,7,179
20-02-2021,SO,Somalia,EMRO,0,5632,0,179
21-02-2021,SO,Somalia,EMRO,257,5889,15,194
22-02-2021,SO,Somalia,EMRO,128,6017,8,202
23-02-2021,SO,Somalia,EMRO,229,6246,6,208
24-02-2021,SO,Somalia,EMRO,198,6444,7,215
25-02-2021,SO,Somalia,EMRO,105,6549,3,218
26-02-2021,SO,Somalia,EMRO,138,6687,5,223
27-02-2021,SO,Somalia,EMRO,0,6687,0,223
28-02-2021,SO,Somalia,EMRO,304,6991,8,231
01-03-2021,SO,Somalia,EMRO,266,7257,8,239
02-03-2021,SO,Somalia,EMRO,135,7392,4,243
03-03-2021,SO,Somalia,EMRO,126,7518,6,249
04-03-2021,SO,Somalia,EMRO,209,7727,11,260
05-03-2021,SO,Somalia,EMRO,123,7850,14,274
06-03-2021,SO,Somalia,EMRO,0,7850,0,274
07-03-2021,SO,Somalia,EMRO,191,8041,20,294
08-03-2021,SO,Somalia,EMRO,280,8321,8,302
09-03-2021,SO,Somalia,EMRO,117,8438,5,307
10-03-2021,SO,Somalia,EMRO,139,8577,12,319
11-03-2021,SO,Somalia,EMRO,136,8713,8,327
12-03-2021,SO,Somalia,EMRO,107,8820,11,338
13-03-2021,SO,Somalia,EMRO,0,8820,0,338
14-03-2021,SO,Somalia,EMRO,126,8946,11,349
15-03-2021,SO,Somalia,EMRO,244,9190,18,367
16-03-2021,SO,Somalia,EMRO,138,9328,12,379
17-03-2021,SO,Somalia,EMRO,109,9437,6,385
18-03-2021,SO,Somalia,EMRO,163,9600,7,392
19-03-2021,SO,Somalia,EMRO,0,9600,0,392
20-03-2021,SO,Somalia,EMRO,325,9925,22,414
21-03-2021,SO,Somalia,EMRO,43,9968,5,419
22-03-2021,SO,Somalia,EMRO,117,10085,10,429
23-03-2021,SO,Somalia,EMRO,129,10214,12,441
24-03-2021,SO,Somalia,EMRO,155,10369,12,453
25-03-2021,SO,Somalia,EMRO,162,10531,10,463
26-03-2021,SO,Somalia,EMRO,133,10664,8,471
27-03-2021,SO,Somalia,EMRO,0,10664,0,471
28-03-2021,SO,Somalia,EMRO,174,10838,17,488
29-03-2021,SO,Somalia,EMRO,0,10838,8,496
30-03-2021,SO,Somalia,EMRO,326,11164,14,510
31-03-2021,SO,Somalia,EMRO,0,11164,0,510
01-04-2021,SO,Somalia,EMRO,234,11398,19,529
02-04-2021,SO,Somalia,EMRO,106,11504,8,537
03-04-2021,SO,Somalia,EMRO,119,11623,9,546
04-04-2021,SO,Somalia,EMRO,0,11623,0,546
05-04-2021,SO,Somalia,EMRO,160,11783,11,557
06-04-2021,SO,Somalia,EMRO,125,11908,11,568
07-04-2021,SO,Somalia,EMRO,70,11978,8,576
08-04-2021,SO,Somalia,EMRO,0,11978,0,576
09-04-2021,SO,Somalia,EMRO,293,12271,29,605
10-04-2021,SO,Somalia,EMRO,0,12271,0,605
11-04-2021,SO,Somalia,EMRO,0,12271,0,605
12-04-2021,SO,Somalia,EMRO,135,12406,13,618
13-04-2021,SO,Somalia,EMRO,160,12566,6,624
14-04-2021,SO,Somalia,EMRO,0,12566,0,624
15-04-2021,SO,Somalia,EMRO,271,12837,32,656
16-04-2021,SO,Somalia,EMRO,0,12837,0,656
17-04-2021,SO,Somalia,EMRO,0,12837,0,656
18-04-2021,SO,Somalia,EMRO,0,12837,0,656
19-04-2021,SO,Somalia,EMRO,242,13079,14,670
20-04-2021,SO,Somalia,EMRO,245,13324,8,678
21-04-2021,SO,Somalia,EMRO,0,13324,0,678
22-04-2021,SO,Somalia,EMRO,135,13459,11,689
23-04-2021,SO,Somalia,EMRO,0,13459,0,689
24-04-2021,SO,Somalia,EMRO,0,13459,0,689
25-04-2021,SO,Somalia,EMRO,0,13459,0,689
26-04-2021,SO,Somalia,EMRO,211,13670,9,698
27-04-2021,SO,Somalia,EMRO,142,13812,4,702
28-04-2021,SO,Somalia,EMRO,103,13915,11,713
29-04-2021,SO,Somalia,EMRO,0,13915,0,713
30-04-2021,SO,Somalia,EMRO,0,13915,0,713
01-05-2021,SO,Somalia,EMRO,0,13915,0,713
02-05-2021,SO,Somalia,EMRO,0,13915,0,713
03-05-2021,SO,Somalia,EMRO,0,13915,0,713
04-05-2021,SO,Somalia,EMRO,0,13915,0,713
05-05-2021,SO,Somalia,EMRO,206,14121,8,721
06-05-2021,SO,Somalia,EMRO,247,14368,24,745
07-05-2021,SO,Somalia,EMRO,0,14368,0,745
08-05-2021,SO,Somalia,EMRO,0,14368,0,745
09-05-2021,SO,Somalia,EMRO,47,14415,2,747
10-05-2021,SO,Somalia,EMRO,0,14415,0,747
11-05-2021,SO,Somalia,EMRO,0,14415,0,747
12-05-2021,SO,Somalia,EMRO,71,14486,6,753
13-05-2021,SO,Somalia,EMRO,0,14486,0,753
14-05-2021,SO,Somalia,EMRO,0,14486,0,753
15-05-2021,SO,Somalia,EMRO,0,14486,0,753
16-05-2021,SO,Somalia,EMRO,0,14486,0,753
17-05-2021,SO,Somalia,EMRO,0,14486,0,753
18-05-2021,SO,Somalia,EMRO,0,14486,0,753
19-05-2021,SO,Somalia,EMRO,89,14575,9,762
20-05-2021,SO,Somalia,EMRO,0,14575,0,762
21-05-2021,SO,Somalia,EMRO,19,14594,5,767
22-05-2021,SO,Somalia,EMRO,0,14594,0,767
23-05-2021,SO,Somalia,EMRO,29,14623,0,767
24-05-2021,SO,Somalia,EMRO,9,14632,0,767
25-05-2021,SO,Somalia,EMRO,0,14632,0,767
26-05-2021,SO,Somalia,EMRO,0,14632,0,767
27-05-2021,SO,Somalia,EMRO,0,14632,0,767
28-05-2021,SO,Somalia,EMRO,0,14632,0,767
29-05-2021,SO,Somalia,EMRO,15,14647,1,768
30-05-2021,SO,Somalia,EMRO,6,14653,0,768
01-01-2021,ZA,South Africa,AFRO,18400,1057561,436,28469
02-01-2021,ZA,South Africa,AFRO,0,1057561,0,28469
03-01-2021,ZA,South Africa,AFRO,31328,1088889,706,29175
04-01-2021,ZA,South Africa,AFRO,11859,1100748,402,29577
05-01-2021,ZA,South Africa,AFRO,12601,1113349,434,30011
06-01-2021,ZA,South Africa,AFRO,14410,1127759,513,30524
07-01-2021,ZA,South Africa,AFRO,21832,1149591,844,31368
08-01-2021,ZA,South Africa,AFRO,20999,1170590,441,31809
09-01-2021,ZA,South Africa,AFRO,21980,1192570,616,32425
10-01-2021,ZA,South Africa,AFRO,21606,1214176,399,32824
11-01-2021,ZA,South Africa,AFRO,17421,1231597,339,33163
12-01-2021,ZA,South Africa,AFRO,15046,1246643,416,33579
13-01-2021,ZA,South Africa,AFRO,13105,1259748,755,34334
14-01-2021,ZA,South Africa,AFRO,18555,1278303,806,35140
15-01-2021,ZA,South Africa,AFRO,18503,1296806,712,35852
16-01-2021,ZA,South Africa,AFRO,14880,1311686,615,36467
17-01-2021,ZA,South Africa,AFRO,13973,1325659,384,36851
18-01-2021,ZA,South Africa,AFRO,12267,1337926,254,37105
19-01-2021,ZA,South Africa,AFRO,9010,1346936,344,37449
20-01-2021,ZA,South Africa,AFRO,9780,1356716,839,38288
21-01-2021,ZA,South Africa,AFRO,12710,1369426,566,38854
22-01-2021,ZA,South Africa,AFRO,11381,1380807,647,39501
23-01-2021,ZA,South Africa,AFRO,11761,1392568,575,40076
24-01-2021,ZA,South Africa,AFRO,12271,1404839,498,40574
25-01-2021,ZA,South Africa,AFRO,8147,1412986,300,40874
26-01-2021,ZA,South Africa,AFRO,4551,1417537,243,41117
27-01-2021,ZA,South Africa,AFRO,6041,1423578,680,41797
28-01-2021,ZA,South Africa,AFRO,7070,1430648,753,42550
29-01-2021,ZA,South Africa,AFRO,7150,1437798,555,43105
30-01-2021,ZA,South Africa,AFRO,6141,1443939,528,43633
31-01-2021,ZA,South Africa,AFRO,5297,1449236,318,43951
01-02-2021,ZA,South Africa,AFRO,4525,1453761,213,44164
02-02-2021,ZA,South Africa,AFRO,2548,1456309,235,44399
03-02-2021,ZA,South Africa,AFRO,2649,1458958,547,44946
04-02-2021,ZA,South Africa,AFRO,4058,1463016,398,45344
05-02-2021,ZA,South Africa,AFRO,3751,1466767,261,45605
06-02-2021,ZA,South Africa,AFRO,3749,1470516,297,45902
07-02-2021,ZA,South Africa,AFRO,3184,1473700,278,46180
08-02-2021,ZA,South Africa,AFRO,2435,1476135,110,46290
09-02-2021,ZA,South Africa,AFRO,1376,1477511,183,46473
10-02-2021,ZA,South Africa,AFRO,1742,1479253,396,46869
11-02-2021,ZA,South Africa,AFRO,3159,1482412,276,47145
12-02-2021,ZA,South Africa,AFRO,2488,1484900,237,47382
13-02-2021,ZA,South Africa,AFRO,2781,1487681,288,47670
14-02-2021,ZA,South Africa,AFRO,2382,1490063,151,47821
15-02-2021,ZA,South Africa,AFRO,1744,1491807,78,47899
16-02-2021,ZA,South Africa,AFRO,1102,1492909,195,48094
17-02-2021,ZA,South Africa,AFRO,1210,1494119,219,48313
18-02-2021,ZA,South Africa,AFRO,2320,1496439,165,48478
19-02-2021,ZA,South Africa,AFRO,2327,1498766,230,48708
20-02-2021,ZA,South Africa,AFRO,1911,1500677,151,48859
21-02-2021,ZA,South Africa,AFRO,1690,1502367,81,48940
22-02-2021,ZA,South Africa,AFRO,1429,1503796,113,49053
23-02-2021,ZA,South Africa,AFRO,792,1504588,97,49150
24-02-2021,ZA,South Africa,AFRO,998,1505586,263,49413
25-02-2021,ZA,South Africa,AFRO,1862,1507448,110,49523
26-02-2021,ZA,South Africa,AFRO,1676,1509124,144,49667
27-02-2021,ZA,South Africa,AFRO,1654,1510778,117,49784
28-02-2021,ZA,South Africa,AFRO,1447,1512225,157,49941
01-03-2021,ZA,South Africa,AFRO,1168,1513393,52,49993
02-03-2021,ZA,South Africa,AFRO,566,1513959,84,50077
03-03-2021,ZA,South Africa,AFRO,856,1514815,194,50271
04-03-2021,ZA,South Africa,AFRO,1447,1516262,95,50366
05-03-2021,ZA,South Africa,AFRO,1404,1517666,96,50462
06-03-2021,ZA,South Africa,AFRO,1313,1518979,104,50566
07-03-2021,ZA,South Africa,AFRO,1227,1520206,81,50647
08-03-2021,ZA,South Africa,AFRO,862,1521068,31,50678
09-03-2021,ZA,South Africa,AFRO,638,1521706,125,50803
10-03-2021,ZA,South Africa,AFRO,991,1522697,103,50906
11-03-2021,ZA,South Africa,AFRO,1477,1524174,109,51015
12-03-2021,ZA,South Africa,AFRO,1474,1525648,95,51110
13-03-2021,ZA,South Africa,AFRO,1225,1526873,69,51179
14-03-2021,ZA,South Africa,AFRO,1541,1528414,82,51261
15-03-2021,ZA,South Africa,AFRO,1006,1529420,65,51326
16-03-2021,ZA,South Africa,AFRO,613,1530033,95,51421
17-03-2021,ZA,South Africa,AFRO,933,1530966,139,51560
18-03-2021,ZA,South Africa,AFRO,1531,1532497,74,51634
19-03-2021,ZA,South Africa,AFRO,1464,1533961,90,51724
20-03-2021,ZA,South Africa,AFRO,1462,1535423,311,52035
21-03-2021,ZA,South Africa,AFRO,1378,1536801,47,52082
22-03-2021,ZA,South Africa,AFRO,1051,1537852,29,52111
23-03-2021,ZA,South Africa,AFRO,599,1538451,85,52196
24-03-2021,ZA,South Africa,AFRO,510,1538961,55,52251
25-03-2021,ZA,South Africa,AFRO,1048,1540009,121,52372
26-03-2021,ZA,South Africa,AFRO,1554,1541563,163,52535
27-03-2021,ZA,South Africa,AFRO,1516,1543079,67,52602
28-03-2021,ZA,South Africa,AFRO,1387,1544466,46,52648
29-03-2021,ZA,South Africa,AFRO,965,1545431,15,52663
30-03-2021,ZA,South Africa,AFRO,548,1545979,47,52710
31-03-2021,ZA,South Africa,AFRO,756,1546735,78,52788
01-04-2021,ZA,South Africa,AFRO,1422,1548157,58,52846
02-04-2021,ZA,South Africa,AFRO,1294,1549451,51,52897
03-04-2021,ZA,South Africa,AFRO,1273,1550724,49,52946
04-04-2021,ZA,South Africa,AFRO,777,1551501,8,52954
05-04-2021,ZA,South Africa,AFRO,463,1551964,33,52987
06-04-2021,ZA,South Africa,AFRO,452,1552416,8,52995
07-04-2021,ZA,South Africa,AFRO,437,1552853,37,53032
08-04-2021,ZA,South Africa,AFRO,756,1553609,79,53111
09-04-2021,ZA,South Africa,AFRO,1366,1554975,62,53173
10-04-2021,ZA,South Africa,AFRO,1267,1556242,53,53226
11-04-2021,ZA,South Africa,AFRO,1285,1557527,30,53256
12-04-2021,ZA,South Africa,AFRO,931,1558458,66,53322
13-04-2021,ZA,South Africa,AFRO,655,1559113,34,53356
14-04-2021,ZA,South Africa,AFRO,847,1559960,67,53423
15-04-2021,ZA,South Africa,AFRO,1599,1561559,75,53498
16-04-2021,ZA,South Africa,AFRO,1372,1562931,73,53571
17-04-2021,ZA,South Africa,AFRO,1424,1564355,92,53663
18-04-2021,ZA,South Africa,AFRO,1325,1565680,48,53711
19-04-2021,ZA,South Africa,AFRO,1089,1566769,25,53736
20-04-2021,ZA,South Africa,AFRO,744,1567513,21,53757
21-04-2021,ZA,South Africa,AFRO,853,1568366,130,53887
22-04-2021,ZA,South Africa,AFRO,1569,1569935,53,53940
23-04-2021,ZA,South Africa,AFRO,1413,1571348,55,53995
24-04-2021,ZA,South Africa,AFRO,1637,1572985,71,54066
25-04-2021,ZA,South Africa,AFRO,1385,1574370,59,54125
26-04-2021,ZA,South Africa,AFRO,1101,1575471,23,54148
27-04-2021,ZA,South Africa,AFRO,849,1576320,38,54186
28-04-2021,ZA,South Africa,AFRO,880,1577200,51,54237
29-04-2021,ZA,South Africa,AFRO,1250,1578450,48,54285
30-04-2021,ZA,South Africa,AFRO,1086,1579536,46,54331
01-05-2021,ZA,South Africa,AFRO,1674,1581210,19,54350
02-05-2021,ZA,South Africa,AFRO,1632,1582842,56,54406
03-05-2021,ZA,South Africa,AFRO,1222,1584064,11,54417
04-05-2021,ZA,South Africa,AFRO,897,1584961,35,54452
05-05-2021,ZA,South Africa,AFRO,1187,1586148,59,54511
06-05-2021,ZA,South Africa,AFRO,2073,1588221,46,54557
07-05-2021,ZA,South Africa,AFRO,2149,1590370,63,54620
08-05-2021,ZA,South Africa,AFRO,2256,1592626,67,54687
09-05-2021,ZA,South Africa,AFRO,2191,1594817,37,54724
10-05-2021,ZA,South Africa,AFRO,1778,1596595,11,54735
11-05-2021,ZA,South Africa,AFRO,1129,1597724,90,54825
12-05-2021,ZA,South Africa,AFRO,1548,1599272,71,54896
13-05-2021,ZA,South Africa,AFRO,2759,1602031,72,54968
14-05-2021,ZA,South Africa,AFRO,3221,1605252,44,55012
15-05-2021,ZA,South Africa,AFRO,3141,1608393,112,55124
16-05-2021,ZA,South Africa,AFRO,2750,1611143,59,55183
17-05-2021,ZA,South Africa,AFRO,2585,1613728,27,55210
18-05-2021,ZA,South Africa,AFRO,1757,1615485,50,55260
19-05-2021,ZA,South Africa,AFRO,2355,1617840,80,55340
20-05-2021,ZA,South Africa,AFRO,3522,1621362,167,55507
21-05-2021,ZA,South Africa,AFRO,3641,1625003,61,55568
22-05-2021,ZA,South Africa,AFRO,3332,1628335,151,55719
23-05-2021,ZA,South Africa,AFRO,4237,1632572,53,55772
24-05-2021,ZA,South Africa,AFRO,2893,1635465,30,55802
25-05-2021,ZA,South Africa,AFRO,2383,1637848,72,55874
26-05-2021,ZA,South Africa,AFRO,3084,1640932,102,55976
27-05-2021,ZA,South Africa,AFRO,4623,1645555,101,56077
28-05-2021,ZA,South Africa,AFRO,4422,1649977,93,56170
29-05-2021,ZA,South Africa,AFRO,4574,1654551,123,56293
30-05-2021,ZA,South Africa,AFRO,4519,1659070,70,56363
01-01-2021,SS,South Sudan,AFRO,18,3558,0,63
02-01-2021,SS,South Sudan,AFRO,0,3558,0,63
03-01-2021,SS,South Sudan,AFRO,0,3558,0,63
04-01-2021,SS,South Sudan,AFRO,0,3558,0,63
05-01-2021,SS,South Sudan,AFRO,31,3589,0,63
06-01-2021,SS,South Sudan,AFRO,0,3589,0,63
07-01-2021,SS,South Sudan,AFRO,15,3604,0,63
08-01-2021,SS,South Sudan,AFRO,0,3604,0,63
09-01-2021,SS,South Sudan,AFRO,0,3604,0,63
10-01-2021,SS,South Sudan,AFRO,36,3640,0,63
11-01-2021,SS,South Sudan,AFRO,9,3649,0,63
12-01-2021,SS,South Sudan,AFRO,13,3662,0,63
13-01-2021,SS,South Sudan,AFRO,8,3670,0,63
14-01-2021,SS,South Sudan,AFRO,0,3670,0,63
15-01-2021,SS,South Sudan,AFRO,0,3670,0,63
16-01-2021,SS,South Sudan,AFRO,23,3693,0,63
17-01-2021,SS,South Sudan,AFRO,0,3693,0,63
18-01-2021,SS,South Sudan,AFRO,10,3703,0,63
19-01-2021,SS,South Sudan,AFRO,0,3703,0,63
20-01-2021,SS,South Sudan,AFRO,59,3762,0,63
21-01-2021,SS,South Sudan,AFRO,0,3762,0,63
22-01-2021,SS,South Sudan,AFRO,0,3762,1,64
23-01-2021,SS,South Sudan,AFRO,11,3773,0,64
24-01-2021,SS,South Sudan,AFRO,0,3773,0,64
25-01-2021,SS,South Sudan,AFRO,92,3865,0,64
26-01-2021,SS,South Sudan,AFRO,0,3865,0,64
27-01-2021,SS,South Sudan,AFRO,17,3882,0,64
28-01-2021,SS,South Sudan,AFRO,0,3882,0,64
29-01-2021,SS,South Sudan,AFRO,47,3929,0,64
30-01-2021,SS,South Sudan,AFRO,32,3961,0,64
31-01-2021,SS,South Sudan,AFRO,0,3961,0,64
01-02-2021,SS,South Sudan,AFRO,0,3961,0,64
02-02-2021,SS,South Sudan,AFRO,76,4037,0,64
03-02-2021,SS,South Sudan,AFRO,0,4037,0,64
04-02-2021,SS,South Sudan,AFRO,69,4106,1,65
05-02-2021,SS,South Sudan,AFRO,0,4106,0,65
06-02-2021,SS,South Sudan,AFRO,249,4355,0,65
07-02-2021,SS,South Sudan,AFRO,0,4355,0,65
08-02-2021,SS,South Sudan,AFRO,0,4355,0,65
09-02-2021,SS,South Sudan,AFRO,254,4609,0,65
10-02-2021,SS,South Sudan,AFRO,0,4609,0,65
11-02-2021,SS,South Sudan,AFRO,351,4960,6,71
12-02-2021,SS,South Sudan,AFRO,0,4960,0,71
13-02-2021,SS,South Sudan,AFRO,174,5134,1,72
14-02-2021,SS,South Sudan,AFRO,176,5310,2,74
15-02-2021,SS,South Sudan,AFRO,103,5413,0,74
16-02-2021,SS,South Sudan,AFRO,0,5413,0,74
17-02-2021,SS,South Sudan,AFRO,297,5710,3,77
18-02-2021,SS,South Sudan,AFRO,212,5922,2,79
19-02-2021,SS,South Sudan,AFRO,162,6084,4,83
20-02-2021,SS,South Sudan,AFRO,193,6277,0,83
21-02-2021,SS,South Sudan,AFRO,140,6417,2,85
22-02-2021,SS,South Sudan,AFRO,167,6584,1,86
23-02-2021,SS,South Sudan,AFRO,347,6931,1,87
24-02-2021,SS,South Sudan,AFRO,167,7098,0,87
25-02-2021,SS,South Sudan,AFRO,0,7098,0,87
26-02-2021,SS,South Sudan,AFRO,251,7349,0,87
27-02-2021,SS,South Sudan,AFRO,0,7349,0,87
28-02-2021,SS,South Sudan,AFRO,0,7349,0,87
01-03-2021,SS,South Sudan,AFRO,577,7926,6,93
02-03-2021,SS,South Sudan,AFRO,84,8010,0,93
03-03-2021,SS,South Sudan,AFRO,134,8144,2,95
04-03-2021,SS,South Sudan,AFRO,270,8414,5,100
05-03-2021,SS,South Sudan,AFRO,0,8414,0,100
06-03-2021,SS,South Sudan,AFRO,13,8427,0,100
07-03-2021,SS,South Sudan,AFRO,250,8677,2,102
08-03-2021,SS,South Sudan,AFRO,89,8766,0,102
09-03-2021,SS,South Sudan,AFRO,104,8870,0,102
10-03-2021,SS,South Sudan,AFRO,0,8870,0,102
11-03-2021,SS,South Sudan,AFRO,222,9092,0,102
12-03-2021,SS,South Sudan,AFRO,113,9205,1,103
13-03-2021,SS,South Sudan,AFRO,129,9334,1,104
14-03-2021,SS,South Sudan,AFRO,95,9429,0,104
15-03-2021,SS,South Sudan,AFRO,61,9490,0,104
16-03-2021,SS,South Sudan,AFRO,64,9554,0,104
17-03-2021,SS,South Sudan,AFRO,59,9613,0,104
18-03-2021,SS,South Sudan,AFRO,81,9694,2,106
19-03-2021,SS,South Sudan,AFRO,74,9768,0,106
20-03-2021,SS,South Sudan,AFRO,41,9809,0,106
21-03-2021,SS,South Sudan,AFRO,40,9849,0,106
22-03-2021,SS,South Sudan,AFRO,30,9879,0,106
23-03-2021,SS,South Sudan,AFRO,11,9890,0,106
24-03-2021,SS,South Sudan,AFRO,29,9919,0,106
25-03-2021,SS,South Sudan,AFRO,50,9969,1,107
26-03-2021,SS,South Sudan,AFRO,79,10048,1,108
27-03-2021,SS,South Sudan,AFRO,0,10048,0,108
28-03-2021,SS,South Sudan,AFRO,0,10048,0,108
29-03-2021,SS,South Sudan,AFRO,50,10098,0,108
30-03-2021,SS,South Sudan,AFRO,21,10119,0,108
31-03-2021,SS,South Sudan,AFRO,0,10119,0,108
01-04-2021,SS,South Sudan,AFRO,78,10197,4,112
02-04-2021,SS,South Sudan,AFRO,0,10197,0,112
03-04-2021,SS,South Sudan,AFRO,58,10255,0,112
04-04-2021,SS,South Sudan,AFRO,0,10255,0,112
05-04-2021,SS,South Sudan,AFRO,26,10281,1,113
06-04-2021,SS,South Sudan,AFRO,0,10281,0,113
07-04-2021,SS,South Sudan,AFRO,5,10286,0,113
08-04-2021,SS,South Sudan,AFRO,11,10297,0,113
09-04-2021,SS,South Sudan,AFRO,27,10324,1,114
10-04-2021,SS,South Sudan,AFRO,0,10324,0,114
11-04-2021,SS,South Sudan,AFRO,16,10340,0,114
12-04-2021,SS,South Sudan,AFRO,32,10372,0,114
13-04-2021,SS,South Sudan,AFRO,9,10381,0,114
14-04-2021,SS,South Sudan,AFRO,6,10387,0,114
15-04-2021,SS,South Sudan,AFRO,16,10403,0,114
16-04-2021,SS,South Sudan,AFRO,11,10414,0,114
17-04-2021,SS,South Sudan,AFRO,0,10414,0,114
18-04-2021,SS,South Sudan,AFRO,18,10432,0,114
19-04-2021,SS,South Sudan,AFRO,41,10473,0,114
20-04-2021,SS,South Sudan,AFRO,5,10478,0,114
21-04-2021,SS,South Sudan,AFRO,0,10478,0,114
22-04-2021,SS,South Sudan,AFRO,8,10486,0,114
23-04-2021,SS,South Sudan,AFRO,18,10504,0,114
24-04-2021,SS,South Sudan,AFRO,11,10515,0,114
25-04-2021,SS,South Sudan,AFRO,0,10515,0,114
26-04-2021,SS,South Sudan,AFRO,17,10532,0,114
27-04-2021,SS,South Sudan,AFRO,6,10538,0,114
28-04-2021,SS,South Sudan,AFRO,15,10553,0,114
29-04-2021,SS,South Sudan,AFRO,0,10553,0,114
30-04-2021,SS,South Sudan,AFRO,14,10567,0,114
01-05-2021,SS,South Sudan,AFRO,16,10583,1,115
02-05-2021,SS,South Sudan,AFRO,0,10583,0,115
03-05-2021,SS,South Sudan,AFRO,0,10583,0,115
04-05-2021,SS,South Sudan,AFRO,19,10602,0,115
05-05-2021,SS,South Sudan,AFRO,11,10613,0,115
06-05-2021,SS,South Sudan,AFRO,0,10613,0,115
07-05-2021,SS,South Sudan,AFRO,7,10620,1,116
08-05-2021,SS,South Sudan,AFRO,17,10637,0,116
09-05-2021,SS,South Sudan,AFRO,0,10637,0,116
10-05-2021,SS,South Sudan,AFRO,0,10637,-1,115
11-05-2021,SS,South Sudan,AFRO,0,10637,0,115
12-05-2021,SS,South Sudan,AFRO,4,10641,0,115
13-05-2021,SS,South Sudan,AFRO,0,10641,0,115
14-05-2021,SS,South Sudan,AFRO,0,10641,0,115
15-05-2021,SS,South Sudan,AFRO,0,10641,0,115
16-05-2021,SS,South Sudan,AFRO,11,10652,0,115
17-05-2021,SS,South Sudan,AFRO,0,10652,0,115
18-05-2021,SS,South Sudan,AFRO,0,10652,0,115
19-05-2021,SS,South Sudan,AFRO,0,10652,0,115
20-05-2021,SS,South Sudan,AFRO,0,10652,0,115
21-05-2021,SS,South Sudan,AFRO,0,10652,0,115
22-05-2021,SS,South Sudan,AFRO,0,10652,0,115
23-05-2021,SS,South Sudan,AFRO,18,10670,0,115
24-05-2021,SS,South Sudan,AFRO,0,10670,0,115
25-05-2021,SS,South Sudan,AFRO,7,10677,0,115
26-05-2021,SS,South Sudan,AFRO,9,10686,0,115
27-05-2021,SS,South Sudan,AFRO,0,10686,0,115
28-05-2021,SS,South Sudan,AFRO,0,10686,0,115
29-05-2021,SS,South Sudan,AFRO,2,10688,0,115
30-05-2021,SS,South Sudan,AFRO,0,10688,0,115
01-01-2021,ES,Spain,EURO,21051,1970770,194,53941
02-01-2021,ES,Spain,EURO,15519,1986289,190,54131
03-01-2021,ES,Spain,EURO,7567,1993856,171,54302
04-01-2021,ES,Spain,EURO,10262,2004118,188,54490
05-01-2021,ES,Spain,EURO,9752,2013870,180,54670
06-01-2021,ES,Spain,EURO,21857,2035727,186,54856
07-01-2021,ES,Spain,EURO,30431,2066158,235,55091
08-01-2021,ES,Spain,EURO,14498,2080656,185,55276
09-01-2021,ES,Spain,EURO,26578,2107234,232,55508
10-01-2021,ES,Spain,EURO,32612,2139846,246,55754
11-01-2021,ES,Spain,EURO,19199,2159045,225,55979
12-01-2021,ES,Spain,EURO,13803,2172848,233,56212
13-01-2021,ES,Spain,EURO,32165,2205013,293,56505
14-01-2021,ES,Spain,EURO,37243,2242256,283,56788
15-01-2021,ES,Spain,EURO,38694,2280950,293,57081
16-01-2021,ES,Spain,EURO,38177,2319127,311,57392
17-01-2021,ES,Spain,EURO,42730,2361857,385,57777
18-01-2021,ES,Spain,EURO,24885,2386742,357,58134
19-01-2021,ES,Spain,EURO,18528,2405270,358,58492
20-01-2021,ES,Spain,EURO,35534,2440804,406,58898
21-01-2021,ES,Spain,EURO,42154,2482958,479,59377
22-01-2021,ES,Spain,EURO,41695,2524653,450,59827
23-01-2021,ES,Spain,EURO,40568,2565221,483,60310
24-01-2021,ES,Spain,EURO,41949,2607170,560,60870
25-01-2021,ES,Spain,EURO,23741,2630911,448,61318
26-01-2021,ES,Spain,EURO,17250,2648161,513,61831
27-01-2021,ES,Spain,EURO,32522,2680683,521,62352
28-01-2021,ES,Spain,EURO,37329,2718012,539,62891
29-01-2021,ES,Spain,EURO,35610,2753622,589,63480
30-01-2021,ES,Spain,EURO,33097,2786719,570,64050
31-01-2021,ES,Spain,EURO,32142,2818861,522,64572
01-02-2021,ES,Spain,EURO,18122,2836983,508,65080
02-02-2021,ES,Spain,EURO,11565,2848548,479,65559
03-02-2021,ES,Spain,EURO,22317,2870865,535,66094
04-02-2021,ES,Spain,EURO,25852,2896717,489,66583
05-02-2021,ES,Spain,EURO,23721,2920438,484,67067
06-02-2021,ES,Spain,EURO,20931,2941369,460,67527
07-02-2021,ES,Spain,EURO,20051,2961420,450,67977
08-02-2021,ES,Spain,EURO,10321,2971741,407,68384
09-02-2021,ES,Spain,EURO,6017,2977758,377,68761
10-02-2021,ES,Spain,EURO,13674,2991432,407,69168
11-02-2021,ES,Spain,EURO,15245,3006677,386,69554
12-02-2021,ES,Spain,EURO,13230,3019907,403,69957
13-02-2021,ES,Spain,EURO,11677,3031584,352,70309
14-02-2021,ES,Spain,EURO,11481,3043065,336,70645
15-02-2021,ES,Spain,EURO,5641,3048706,282,70927
16-02-2021,ES,Spain,EURO,3464,3052170,239,71166
17-02-2021,ES,Spain,EURO,8635,3060805,279,71445
18-02-2021,ES,Spain,EURO,9673,3070478,291,71736
19-02-2021,ES,Spain,EURO,8442,3078920,251,71987
20-02-2021,ES,Spain,EURO,8008,3086928,240,72227
21-02-2021,ES,Spain,EURO,7810,3094738,221,72448
22-02-2021,ES,Spain,EURO,3912,3098650,177,72625
23-02-2021,ES,Spain,EURO,2583,3101233,180,72805
24-02-2021,ES,Spain,EURO,6673,3107906,220,73025
25-02-2021,ES,Spain,EURO,7194,3115100,183,73208
26-02-2021,ES,Spain,EURO,6358,3121458,208,73416
27-02-2021,ES,Spain,EURO,6020,3127478,192,73608
28-02-2021,ES,Spain,EURO,6313,3133791,173,73781
01-03-2021,ES,Spain,EURO,3143,3136934,157,73938
02-03-2021,ES,Spain,EURO,2154,3139088,144,74082
03-03-2021,ES,Spain,EURO,5174,3144262,131,74213
04-03-2021,ES,Spain,EURO,5744,3150006,152,74365
05-03-2021,ES,Spain,EURO,5818,3155824,141,74506
06-03-2021,ES,Spain,EURO,5478,3161302,132,74638
07-03-2021,ES,Spain,EURO,5593,3166895,129,74767
08-03-2021,ES,Spain,EURO,2773,3169668,118,74885
09-03-2021,ES,Spain,EURO,1980,3171648,94,74979
10-03-2021,ES,Spain,EURO,4970,3176618,111,75090
11-03-2021,ES,Spain,EURO,5555,3182173,114,75204
12-03-2021,ES,Spain,EURO,5394,3187567,101,75305
13-03-2021,ES,Spain,EURO,5251,3192818,93,75398
14-03-2021,ES,Spain,EURO,5694,3198512,99,75497
15-03-2021,ES,Spain,EURO,2767,3201279,78,75575
16-03-2021,ES,Spain,EURO,1921,3203200,78,75653
17-03-2021,ES,Spain,EURO,5429,3208629,93,75746
18-03-2021,ES,Spain,EURO,5989,3214618,102,75848
19-03-2021,ES,Spain,EURO,5702,3220320,88,75936
20-03-2021,ES,Spain,EURO,6285,3226605,65,76001
21-03-2021,ES,Spain,EURO,4578,3231183,62,76063
22-03-2021,ES,Spain,EURO,2838,3234021,63,76126
23-03-2021,ES,Spain,EURO,2232,3236253,53,76179
24-03-2021,ES,Spain,EURO,5995,3242248,67,76246
25-03-2021,ES,Spain,EURO,7225,3249473,80,76326
26-03-2021,ES,Spain,EURO,6727,3256200,48,76374
27-03-2021,ES,Spain,EURO,7172,3263372,61,76435
28-03-2021,ES,Spain,EURO,7472,3270844,81,76516
29-03-2021,ES,Spain,EURO,4028,3274872,62,76578
30-03-2021,ES,Spain,EURO,2861,3277733,62,76640
31-03-2021,ES,Spain,EURO,7206,3284939,80,76720
01-04-2021,ES,Spain,EURO,8073,3293012,77,76797
02-04-2021,ES,Spain,EURO,8856,3301868,73,76870
03-04-2021,ES,Spain,EURO,5531,3307399,65,76935
04-04-2021,ES,Spain,EURO,3713,3311112,63,76998
05-04-2021,ES,Spain,EURO,4412,3315524,73,77071
06-04-2021,ES,Spain,EURO,4136,3319660,51,77122
07-04-2021,ES,Spain,EURO,7553,3327213,70,77192
08-04-2021,ES,Spain,EURO,10689,3337902,75,77267
09-04-2021,ES,Spain,EURO,10427,3348329,85,77352
10-04-2021,ES,Spain,EURO,10207,3358536,75,77427
11-04-2021,ES,Spain,EURO,10376,3368912,72,77499
12-04-2021,ES,Spain,EURO,5572,3374484,84,77583
13-04-2021,ES,Spain,EURO,3856,3378340,51,77634
14-04-2021,ES,Spain,EURO,8833,3387173,87,77721
15-04-2021,ES,Spain,EURO,10036,3397209,73,77794
16-04-2021,ES,Spain,EURO,10322,3407531,77,77871
17-04-2021,ES,Spain,EURO,9560,3417091,66,77937
18-04-2021,ES,Spain,EURO,9823,3426914,77,78014
19-04-2021,ES,Spain,EURO,5246,3432160,72,78086
20-04-2021,ES,Spain,EURO,3852,3436012,54,78140
21-04-2021,ES,Spain,EURO,8560,3444572,75,78215
22-04-2021,ES,Spain,EURO,10639,3455211,79,78294
23-04-2021,ES,Spain,EURO,9580,3464791,62,78356
24-04-2021,ES,Spain,EURO,9735,3474526,67,78423
25-04-2021,ES,Spain,EURO,9810,3484336,71,78494
26-04-2021,ES,Spain,EURO,4911,3489247,68,78562
27-04-2021,ES,Spain,EURO,3802,3493049,53,78615
28-04-2021,ES,Spain,EURO,8843,3501892,61,78676
29-04-2021,ES,Spain,EURO,9658,3511550,61,78737
30-04-2021,ES,Spain,EURO,9220,3520770,59,78796
01-05-2021,ES,Spain,EURO,8376,3529146,54,78850
02-05-2021,ES,Spain,EURO,8922,3538068,56,78906
03-05-2021,ES,Spain,EURO,3846,3541914,49,78955
04-05-2021,ES,Spain,EURO,2983,3544897,42,78997
05-05-2021,ES,Spain,EURO,5963,3550860,67,79064
06-05-2021,ES,Spain,EURO,7372,3558232,66,79130
07-05-2021,ES,Spain,EURO,7893,3566125,59,79189
08-05-2021,ES,Spain,EURO,6795,3572920,49,79238
09-05-2021,ES,Spain,EURO,7449,3580369,62,79300
10-05-2021,ES,Spain,EURO,3383,3583752,45,79345
11-05-2021,ES,Spain,EURO,2360,3586112,42,79387
12-05-2021,ES,Spain,EURO,5993,3592105,49,79436
13-05-2021,ES,Spain,EURO,5859,3597964,42,79478
14-05-2021,ES,Spain,EURO,5852,3603816,49,79527
15-05-2021,ES,Spain,EURO,5748,3609564,47,79574
16-05-2021,ES,Spain,EURO,5692,3615256,32,79606
17-05-2021,ES,Spain,EURO,2765,3618021,30,79636
18-05-2021,ES,Spain,EURO,2192,3620213,31,79667
19-05-2021,ES,Spain,EURO,5112,3625325,29,79696
20-05-2021,ES,Spain,EURO,5820,3631145,27,79723
21-05-2021,ES,Spain,EURO,5229,3636374,32,79755
22-05-2021,ES,Spain,EURO,5331,3641705,21,79776
23-05-2021,ES,Spain,EURO,5405,3647110,34,79810
24-05-2021,ES,Spain,EURO,2564,3649674,24,79834
25-05-2021,ES,Spain,EURO,1935,3651609,22,79856
26-05-2021,ES,Spain,EURO,4339,3655948,20,79876
27-05-2021,ES,Spain,EURO,4713,3660661,9,79885
28-05-2021,ES,Spain,EURO,2515,3663176,3,79888
29-05-2021,ES,Spain,EURO,0,3663176,0,79888
30-05-2021,ES,Spain,EURO,0,3663176,0,79888
01-01-2021,LK,Sri Lanka,SEARO,597,43299,5,204
02-01-2021,LK,Sri Lanka,SEARO,557,43856,0,204
03-01-2021,LK,Sri Lanka,SEARO,515,44371,7,211
04-01-2021,LK,Sri Lanka,SEARO,403,44774,2,213
05-01-2021,LK,Sri Lanka,SEARO,468,45242,2,215
06-01-2021,LK,Sri Lanka,SEARO,484,45726,2,217
07-01-2021,LK,Sri Lanka,SEARO,522,46248,2,219
08-01-2021,LK,Sri Lanka,SEARO,532,46780,0,219
09-01-2021,LK,Sri Lanka,SEARO,525,47305,3,222
10-01-2021,LK,Sri Lanka,SEARO,535,47840,7,229
11-01-2021,LK,Sri Lanka,SEARO,540,48380,3,232
12-01-2021,LK,Sri Lanka,SEARO,569,48949,0,232
13-01-2021,LK,Sri Lanka,SEARO,588,49537,12,244
14-01-2021,LK,Sri Lanka,SEARO,692,50229,3,247
15-01-2021,LK,Sri Lanka,SEARO,670,50899,4,251
16-01-2021,LK,Sri Lanka,SEARO,695,51594,4,255
17-01-2021,LK,Sri Lanka,SEARO,719,52313,1,256
18-01-2021,LK,Sri Lanka,SEARO,749,53062,8,264
19-01-2021,LK,Sri Lanka,SEARO,688,53750,6,270
20-01-2021,LK,Sri Lanka,SEARO,669,54419,3,273
21-01-2021,LK,Sri Lanka,SEARO,770,55189,1,274
22-01-2021,LK,Sri Lanka,SEARO,887,56076,2,276
23-01-2021,LK,Sri Lanka,SEARO,787,56863,2,278
24-01-2021,LK,Sri Lanka,SEARO,724,57587,2,280
25-01-2021,LK,Sri Lanka,SEARO,843,58430,3,283
26-01-2021,LK,Sri Lanka,SEARO,737,59167,0,283
27-01-2021,LK,Sri Lanka,SEARO,755,59922,5,288
28-01-2021,LK,Sri Lanka,SEARO,772,60694,2,290
29-01-2021,LK,Sri Lanka,SEARO,892,61586,7,297
30-01-2021,LK,Sri Lanka,SEARO,859,62445,8,305
31-01-2021,LK,Sri Lanka,SEARO,848,63293,8,313
01-02-2021,LK,Sri Lanka,SEARO,864,64157,3,316
02-02-2021,LK,Sri Lanka,SEARO,826,64983,7,323
03-02-2021,LK,Sri Lanka,SEARO,715,65698,7,330
04-02-2021,LK,Sri Lanka,SEARO,711,66409,2,332
05-02-2021,LK,Sri Lanka,SEARO,706,67115,7,339
06-02-2021,LK,Sri Lanka,SEARO,735,67850,4,343
07-02-2021,LK,Sri Lanka,SEARO,726,68576,8,351
08-02-2021,LK,Sri Lanka,SEARO,772,69348,5,356
09-02-2021,LK,Sri Lanka,SEARO,887,70235,9,365
10-02-2021,LK,Sri Lanka,SEARO,976,71211,5,370
11-02-2021,LK,Sri Lanka,SEARO,963,72174,5,375
12-02-2021,LK,Sri Lanka,SEARO,942,73116,4,379
13-02-2021,LK,Sri Lanka,SEARO,940,74056,5,384
14-02-2021,LK,Sri Lanka,SEARO,796,74852,0,384
15-02-2021,LK,Sri Lanka,SEARO,802,75654,13,397
16-02-2021,LK,Sri Lanka,SEARO,774,76428,6,403
17-02-2021,LK,Sri Lanka,SEARO,756,77184,6,409
18-02-2021,LK,Sri Lanka,SEARO,722,77906,13,422
19-02-2021,LK,Sri Lanka,SEARO,514,78420,8,430
20-02-2021,LK,Sri Lanka,SEARO,517,78937,3,433
21-02-2021,LK,Sri Lanka,SEARO,543,79480,2,435
22-02-2021,LK,Sri Lanka,SEARO,519,79999,10,445
23-02-2021,LK,Sri Lanka,SEARO,518,80517,5,450
24-02-2021,LK,Sri Lanka,SEARO,492,81009,3,453
25-02-2021,LK,Sri Lanka,SEARO,458,81467,4,457
26-02-2021,LK,Sri Lanka,SEARO,466,81933,2,459
27-02-2021,LK,Sri Lanka,SEARO,497,82430,5,464
28-02-2021,LK,Sri Lanka,SEARO,460,82890,0,464
01-03-2021,LK,Sri Lanka,SEARO,352,83242,7,471
02-03-2021,LK,Sri Lanka,SEARO,310,83552,5,476
03-03-2021,LK,Sri Lanka,SEARO,318,83870,7,483
04-03-2021,LK,Sri Lanka,SEARO,356,84226,1,484
05-03-2021,LK,Sri Lanka,SEARO,384,84610,5,489
06-03-2021,LK,Sri Lanka,SEARO,350,84960,4,493
07-03-2021,LK,Sri Lanka,SEARO,376,85336,0,493
08-03-2021,LK,Sri Lanka,SEARO,359,85695,9,502
09-03-2021,LK,Sri Lanka,SEARO,344,86039,5,507
10-03-2021,LK,Sri Lanka,SEARO,304,86343,4,511
11-03-2021,LK,Sri Lanka,SEARO,342,86685,0,511
12-03-2021,LK,Sri Lanka,SEARO,304,86989,9,520
13-03-2021,LK,Sri Lanka,SEARO,297,87286,5,525
14-03-2021,LK,Sri Lanka,SEARO,314,87600,1,526
15-03-2021,LK,Sri Lanka,SEARO,307,87907,1,527
16-03-2021,LK,Sri Lanka,SEARO,331,88238,5,532
17-03-2021,LK,Sri Lanka,SEARO,286,88524,2,534
18-03-2021,LK,Sri Lanka,SEARO,338,88862,3,537
19-03-2021,LK,Sri Lanka,SEARO,313,89175,1,538
20-03-2021,LK,Sri Lanka,SEARO,322,89497,6,544
21-03-2021,LK,Sri Lanka,SEARO,349,89846,0,544
22-03-2021,LK,Sri Lanka,SEARO,354,90200,2,546
23-03-2021,LK,Sri Lanka,SEARO,314,90514,5,551
24-03-2021,LK,Sri Lanka,SEARO,251,90765,1,552
25-03-2021,LK,Sri Lanka,SEARO,253,91018,0,552
26-03-2021,LK,Sri Lanka,SEARO,271,91289,2,554
27-03-2021,LK,Sri Lanka,SEARO,272,91561,3,557
28-03-2021,LK,Sri Lanka,SEARO,278,91839,1,558
29-03-2021,LK,Sri Lanka,SEARO,249,92088,3,561
30-03-2021,LK,Sri Lanka,SEARO,215,92303,5,566
31-03-2021,LK,Sri Lanka,SEARO,139,92442,0,566
01-04-2021,LK,Sri Lanka,SEARO,264,92706,2,568
02-04-2021,LK,Sri Lanka,SEARO,211,92917,3,571
03-04-2021,LK,Sri Lanka,SEARO,211,93128,0,571
04-04-2021,LK,Sri Lanka,SEARO,167,93295,4,575
05-04-2021,LK,Sri Lanka,SEARO,141,93436,6,581
06-04-2021,LK,Sri Lanka,SEARO,159,93595,0,581
07-04-2021,LK,Sri Lanka,SEARO,177,93772,7,588
08-04-2021,LK,Sri Lanka,SEARO,221,93993,3,591
09-04-2021,LK,Sri Lanka,SEARO,343,94336,2,593
10-04-2021,LK,Sri Lanka,SEARO,228,94564,0,593
11-04-2021,LK,Sri Lanka,SEARO,284,94848,2,595
12-04-2021,LK,Sri Lanka,SEARO,283,95131,3,598
13-04-2021,LK,Sri Lanka,SEARO,263,95394,0,598
14-04-2021,LK,Sri Lanka,SEARO,226,95620,4,602
15-04-2021,LK,Sri Lanka,SEARO,117,95737,2,604
16-04-2021,LK,Sri Lanka,SEARO,212,95949,4,608
17-04-2021,LK,Sri Lanka,SEARO,237,96186,7,615
18-04-2021,LK,Sri Lanka,SEARO,253,96439,2,617
19-04-2021,LK,Sri Lanka,SEARO,357,96796,1,618
20-04-2021,LK,Sri Lanka,SEARO,309,97105,2,620
21-04-2021,LK,Sri Lanka,SEARO,367,97472,5,625
22-04-2021,LK,Sri Lanka,SEARO,578,98050,5,630
23-04-2021,LK,Sri Lanka,SEARO,672,98722,4,634
24-04-2021,LK,Sri Lanka,SEARO,969,99691,0,634
25-04-2021,LK,Sri Lanka,SEARO,895,100586,4,638
26-04-2021,LK,Sri Lanka,SEARO,793,101379,4,642
27-04-2021,LK,Sri Lanka,SEARO,997,102376,5,647
28-04-2021,LK,Sri Lanka,SEARO,1111,103487,0,647
29-04-2021,LK,Sri Lanka,SEARO,1466,104953,14,661
30-04-2021,LK,Sri Lanka,SEARO,1531,106484,0,661
01-05-2021,LK,Sri Lanka,SEARO,1662,108146,6,667
02-05-2021,LK,Sri Lanka,SEARO,1716,109862,20,687
03-05-2021,LK,Sri Lanka,SEARO,1891,111753,0,687
04-05-2021,LK,Sri Lanka,SEARO,1923,113676,9,696
05-05-2021,LK,Sri Lanka,SEARO,1914,115590,13,709
06-05-2021,LK,Sri Lanka,SEARO,1939,117529,11,720
07-05-2021,LK,Sri Lanka,SEARO,1895,119424,25,745
08-05-2021,LK,Sri Lanka,SEARO,1914,121338,0,745
09-05-2021,LK,Sri Lanka,SEARO,1896,123234,41,786
10-05-2021,LK,Sri Lanka,SEARO,2672,125906,15,801
11-05-2021,LK,Sri Lanka,SEARO,2624,128530,26,827
12-05-2021,LK,Sri Lanka,SEARO,2568,131098,23,850
13-05-2021,LK,Sri Lanka,SEARO,1429,132527,18,868
14-05-2021,LK,Sri Lanka,SEARO,3269,135796,24,892
15-05-2021,LK,Sri Lanka,SEARO,2289,138085,31,923
16-05-2021,LK,Sri Lanka,SEARO,2386,140471,18,941
17-05-2021,LK,Sri Lanka,SEARO,2275,142746,21,962
18-05-2021,LK,Sri Lanka,SEARO,2456,145202,19,981
19-05-2021,LK,Sri Lanka,SEARO,2518,147720,34,1015
20-05-2021,LK,Sri Lanka,SEARO,3623,151343,36,1051
21-05-2021,LK,Sri Lanka,SEARO,3443,154786,38,1089
22-05-2021,LK,Sri Lanka,SEARO,3547,158333,0,1089
23-05-2021,LK,Sri Lanka,SEARO,2909,161242,89,1178
24-05-2021,LK,Sri Lanka,SEARO,2959,164201,32,1210
25-05-2021,LK,Sri Lanka,SEARO,2971,167172,33,1243
26-05-2021,LK,Sri Lanka,SEARO,2728,169900,26,1269
27-05-2021,LK,Sri Lanka,SEARO,2377,172277,29,1298
28-05-2021,LK,Sri Lanka,SEARO,2584,174861,27,1325
29-05-2021,LK,Sri Lanka,SEARO,2850,177711,38,1363
30-05-2021,LK,Sri Lanka,SEARO,2882,180593,42,1405
01-01-2021,SD,Sudan,EMRO,230,25730,15,1576
02-01-2021,SD,Sudan,EMRO,152,25882,12,1588
03-01-2021,SD,Sudan,EMRO,157,26039,9,1597
04-01-2021,SD,Sudan,EMRO,240,26279,6,1603
05-01-2021,SD,Sudan,EMRO,0,26279,0,1603
06-01-2021,SD,Sudan,EMRO,0,26279,0,1603
07-01-2021,SD,Sudan,EMRO,0,26279,0,1603
08-01-2021,SD,Sudan,EMRO,0,26279,0,1603
09-01-2021,SD,Sudan,EMRO,0,26279,0,1603
10-01-2021,SD,Sudan,EMRO,1215,27494,54,1657
11-01-2021,SD,Sudan,EMRO,125,27619,9,1666
12-01-2021,SD,Sudan,EMRO,149,27768,6,1672
13-01-2021,SD,Sudan,EMRO,59,27827,5,1677
14-01-2021,SD,Sudan,EMRO,142,27969,6,1683
15-01-2021,SD,Sudan,EMRO,128,28097,12,1695
16-01-2021,SD,Sudan,EMRO,82,28179,4,1699
17-01-2021,SD,Sudan,EMRO,54,28233,8,1707
18-01-2021,SD,Sudan,EMRO,84,28317,10,1717
19-01-2021,SD,Sudan,EMRO,133,28450,4,1721
20-01-2021,SD,Sudan,EMRO,72,28522,1,1722
21-01-2021,SD,Sudan,EMRO,67,28589,10,1732
22-01-2021,SD,Sudan,EMRO,65,28654,1,1733
23-01-2021,SD,Sudan,EMRO,134,28788,5,1738
24-01-2021,SD,Sudan,EMRO,82,28870,0,1738
25-01-2021,SD,Sudan,EMRO,54,28924,0,1738
26-01-2021,SD,Sudan,EMRO,70,28994,12,1750
27-01-2021,SD,Sudan,EMRO,72,29066,10,1760
28-01-2021,SD,Sudan,EMRO,225,29291,38,1798
29-01-2021,SD,Sudan,EMRO,49,29340,3,1801
30-01-2021,SD,Sudan,EMRO,40,29380,3,1804
31-01-2021,SD,Sudan,EMRO,69,29449,3,1807
01-02-2021,SD,Sudan,EMRO,39,29488,5,1812
02-02-2021,SD,Sudan,EMRO,48,29536,17,1829
03-02-2021,SD,Sudan,EMRO,0,29536,0,1829
04-02-2021,SD,Sudan,EMRO,41,29577,1,1830
05-02-2021,SD,Sudan,EMRO,57,29634,1,1831
06-02-2021,SD,Sudan,EMRO,65,29699,1,1832
07-02-2021,SD,Sudan,EMRO,54,29753,2,1834
08-02-2021,SD,Sudan,EMRO,12,29765,1,1835
09-02-2021,SD,Sudan,EMRO,86,29851,0,1835
10-02-2021,SD,Sudan,EMRO,50,29901,8,1843
11-02-2021,SD,Sudan,EMRO,32,29933,6,1849
12-02-2021,SD,Sudan,EMRO,19,29952,0,1849
13-02-2021,SD,Sudan,EMRO,26,29978,3,1852
14-02-2021,SD,Sudan,EMRO,11,29989,1,1853
15-02-2021,SD,Sudan,EMRO,17,30006,0,1853
16-02-2021,SD,Sudan,EMRO,46,30052,5,1858
17-02-2021,SD,Sudan,EMRO,26,30078,5,1863
18-02-2021,SD,Sudan,EMRO,37,30115,1,1864
19-02-2021,SD,Sudan,EMRO,13,30128,0,1864
20-02-2021,SD,Sudan,EMRO,33,30161,2,1866
21-02-2021,SD,Sudan,EMRO,16,30177,0,1866
22-02-2021,SD,Sudan,EMRO,28,30205,5,1871
23-02-2021,SD,Sudan,EMRO,31,30236,5,1876
24-02-2021,SD,Sudan,EMRO,48,30284,2,1878
25-02-2021,SD,Sudan,EMRO,32,30316,0,1878
26-02-2021,SD,Sudan,EMRO,31,30347,2,1880
27-02-2021,SD,Sudan,EMRO,17,30364,0,1880
28-02-2021,SD,Sudan,EMRO,31,30395,8,1888
01-03-2021,SD,Sudan,EMRO,22,30417,2,1890
02-03-2021,SD,Sudan,EMRO,26,30443,2,1892
03-03-2021,SD,Sudan,EMRO,36,30479,3,1895
04-03-2021,SD,Sudan,EMRO,39,30518,0,1895
05-03-2021,SD,Sudan,EMRO,22,30540,0,1895
06-03-2021,SD,Sudan,EMRO,36,30576,9,1904
07-03-2021,SD,Sudan,EMRO,31,30607,7,1911
08-03-2021,SD,Sudan,EMRO,30,30637,1,1912
09-03-2021,SD,Sudan,EMRO,49,30686,3,1915
10-03-2021,SD,Sudan,EMRO,70,30756,9,1924
11-03-2021,SD,Sudan,EMRO,64,30820,5,1929
12-03-2021,SD,Sudan,EMRO,53,30873,11,1940
13-03-2021,SD,Sudan,EMRO,41,30914,9,1949
14-03-2021,SD,Sudan,EMRO,9,30923,4,1953
15-03-2021,SD,Sudan,EMRO,23,30946,0,1953
16-03-2021,SD,Sudan,EMRO,43,30989,6,1959
17-03-2021,SD,Sudan,EMRO,25,31014,3,1962
18-03-2021,SD,Sudan,EMRO,80,31094,19,1981
19-03-2021,SD,Sudan,EMRO,53,31147,5,1986
20-03-2021,SD,Sudan,EMRO,39,31186,9,1995
21-03-2021,SD,Sudan,EMRO,41,31227,8,2003
22-03-2021,SD,Sudan,EMRO,55,31282,0,2003
23-03-2021,SD,Sudan,EMRO,76,31358,13,2016
24-03-2021,SD,Sudan,EMRO,49,31407,12,2028
25-03-2021,SD,Sudan,EMRO,94,31501,8,2036
26-03-2021,SD,Sudan,EMRO,56,31557,5,2041
27-03-2021,SD,Sudan,EMRO,59,31616,7,2048
28-03-2021,SD,Sudan,EMRO,37,31653,2,2050
29-03-2021,SD,Sudan,EMRO,59,31712,10,2060
30-03-2021,SD,Sudan,EMRO,121,31833,3,2063
31-03-2021,SD,Sudan,EMRO,86,31919,16,2079
01-04-2021,SD,Sudan,EMRO,118,32037,8,2087
02-04-2021,SD,Sudan,EMRO,91,32128,8,2095
03-04-2021,SD,Sudan,EMRO,113,32241,14,2109
04-04-2021,SD,Sudan,EMRO,49,32290,8,2117
05-04-2021,SD,Sudan,EMRO,41,32331,8,2125
06-04-2021,SD,Sudan,EMRO,118,32449,13,2138
07-04-2021,SD,Sudan,EMRO,103,32552,4,2142
08-04-2021,SD,Sudan,EMRO,92,32644,10,2152
09-04-2021,SD,Sudan,EMRO,45,32689,11,2163
10-04-2021,SD,Sudan,EMRO,87,32776,3,2166
11-04-2021,SD,Sudan,EMRO,25,32801,7,2173
12-04-2021,SD,Sudan,EMRO,56,32857,12,2185
13-04-2021,SD,Sudan,EMRO,30,32887,6,2191
14-04-2021,SD,Sudan,EMRO,45,32932,3,2194
15-04-2021,SD,Sudan,EMRO,0,32932,0,2194
16-04-2021,SD,Sudan,EMRO,90,33022,14,2208
17-04-2021,SD,Sudan,EMRO,0,33022,0,2208
18-04-2021,SD,Sudan,EMRO,0,33022,0,2208
19-04-2021,SD,Sudan,EMRO,393,33415,65,2273
20-04-2021,SD,Sudan,EMRO,61,33476,8,2281
21-04-2021,SD,Sudan,EMRO,74,33550,6,2287
22-04-2021,SD,Sudan,EMRO,49,33599,2,2289
23-04-2021,SD,Sudan,EMRO,74,33673,11,2300
24-04-2021,SD,Sudan,EMRO,60,33733,15,2315
25-04-2021,SD,Sudan,EMRO,16,33749,5,2320
26-04-2021,SD,Sudan,EMRO,48,33797,13,2333
27-04-2021,SD,Sudan,EMRO,94,33891,7,2340
28-04-2021,SD,Sudan,EMRO,53,33944,9,2349
29-04-2021,SD,Sudan,EMRO,0,33944,0,2349
30-04-2021,SD,Sudan,EMRO,0,33944,0,2349
01-05-2021,SD,Sudan,EMRO,52,33996,12,2361
02-05-2021,SD,Sudan,EMRO,58,34054,4,2365
03-05-2021,SD,Sudan,EMRO,28,34082,0,2365
04-05-2021,SD,Sudan,EMRO,479,34561,9,2374
05-05-2021,SD,Sudan,EMRO,73,34634,18,2392
06-05-2021,SD,Sudan,EMRO,67,34701,44,2436
07-05-2021,SD,Sudan,EMRO,51,34752,0,2436
08-05-2021,SD,Sudan,EMRO,50,34802,3,2439
09-05-2021,SD,Sudan,EMRO,24,34826,6,2445
10-05-2021,SD,Sudan,EMRO,63,34889,1,2446
11-05-2021,SD,Sudan,EMRO,0,34889,0,2446
12-05-2021,SD,Sudan,EMRO,0,34889,0,2446
13-05-2021,SD,Sudan,EMRO,0,34889,0,2446
14-05-2021,SD,Sudan,EMRO,0,34889,0,2446
15-05-2021,SD,Sudan,EMRO,0,34889,0,2446
16-05-2021,SD,Sudan,EMRO,0,34889,0,2446
17-05-2021,SD,Sudan,EMRO,0,34889,0,2446
18-05-2021,SD,Sudan,EMRO,0,34889,0,2446
19-05-2021,SD,Sudan,EMRO,0,34889,0,2446
20-05-2021,SD,Sudan,EMRO,146,35035,122,2568
21-05-2021,SD,Sudan,EMRO,36,35071,0,2568
22-05-2021,SD,Sudan,EMRO,0,35071,0,2568
23-05-2021,SD,Sudan,EMRO,0,35071,0,2568
24-05-2021,SD,Sudan,EMRO,125,35196,27,2595
25-05-2021,SD,Sudan,EMRO,47,35243,5,2600
26-05-2021,SD,Sudan,EMRO,46,35289,0,2600
27-05-2021,SD,Sudan,EMRO,0,35289,0,2600
28-05-2021,SD,Sudan,EMRO,0,35289,0,2600
29-05-2021,SD,Sudan,EMRO,0,35289,0,2600
30-05-2021,SD,Sudan,EMRO,0,35289,0,2600
01-01-2021,SR,Suriname,AMRO,83,6181,1,121
02-01-2021,SR,Suriname,AMRO,29,6210,1,122
03-01-2021,SR,Suriname,AMRO,67,6277,1,123
04-01-2021,SR,Suriname,AMRO,66,6343,0,123
05-01-2021,SR,Suriname,AMRO,50,6393,0,123
06-01-2021,SR,Suriname,AMRO,100,6493,1,124
07-01-2021,SR,Suriname,AMRO,93,6586,1,125
08-01-2021,SR,Suriname,AMRO,80,6666,1,126
09-01-2021,SR,Suriname,AMRO,84,6750,4,130
10-01-2021,SR,Suriname,AMRO,104,6854,1,131
11-01-2021,SR,Suriname,AMRO,94,6948,1,132
12-01-2021,SR,Suriname,AMRO,60,7008,1,133
13-01-2021,SR,Suriname,AMRO,56,7064,5,138
14-01-2021,SR,Suriname,AMRO,114,7178,0,138
15-01-2021,SR,Suriname,AMRO,69,7247,1,139
16-01-2021,SR,Suriname,AMRO,53,7300,0,139
17-01-2021,SR,Suriname,AMRO,109,7409,0,139
18-01-2021,SR,Suriname,AMRO,60,7469,2,141
19-01-2021,SR,Suriname,AMRO,58,7527,0,141
20-01-2021,SR,Suriname,AMRO,97,7624,4,145
21-01-2021,SR,Suriname,AMRO,85,7709,1,146
22-01-2021,SR,Suriname,AMRO,74,7783,0,146
23-01-2021,SR,Suriname,AMRO,97,7880,0,146
24-01-2021,SR,Suriname,AMRO,65,7945,2,148
25-01-2021,SR,Suriname,AMRO,55,8000,0,148
26-01-2021,SR,Suriname,AMRO,57,8057,1,149
27-01-2021,SR,Suriname,AMRO,55,8112,0,149
28-01-2021,SR,Suriname,AMRO,62,8174,1,150
29-01-2021,SR,Suriname,AMRO,69,8243,2,152
30-01-2021,SR,Suriname,AMRO,50,8293,2,154
31-01-2021,SR,Suriname,AMRO,71,8364,0,154
01-02-2021,SR,Suriname,AMRO,39,8403,0,154
02-02-2021,SR,Suriname,AMRO,35,8438,0,154
03-02-2021,SR,Suriname,AMRO,11,8449,2,156
04-02-2021,SR,Suriname,AMRO,48,8497,0,156
05-02-2021,SR,Suriname,AMRO,59,8556,0,156
06-02-2021,SR,Suriname,AMRO,39,8595,2,158
07-02-2021,SR,Suriname,AMRO,24,8619,0,158
08-02-2021,SR,Suriname,AMRO,31,8650,2,160
09-02-2021,SR,Suriname,AMRO,21,8671,1,161
10-02-2021,SR,Suriname,AMRO,19,8690,1,162
11-02-2021,SR,Suriname,AMRO,20,8710,1,163
12-02-2021,SR,Suriname,AMRO,29,8739,1,164
13-02-2021,SR,Suriname,AMRO,26,8765,2,166
14-02-2021,SR,Suriname,AMRO,13,8778,0,166
15-02-2021,SR,Suriname,AMRO,16,8794,0,166
16-02-2021,SR,Suriname,AMRO,9,8803,0,166
17-02-2021,SR,Suriname,AMRO,8,8811,1,167
18-02-2021,SR,Suriname,AMRO,9,8820,0,167
19-02-2021,SR,Suriname,AMRO,12,8832,1,168
20-02-2021,SR,Suriname,AMRO,6,8838,0,168
21-02-2021,SR,Suriname,AMRO,16,8854,0,168
22-02-2021,SR,Suriname,AMRO,2,8856,0,168
23-02-2021,SR,Suriname,AMRO,12,8868,0,168
24-02-2021,SR,Suriname,AMRO,1,8869,1,169
25-02-2021,SR,Suriname,AMRO,11,8880,1,170
26-02-2021,SR,Suriname,AMRO,12,8892,0,170
27-02-2021,SR,Suriname,AMRO,9,8901,0,170
28-02-2021,SR,Suriname,AMRO,12,8913,0,170
01-03-2021,SR,Suriname,AMRO,6,8919,0,170
02-03-2021,SR,Suriname,AMRO,10,8929,2,172
03-03-2021,SR,Suriname,AMRO,4,8933,1,173
04-03-2021,SR,Suriname,AMRO,6,8939,0,173
05-03-2021,SR,Suriname,AMRO,14,8953,0,173
06-03-2021,SR,Suriname,AMRO,6,8959,2,175
07-03-2021,SR,Suriname,AMRO,7,8966,0,175
08-03-2021,SR,Suriname,AMRO,5,8971,0,175
09-03-2021,SR,Suriname,AMRO,6,8977,0,175
10-03-2021,SR,Suriname,AMRO,3,8980,0,175
11-03-2021,SR,Suriname,AMRO,5,8985,0,175
12-03-2021,SR,Suriname,AMRO,5,8990,0,175
13-03-2021,SR,Suriname,AMRO,7,8997,1,176
14-03-2021,SR,Suriname,AMRO,15,9012,0,176
15-03-2021,SR,Suriname,AMRO,10,9022,0,176
16-03-2021,SR,Suriname,AMRO,2,9024,0,176
17-03-2021,SR,Suriname,AMRO,4,9028,0,176
18-03-2021,SR,Suriname,AMRO,6,9034,0,176
19-03-2021,SR,Suriname,AMRO,8,9042,0,176
20-03-2021,SR,Suriname,AMRO,7,9049,0,176
21-03-2021,SR,Suriname,AMRO,6,9055,0,176
22-03-2021,SR,Suriname,AMRO,6,9061,0,176
23-03-2021,SR,Suriname,AMRO,5,9066,0,176
24-03-2021,SR,Suriname,AMRO,1,9067,1,177
25-03-2021,SR,Suriname,AMRO,7,9074,0,177
26-03-2021,SR,Suriname,AMRO,3,9077,0,177
27-03-2021,SR,Suriname,AMRO,8,9085,0,177
28-03-2021,SR,Suriname,AMRO,3,9088,0,177
29-03-2021,SR,Suriname,AMRO,7,9095,0,177
30-03-2021,SR,Suriname,AMRO,2,9097,0,177
31-03-2021,SR,Suriname,AMRO,7,9104,0,177
01-04-2021,SR,Suriname,AMRO,5,9109,0,177
02-04-2021,SR,Suriname,AMRO,13,9122,0,177
03-04-2021,SR,Suriname,AMRO,8,9130,0,177
04-04-2021,SR,Suriname,AMRO,7,9137,0,177
05-04-2021,SR,Suriname,AMRO,16,9153,0,177
06-04-2021,SR,Suriname,AMRO,10,9163,0,177
07-04-2021,SR,Suriname,AMRO,11,9174,0,177
08-04-2021,SR,Suriname,AMRO,10,9184,1,178
09-04-2021,SR,Suriname,AMRO,16,9200,0,178
10-04-2021,SR,Suriname,AMRO,54,9254,0,178
11-04-2021,SR,Suriname,AMRO,11,9265,0,178
12-04-2021,SR,Suriname,AMRO,13,9278,1,179
13-04-2021,SR,Suriname,AMRO,24,9302,3,182
14-04-2021,SR,Suriname,AMRO,14,9316,0,182
15-04-2021,SR,Suriname,AMRO,47,9363,2,184
16-04-2021,SR,Suriname,AMRO,54,9417,0,184
17-04-2021,SR,Suriname,AMRO,41,9458,1,185
18-04-2021,SR,Suriname,AMRO,38,9496,2,187
19-04-2021,SR,Suriname,AMRO,49,9545,0,187
20-04-2021,SR,Suriname,AMRO,36,9581,0,187
21-04-2021,SR,Suriname,AMRO,36,9617,1,188
22-04-2021,SR,Suriname,AMRO,70,9687,0,188
23-04-2021,SR,Suriname,AMRO,104,9791,1,189
24-04-2021,SR,Suriname,AMRO,74,9865,2,191
25-04-2021,SR,Suriname,AMRO,67,9932,2,193
26-04-2021,SR,Suriname,AMRO,64,9996,2,195
27-04-2021,SR,Suriname,AMRO,49,10045,3,198
28-04-2021,SR,Suriname,AMRO,36,10081,3,201
29-04-2021,SR,Suriname,AMRO,76,10157,0,201
30-04-2021,SR,Suriname,AMRO,61,10218,0,201
01-05-2021,SR,Suriname,AMRO,68,10286,0,201
02-05-2021,SR,Suriname,AMRO,77,10363,3,204
03-05-2021,SR,Suriname,AMRO,65,10428,2,206
04-05-2021,SR,Suriname,AMRO,61,10489,1,207
05-05-2021,SR,Suriname,AMRO,54,10543,0,207
06-05-2021,SR,Suriname,AMRO,80,10623,5,212
07-05-2021,SR,Suriname,AMRO,73,10696,0,212
08-05-2021,SR,Suriname,AMRO,120,10816,1,213
09-05-2021,SR,Suriname,AMRO,117,10933,1,214
10-05-2021,SR,Suriname,AMRO,87,11020,0,214
11-05-2021,SR,Suriname,AMRO,92,11112,1,215
12-05-2021,SR,Suriname,AMRO,101,11213,3,218
13-05-2021,SR,Suriname,AMRO,93,11306,2,220
14-05-2021,SR,Suriname,AMRO,121,11427,0,220
15-05-2021,SR,Suriname,AMRO,145,11572,1,221
16-05-2021,SR,Suriname,AMRO,135,11707,2,223
17-05-2021,SR,Suriname,AMRO,121,11828,1,224
18-05-2021,SR,Suriname,AMRO,122,11950,4,228
19-05-2021,SR,Suriname,AMRO,157,12107,2,230
20-05-2021,SR,Suriname,AMRO,144,12251,8,238
21-05-2021,SR,Suriname,AMRO,158,12409,1,239
22-05-2021,SR,Suriname,AMRO,162,12571,1,240
23-05-2021,SR,Suriname,AMRO,171,12742,3,243
24-05-2021,SR,Suriname,AMRO,186,12928,2,245
25-05-2021,SR,Suriname,AMRO,183,13111,4,249
26-05-2021,SR,Suriname,AMRO,191,13302,7,256
27-05-2021,SR,Suriname,AMRO,193,13495,5,261
28-05-2021,SR,Suriname,AMRO,225,13720,7,268
29-05-2021,SR,Suriname,AMRO,292,14012,7,275
30-05-2021,SR,Suriname,AMRO,293,14305,7,282
01-01-2021,SE,Sweden,EURO,10459,447759,90,9745
02-01-2021,SE,Sweden,EURO,6999,454758,110,9855
03-01-2021,SE,Sweden,EURO,2618,457376,87,9942
04-01-2021,SE,Sweden,EURO,2531,459907,99,10041
05-01-2021,SE,Sweden,EURO,2754,462661,83,10124
06-01-2021,SE,Sweden,EURO,6984,469645,86,10210
07-01-2021,SE,Sweden,EURO,7546,477191,93,10303
08-01-2021,SE,Sweden,EURO,5029,482220,82,10385
09-01-2021,SE,Sweden,EURO,7150,489370,103,10488
10-01-2021,SE,Sweden,EURO,5695,495065,99,10587
11-01-2021,SE,Sweden,EURO,4736,499801,89,10676
12-01-2021,SE,Sweden,EURO,2317,502118,92,10768
13-01-2021,SE,Sweden,EURO,4648,506766,89,10857
14-01-2021,SE,Sweden,EURO,5340,512106,88,10945
15-01-2021,SE,Sweden,EURO,6596,518702,91,11036
16-01-2021,SE,Sweden,EURO,4747,523449,96,11132
17-01-2021,SE,Sweden,EURO,4205,527654,89,11221
18-01-2021,SE,Sweden,EURO,2162,529816,82,11303
19-01-2021,SE,Sweden,EURO,1250,531066,61,11364
20-01-2021,SE,Sweden,EURO,2116,533182,73,11437
21-01-2021,SE,Sweden,EURO,4732,537914,92,11529
22-01-2021,SE,Sweden,EURO,4949,542863,87,11616
23-01-2021,SE,Sweden,EURO,4199,547062,88,11704
24-01-2021,SE,Sweden,EURO,3723,550785,59,11763
25-01-2021,SE,Sweden,EURO,2368,553153,63,11826
26-01-2021,SE,Sweden,EURO,1147,554300,51,11877
27-01-2021,SE,Sweden,EURO,1885,556185,59,11936
28-01-2021,SE,Sweden,EURO,4189,560374,66,12002
29-01-2021,SE,Sweden,EURO,4106,564480,54,12056
30-01-2021,SE,Sweden,EURO,2370,566850,56,12112
31-01-2021,SE,Sweden,EURO,4254,571104,58,12170
01-02-2021,SE,Sweden,EURO,2695,573799,57,12227
02-02-2021,SE,Sweden,EURO,1164,574963,39,12266
03-02-2021,SE,Sweden,EURO,1552,576515,46,12312
04-02-2021,SE,Sweden,EURO,4316,580831,43,12355
05-02-2021,SE,Sweden,EURO,3737,584568,52,12407
06-02-2021,SE,Sweden,EURO,3396,587964,30,12437
07-02-2021,SE,Sweden,EURO,3260,591224,36,12473
08-02-2021,SE,Sweden,EURO,2333,593557,33,12506
09-02-2021,SE,Sweden,EURO,1013,594570,28,12534
10-02-2021,SE,Sweden,EURO,1505,596075,39,12573
11-02-2021,SE,Sweden,EURO,4069,600144,25,12598
12-02-2021,SE,Sweden,EURO,4353,604497,27,12625
13-02-2021,SE,Sweden,EURO,3807,608304,33,12658
14-02-2021,SE,Sweden,EURO,3569,611873,28,12686
15-02-2021,SE,Sweden,EURO,2771,614644,25,12711
16-02-2021,SE,Sweden,EURO,1211,615855,28,12739
17-02-2021,SE,Sweden,EURO,1902,617757,23,12762
18-02-2021,SE,Sweden,EURO,4206,621963,22,12784
19-02-2021,SE,Sweden,EURO,4965,626928,34,12818
20-02-2021,SE,Sweden,EURO,4135,631063,17,12835
21-02-2021,SE,Sweden,EURO,4028,635091,25,12860
22-02-2021,SE,Sweden,EURO,2781,637872,29,12889
23-02-2021,SE,Sweden,EURO,1599,639471,21,12910
24-02-2021,SE,Sweden,EURO,2543,642014,25,12935
25-02-2021,SE,Sweden,EURO,5407,647421,13,12948
26-02-2021,SE,Sweden,EURO,4977,652398,26,12974
27-02-2021,SE,Sweden,EURO,4831,657229,19,12993
28-02-2021,SE,Sweden,EURO,4583,661812,18,13011
01-03-2021,SE,Sweden,EURO,3107,664919,18,13029
02-03-2021,SE,Sweden,EURO,1242,666161,25,13054
03-03-2021,SE,Sweden,EURO,2829,668990,24,13078
04-03-2021,SE,Sweden,EURO,6191,675181,23,13101
05-03-2021,SE,Sweden,EURO,4876,680057,19,13120
06-03-2021,SE,Sweden,EURO,4884,684941,19,13139
07-03-2021,SE,Sweden,EURO,4070,689011,14,13153
08-03-2021,SE,Sweden,EURO,3455,692466,12,13165
09-03-2021,SE,Sweden,EURO,1451,693917,17,13182
10-03-2021,SE,Sweden,EURO,1982,695899,24,13206
11-03-2021,SE,Sweden,EURO,5928,701827,20,13226
12-03-2021,SE,Sweden,EURO,5329,707156,20,13246
13-03-2021,SE,Sweden,EURO,5333,712489,15,13261
14-03-2021,SE,Sweden,EURO,4996,717485,19,13280
15-03-2021,SE,Sweden,EURO,3953,721438,19,13299
16-03-2021,SE,Sweden,EURO,1040,722478,22,13321
17-03-2021,SE,Sweden,EURO,2715,725193,21,13342
18-03-2021,SE,Sweden,EURO,6786,731979,15,13357
19-03-2021,SE,Sweden,EURO,6432,738411,19,13376
20-03-2021,SE,Sweden,EURO,5739,744150,18,13394
21-03-2021,SE,Sweden,EURO,5406,749556,11,13405
22-03-2021,SE,Sweden,EURO,4380,753936,25,13430
23-03-2021,SE,Sweden,EURO,1579,755515,18,13448
24-03-2021,SE,Sweden,EURO,2689,758204,16,13464
25-03-2021,SE,Sweden,EURO,7653,765857,14,13478
26-03-2021,SE,Sweden,EURO,7711,773568,15,13493
27-03-2021,SE,Sweden,EURO,6369,779937,22,13515
28-03-2021,SE,Sweden,EURO,6295,786232,22,13537
29-03-2021,SE,Sweden,EURO,5197,791429,19,13556
30-03-2021,SE,Sweden,EURO,1983,793412,17,13573
31-03-2021,SE,Sweden,EURO,2966,796378,23,13596
01-04-2021,SE,Sweden,EURO,8468,804846,16,13612
02-04-2021,SE,Sweden,EURO,8294,813140,23,13635
03-04-2021,SE,Sweden,EURO,6978,820118,25,13660
04-04-2021,SE,Sweden,EURO,6842,826960,22,13682
05-04-2021,SE,Sweden,EURO,3405,830365,18,13700
06-04-2021,SE,Sweden,EURO,1449,831814,14,13714
07-04-2021,SE,Sweden,EURO,3106,834920,23,13737
08-04-2021,SE,Sweden,EURO,6814,841734,12,13749
09-04-2021,SE,Sweden,EURO,7832,849566,22,13771
10-04-2021,SE,Sweden,EURO,7758,857324,22,13793
11-04-2021,SE,Sweden,EURO,7630,864954,23,13816
12-04-2021,SE,Sweden,EURO,5628,870582,11,13827
13-04-2021,SE,Sweden,EURO,2390,872972,16,13843
14-04-2021,SE,Sweden,EURO,3473,876445,17,13860
15-04-2021,SE,Sweden,EURO,8873,885318,20,13880
16-04-2021,SE,Sweden,EURO,7095,892413,28,13908
17-04-2021,SE,Sweden,EURO,7666,900079,26,13934
18-04-2021,SE,Sweden,EURO,6441,906520,14,13948
19-04-2021,SE,Sweden,EURO,4984,911504,19,13967
20-04-2021,SE,Sweden,EURO,2514,914018,16,13983
21-04-2021,SE,Sweden,EURO,2714,916732,15,13998
22-04-2021,SE,Sweden,EURO,7537,924269,25,14023
23-04-2021,SE,Sweden,EURO,7706,931975,24,14047
24-04-2021,SE,Sweden,EURO,6250,938225,16,14063
25-04-2021,SE,Sweden,EURO,5506,943731,17,14080
26-04-2021,SE,Sweden,EURO,4568,948299,13,14093
27-04-2021,SE,Sweden,EURO,1758,950057,20,14113
28-04-2021,SE,Sweden,EURO,3072,953129,10,14123
29-04-2021,SE,Sweden,EURO,7270,960399,22,14145
30-04-2021,SE,Sweden,EURO,7147,967546,20,14165
01-05-2021,SE,Sweden,EURO,5932,973478,18,14183
02-05-2021,SE,Sweden,EURO,5425,978903,16,14199
03-05-2021,SE,Sweden,EURO,4754,983657,13,14212
04-05-2021,SE,Sweden,EURO,1719,985376,12,14224
05-05-2021,SE,Sweden,EURO,3069,988445,17,14241
06-05-2021,SE,Sweden,EURO,7037,995482,12,14253
07-05-2021,SE,Sweden,EURO,6482,1001964,15,14268
08-05-2021,SE,Sweden,EURO,5720,1007684,9,14277
09-05-2021,SE,Sweden,EURO,5246,1012930,13,14290
10-05-2021,SE,Sweden,EURO,4479,1017409,19,14309
11-05-2021,SE,Sweden,EURO,1657,1019066,15,14324
12-05-2021,SE,Sweden,EURO,2463,1021529,20,14344
13-05-2021,SE,Sweden,EURO,6313,1027842,9,14353
14-05-2021,SE,Sweden,EURO,5270,1033112,10,14363
15-05-2021,SE,Sweden,EURO,3917,1037029,17,14380
16-05-2021,SE,Sweden,EURO,2582,1039611,21,14401
17-05-2021,SE,Sweden,EURO,3969,1043580,10,14411
18-05-2021,SE,Sweden,EURO,1408,1044988,11,14422
19-05-2021,SE,Sweden,EURO,2109,1047097,6,14428
20-05-2021,SE,Sweden,EURO,4647,1051744,6,14434
21-05-2021,SE,Sweden,EURO,3409,1055153,2,14436
22-05-2021,SE,Sweden,EURO,3166,1058319,6,14442
23-05-2021,SE,Sweden,EURO,2323,1060642,4,14446
24-05-2021,SE,Sweden,EURO,1909,1062551,3,14449
25-05-2021,SE,Sweden,EURO,620,1063171,2,14451
26-05-2021,SE,Sweden,EURO,1197,1064368,0,14451
27-05-2021,SE,Sweden,EURO,2740,1067108,0,14451
28-05-2021,SE,Sweden,EURO,1365,1068473,0,14451
29-05-2021,SE,Sweden,EURO,0,1068473,0,14451
30-05-2021,SE,Sweden,EURO,0,1068473,0,14451
01-01-2021,CH,Switzerland,EURO,3054,454212,82,7558
02-01-2021,CH,Switzerland,EURO,1679,455891,73,7631
03-01-2021,CH,Switzerland,EURO,2716,458607,69,7700
04-01-2021,CH,Switzerland,EURO,2219,460826,67,7767
05-01-2021,CH,Switzerland,EURO,5278,466104,50,7817
06-01-2021,CH,Switzerland,EURO,4165,470269,65,7882
07-01-2021,CH,Switzerland,EURO,3348,473617,61,7943
08-01-2021,CH,Switzerland,EURO,3176,476793,64,8007
09-01-2021,CH,Switzerland,EURO,3049,479842,49,8056
10-01-2021,CH,Switzerland,EURO,1682,481524,67,8123
11-01-2021,CH,Switzerland,EURO,1293,482817,58,8181
12-01-2021,CH,Switzerland,EURO,3459,486276,57,8238
13-01-2021,CH,Switzerland,EURO,2607,488883,54,8292
14-01-2021,CH,Switzerland,EURO,2461,491344,57,8349
15-01-2021,CH,Switzerland,EURO,2239,493583,49,8398
16-01-2021,CH,Switzerland,EURO,2159,495742,65,8463
17-01-2021,CH,Switzerland,EURO,1337,497079,50,8513
18-01-2021,CH,Switzerland,EURO,893,497972,37,8550
19-01-2021,CH,Switzerland,EURO,2945,500917,38,8588
20-01-2021,CH,Switzerland,EURO,2330,503247,62,8650
21-01-2021,CH,Switzerland,EURO,2278,505525,45,8695
22-01-2021,CH,Switzerland,EURO,2056,507581,44,8739
23-01-2021,CH,Switzerland,EURO,2036,509617,44,8783
24-01-2021,CH,Switzerland,EURO,1098,510715,45,8828
25-01-2021,CH,Switzerland,EURO,732,511447,49,8877
26-01-2021,CH,Switzerland,EURO,2489,513936,32,8909
27-01-2021,CH,Switzerland,EURO,1838,515774,39,8948
28-01-2021,CH,Switzerland,EURO,1869,517643,34,8982
29-01-2021,CH,Switzerland,EURO,1780,519423,39,9021
30-01-2021,CH,Switzerland,EURO,1765,521188,35,9056
31-01-2021,CH,Switzerland,EURO,1019,522207,28,9084
01-02-2021,CH,Switzerland,EURO,738,522945,28,9112
02-02-2021,CH,Switzerland,EURO,2162,525107,31,9143
03-02-2021,CH,Switzerland,EURO,1650,526757,23,9166
04-02-2021,CH,Switzerland,EURO,1730,528487,19,9185
05-02-2021,CH,Switzerland,EURO,1443,529930,24,9209
06-02-2021,CH,Switzerland,EURO,1506,531436,22,9231
07-02-2021,CH,Switzerland,EURO,887,532323,26,9257
08-02-2021,CH,Switzerland,EURO,673,532996,19,9276
09-02-2021,CH,Switzerland,EURO,1748,534744,20,9296
10-02-2021,CH,Switzerland,EURO,1348,536092,15,9311
11-02-2021,CH,Switzerland,EURO,1258,537350,23,9334
12-02-2021,CH,Switzerland,EURO,1172,538522,14,9348
13-02-2021,CH,Switzerland,EURO,1131,539653,15,9363
14-02-2021,CH,Switzerland,EURO,718,540371,18,9381
15-02-2021,CH,Switzerland,EURO,483,540854,23,9404
16-02-2021,CH,Switzerland,EURO,1305,542159,18,9422
17-02-2021,CH,Switzerland,EURO,1139,543298,8,9430
18-02-2021,CH,Switzerland,EURO,1216,544514,9,9439
19-02-2021,CH,Switzerland,EURO,1005,545519,10,9449
20-02-2021,CH,Switzerland,EURO,1095,546614,13,9462
21-02-2021,CH,Switzerland,EURO,692,547306,14,9476
22-02-2021,CH,Switzerland,EURO,525,547831,11,9487
23-02-2021,CH,Switzerland,EURO,1408,549239,8,9495
24-02-2021,CH,Switzerland,EURO,1259,550498,10,9505
25-02-2021,CH,Switzerland,EURO,1077,551575,8,9513
26-02-2021,CH,Switzerland,EURO,1121,552696,10,9523
27-02-2021,CH,Switzerland,EURO,1081,553777,7,9530
28-02-2021,CH,Switzerland,EURO,723,554500,10,9540
01-03-2021,CH,Switzerland,EURO,546,555046,6,9546
02-03-2021,CH,Switzerland,EURO,1419,556465,9,9555
03-03-2021,CH,Switzerland,EURO,1229,557694,10,9565
04-03-2021,CH,Switzerland,EURO,1241,558935,10,9575
05-03-2021,CH,Switzerland,EURO,1061,559996,8,9583
06-03-2021,CH,Switzerland,EURO,1277,561273,10,9593
07-03-2021,CH,Switzerland,EURO,765,562038,8,9601
08-03-2021,CH,Switzerland,EURO,582,562620,9,9610
09-03-2021,CH,Switzerland,EURO,1702,564322,10,9620
10-03-2021,CH,Switzerland,EURO,1387,565709,9,9629
11-03-2021,CH,Switzerland,EURO,1386,567095,12,9641
12-03-2021,CH,Switzerland,EURO,1339,568434,13,9654
13-03-2021,CH,Switzerland,EURO,1341,569775,7,9661
14-03-2021,CH,Switzerland,EURO,921,570696,14,9675
15-03-2021,CH,Switzerland,EURO,704,571400,9,9684
16-03-2021,CH,Switzerland,EURO,1920,573320,9,9693
17-03-2021,CH,Switzerland,EURO,1651,574971,10,9703
18-03-2021,CH,Switzerland,EURO,1826,576797,13,9716
19-03-2021,CH,Switzerland,EURO,1647,578444,9,9725
20-03-2021,CH,Switzerland,EURO,1544,579988,8,9733
21-03-2021,CH,Switzerland,EURO,1110,581098,4,9737
22-03-2021,CH,Switzerland,EURO,787,581885,7,9744
23-03-2021,CH,Switzerland,EURO,2263,584148,5,9749
24-03-2021,CH,Switzerland,EURO,1994,586142,12,9761
25-03-2021,CH,Switzerland,EURO,1931,588073,6,9767
26-03-2021,CH,Switzerland,EURO,2143,590216,12,9779
27-03-2021,CH,Switzerland,EURO,1997,592213,4,9783
28-03-2021,CH,Switzerland,EURO,1208,593421,10,9793
29-03-2021,CH,Switzerland,EURO,995,594416,9,9802
30-03-2021,CH,Switzerland,EURO,2531,596947,5,9807
31-03-2021,CH,Switzerland,EURO,2093,599040,12,9819
01-04-2021,CH,Switzerland,EURO,2132,601172,14,9833
02-04-2021,CH,Switzerland,EURO,1986,603158,12,9845
03-04-2021,CH,Switzerland,EURO,1203,604361,6,9851
04-04-2021,CH,Switzerland,EURO,1317,605678,11,9862
05-04-2021,CH,Switzerland,EURO,1021,606699,10,9872
06-04-2021,CH,Switzerland,EURO,1287,607986,15,9887
07-04-2021,CH,Switzerland,EURO,2689,610675,11,9898
08-04-2021,CH,Switzerland,EURO,2388,613063,11,9909
09-04-2021,CH,Switzerland,EURO,2490,615553,5,9914
10-04-2021,CH,Switzerland,EURO,2414,617967,8,9922
11-04-2021,CH,Switzerland,EURO,1682,619649,4,9926
12-04-2021,CH,Switzerland,EURO,1179,620828,7,9933
13-04-2021,CH,Switzerland,EURO,2744,623572,3,9936
14-04-2021,CH,Switzerland,EURO,2376,625948,9,9945
15-04-2021,CH,Switzerland,EURO,2211,628159,6,9951
16-04-2021,CH,Switzerland,EURO,2147,630306,4,9955
17-04-2021,CH,Switzerland,EURO,2117,632423,7,9962
18-04-2021,CH,Switzerland,EURO,1429,633852,8,9970
19-04-2021,CH,Switzerland,EURO,1047,634899,6,9976
20-04-2021,CH,Switzerland,EURO,2744,637643,8,9984
21-04-2021,CH,Switzerland,EURO,2388,640031,8,9992
22-04-2021,CH,Switzerland,EURO,2308,642339,5,9997
23-04-2021,CH,Switzerland,EURO,2266,644605,6,10003
24-04-2021,CH,Switzerland,EURO,2166,646771,10,10013
25-04-2021,CH,Switzerland,EURO,1453,648224,6,10019
26-04-2021,CH,Switzerland,EURO,1187,649411,9,10028
27-04-2021,CH,Switzerland,EURO,2440,651851,12,10040
28-04-2021,CH,Switzerland,EURO,2038,653889,11,10051
29-04-2021,CH,Switzerland,EURO,2006,655895,6,10057
30-04-2021,CH,Switzerland,EURO,1710,657605,8,10065
01-05-2021,CH,Switzerland,EURO,1677,659282,8,10073
02-05-2021,CH,Switzerland,EURO,1158,660440,11,10084
03-05-2021,CH,Switzerland,EURO,832,661272,8,10092
04-05-2021,CH,Switzerland,EURO,2016,663288,4,10096
05-05-2021,CH,Switzerland,EURO,1734,665022,4,10100
06-05-2021,CH,Switzerland,EURO,1650,666672,10,10110
07-05-2021,CH,Switzerland,EURO,1483,668155,4,10114
08-05-2021,CH,Switzerland,EURO,1570,669725,6,10120
09-05-2021,CH,Switzerland,EURO,1062,670787,5,10125
10-05-2021,CH,Switzerland,EURO,779,671566,6,10131
11-05-2021,CH,Switzerland,EURO,1718,673284,6,10137
12-05-2021,CH,Switzerland,EURO,1380,674664,4,10141
13-05-2021,CH,Switzerland,EURO,1442,676106,0,10141
14-05-2021,CH,Switzerland,EURO,671,676777,5,10146
15-05-2021,CH,Switzerland,EURO,1169,677946,3,10149
16-05-2021,CH,Switzerland,EURO,795,678741,3,10152
17-05-2021,CH,Switzerland,EURO,649,679390,9,10161
18-05-2021,CH,Switzerland,EURO,1668,681058,1,10162
19-05-2021,CH,Switzerland,EURO,1342,682400,3,10165
20-05-2021,CH,Switzerland,EURO,1210,683610,4,10169
21-05-2021,CH,Switzerland,EURO,1037,684647,3,10172
22-05-2021,CH,Switzerland,EURO,982,685629,8,10180
23-05-2021,CH,Switzerland,EURO,625,686254,4,10184
24-05-2021,CH,Switzerland,EURO,468,686722,4,10188
25-05-2021,CH,Switzerland,EURO,579,687301,2,10190
26-05-2021,CH,Switzerland,EURO,1141,688442,4,10194
27-05-2021,CH,Switzerland,EURO,909,689351,0,10194
28-05-2021,CH,Switzerland,EURO,567,689918,2,10196
29-05-2021,CH,Switzerland,EURO,6,689924,0,10196
30-05-2021,CH,Switzerland,EURO,0,689924,0,10196
01-01-2021,SY,Syrian Arab Republic,EMRO,90,11434,7,711
02-01-2021,SY,Syrian Arab Republic,EMRO,92,11526,6,717
03-01-2021,SY,Syrian Arab Republic,EMRO,90,11616,6,723
04-01-2021,SY,Syrian Arab Republic,EMRO,94,11710,6,729
05-01-2021,SY,Syrian Arab Republic,EMRO,89,11799,5,734
06-01-2021,SY,Syrian Arab Republic,EMRO,91,11890,7,741
07-01-2021,SY,Syrian Arab Republic,EMRO,98,11988,6,747
08-01-2021,SY,Syrian Arab Republic,EMRO,96,12084,8,755
09-01-2021,SY,Syrian Arab Republic,EMRO,95,12179,8,763
10-01-2021,SY,Syrian Arab Republic,EMRO,95,12274,5,768
11-01-2021,SY,Syrian Arab Republic,EMRO,90,12364,6,774
12-01-2021,SY,Syrian Arab Republic,EMRO,98,12462,7,781
13-01-2021,SY,Syrian Arab Republic,EMRO,96,12558,9,790
14-01-2021,SY,Syrian Arab Republic,EMRO,102,12660,9,799
15-01-2021,SY,Syrian Arab Republic,EMRO,100,12760,10,809
16-01-2021,SY,Syrian Arab Republic,EMRO,90,12850,8,817
17-01-2021,SY,Syrian Arab Republic,EMRO,92,12942,7,824
18-01-2021,SY,Syrian Arab Republic,EMRO,94,13036,8,832
19-01-2021,SY,Syrian Arab Republic,EMRO,96,13132,9,841
20-01-2021,SY,Syrian Arab Republic,EMRO,92,13224,9,850
21-01-2021,SY,Syrian Arab Republic,EMRO,89,13313,8,858
22-01-2021,SY,Syrian Arab Republic,EMRO,85,13398,8,866
23-01-2021,SY,Syrian Arab Republic,EMRO,81,13479,7,873
24-01-2021,SY,Syrian Arab Republic,EMRO,78,13557,6,879
25-01-2021,SY,Syrian Arab Republic,EMRO,71,13628,6,885
26-01-2021,SY,Syrian Arab Republic,EMRO,69,13697,5,890
27-01-2021,SY,Syrian Arab Republic,EMRO,65,13762,5,895
28-01-2021,SY,Syrian Arab Republic,EMRO,61,13823,5,900
29-01-2021,SY,Syrian Arab Republic,EMRO,62,13885,6,906
30-01-2021,SY,Syrian Arab Republic,EMRO,59,13944,5,911
31-01-2021,SY,Syrian Arab Republic,EMRO,54,13998,5,916
01-02-2021,SY,Syrian Arab Republic,EMRO,50,14048,5,921
02-02-2021,SY,Syrian Arab Republic,EMRO,48,14096,5,926
03-02-2021,SY,Syrian Arab Republic,EMRO,46,14142,3,929
04-02-2021,SY,Syrian Arab Republic,EMRO,60,14202,4,933
05-02-2021,SY,Syrian Arab Republic,EMRO,65,14267,5,938
06-02-2021,SY,Syrian Arab Republic,EMRO,71,14338,5,943
07-02-2021,SY,Syrian Arab Republic,EMRO,70,14408,4,947
08-02-2021,SY,Syrian Arab Republic,EMRO,69,14477,5,952
09-02-2021,SY,Syrian Arab Republic,EMRO,74,14551,6,958
10-02-2021,SY,Syrian Arab Republic,EMRO,60,14611,3,961
11-02-2021,SY,Syrian Arab Republic,EMRO,57,14668,4,965
12-02-2021,SY,Syrian Arab Republic,EMRO,56,14724,3,968
13-02-2021,SY,Syrian Arab Republic,EMRO,41,14765,3,971
14-02-2021,SY,Syrian Arab Republic,EMRO,55,14820,4,975
15-02-2021,SY,Syrian Arab Republic,EMRO,43,14863,3,978
16-02-2021,SY,Syrian Arab Republic,EMRO,43,14906,3,981
17-02-2021,SY,Syrian Arab Republic,EMRO,45,14951,3,984
18-02-2021,SY,Syrian Arab Republic,EMRO,50,15001,3,987
19-02-2021,SY,Syrian Arab Republic,EMRO,44,15045,3,990
20-02-2021,SY,Syrian Arab Republic,EMRO,49,15094,4,994
21-02-2021,SY,Syrian Arab Republic,EMRO,49,15143,2,996
22-02-2021,SY,Syrian Arab Republic,EMRO,36,15179,2,998
23-02-2021,SY,Syrian Arab Republic,EMRO,51,15230,3,1001
24-02-2021,SY,Syrian Arab Republic,EMRO,52,15282,3,1004
25-02-2021,SY,Syrian Arab Republic,EMRO,61,15343,4,1008
26-02-2021,SY,Syrian Arab Republic,EMRO,62,15405,6,1014
27-02-2021,SY,Syrian Arab Republic,EMRO,62,15467,4,1018
28-02-2021,SY,Syrian Arab Republic,EMRO,66,15533,5,1023
01-03-2021,SY,Syrian Arab Republic,EMRO,55,15588,4,1027
02-03-2021,SY,Syrian Arab Republic,EMRO,54,15642,5,1032
03-03-2021,SY,Syrian Arab Republic,EMRO,54,15696,7,1039
04-03-2021,SY,Syrian Arab Republic,EMRO,57,15753,6,1045
05-03-2021,SY,Syrian Arab Republic,EMRO,62,15815,5,1050
06-03-2021,SY,Syrian Arab Republic,EMRO,55,15870,4,1054
07-03-2021,SY,Syrian Arab Republic,EMRO,55,15925,4,1058
08-03-2021,SY,Syrian Arab Republic,EMRO,56,15981,5,1063
09-03-2021,SY,Syrian Arab Republic,EMRO,61,16042,5,1068
10-03-2021,SY,Syrian Arab Republic,EMRO,75,16117,6,1074
11-03-2021,SY,Syrian Arab Republic,EMRO,70,16187,5,1079
12-03-2021,SY,Syrian Arab Republic,EMRO,70,16257,6,1085
13-03-2021,SY,Syrian Arab Republic,EMRO,71,16328,5,1090
14-03-2021,SY,Syrian Arab Republic,EMRO,73,16401,4,1094
15-03-2021,SY,Syrian Arab Republic,EMRO,77,16478,5,1099
16-03-2021,SY,Syrian Arab Republic,EMRO,78,16556,5,1104
17-03-2021,SY,Syrian Arab Republic,EMRO,100,16656,6,1110
18-03-2021,SY,Syrian Arab Republic,EMRO,120,16776,10,1120
19-03-2021,SY,Syrian Arab Republic,EMRO,149,16925,10,1130
20-03-2021,SY,Syrian Arab Republic,EMRO,152,17077,11,1141
21-03-2021,SY,Syrian Arab Republic,EMRO,163,17240,12,1153
22-03-2021,SY,Syrian Arab Republic,EMRO,171,17411,10,1163
23-03-2021,SY,Syrian Arab Republic,EMRO,172,17583,12,1175
24-03-2021,SY,Syrian Arab Republic,EMRO,160,17743,8,1183
25-03-2021,SY,Syrian Arab Republic,EMRO,153,17896,12,1195
26-03-2021,SY,Syrian Arab Republic,EMRO,150,18046,11,1206
27-03-2021,SY,Syrian Arab Republic,EMRO,155,18201,10,1216
28-03-2021,SY,Syrian Arab Republic,EMRO,155,18356,11,1227
29-03-2021,SY,Syrian Arab Republic,EMRO,142,18498,12,1239
30-03-2021,SY,Syrian Arab Republic,EMRO,140,18638,8,1247
31-03-2021,SY,Syrian Arab Republic,EMRO,137,18775,7,1254
01-04-2021,SY,Syrian Arab Republic,EMRO,134,18909,11,1265
02-04-2021,SY,Syrian Arab Republic,EMRO,130,19039,9,1274
03-04-2021,SY,Syrian Arab Republic,EMRO,125,19164,14,1288
04-04-2021,SY,Syrian Arab Republic,EMRO,120,19284,11,1299
05-04-2021,SY,Syrian Arab Republic,EMRO,120,19404,14,1313
06-04-2021,SY,Syrian Arab Republic,EMRO,122,19526,10,1323
07-04-2021,SY,Syrian Arab Republic,EMRO,115,19641,9,1332
08-04-2021,SY,Syrian Arab Republic,EMRO,120,19761,10,1342
09-04-2021,SY,Syrian Arab Republic,EMRO,122,19883,10,1352
10-04-2021,SY,Syrian Arab Republic,EMRO,125,20008,8,1360
11-04-2021,SY,Syrian Arab Republic,EMRO,110,20118,8,1368
12-04-2021,SY,Syrian Arab Republic,EMRO,108,20226,10,1378
13-04-2021,SY,Syrian Arab Republic,EMRO,105,20331,7,1385
14-04-2021,SY,Syrian Arab Republic,EMRO,104,20435,7,1392
15-04-2021,SY,Syrian Arab Republic,EMRO,120,20555,10,1402
16-04-2021,SY,Syrian Arab Republic,EMRO,158,20713,12,1414
17-04-2021,SY,Syrian Arab Republic,EMRO,143,20856,9,1423
18-04-2021,SY,Syrian Arab Republic,EMRO,148,21004,14,1437
19-04-2021,SY,Syrian Arab Republic,EMRO,138,21142,9,1446
20-04-2021,SY,Syrian Arab Republic,EMRO,137,21279,10,1456
21-04-2021,SY,Syrian Arab Republic,EMRO,154,21433,12,1468
22-04-2021,SY,Syrian Arab Republic,EMRO,151,21584,15,1483
23-04-2021,SY,Syrian Arab Republic,EMRO,141,21725,13,1496
24-04-2021,SY,Syrian Arab Republic,EMRO,139,21864,14,1510
25-04-2021,SY,Syrian Arab Republic,EMRO,135,21999,16,1526
26-04-2021,SY,Syrian Arab Republic,EMRO,136,22135,11,1537
27-04-2021,SY,Syrian Arab Republic,EMRO,130,22265,11,1548
28-04-2021,SY,Syrian Arab Republic,EMRO,124,22389,11,1559
29-04-2021,SY,Syrian Arab Republic,EMRO,124,22513,13,1572
30-04-2021,SY,Syrian Arab Republic,EMRO,118,22631,11,1583
01-05-2021,SY,Syrian Arab Republic,EMRO,102,22733,9,1592
02-05-2021,SY,Syrian Arab Republic,EMRO,85,22818,6,1598
03-05-2021,SY,Syrian Arab Republic,EMRO,80,22898,5,1603
04-05-2021,SY,Syrian Arab Republic,EMRO,79,22977,7,1610
05-05-2021,SY,Syrian Arab Republic,EMRO,74,23051,7,1617
06-05-2021,SY,Syrian Arab Republic,EMRO,70,23121,8,1625
07-05-2021,SY,Syrian Arab Republic,EMRO,70,23191,6,1631
08-05-2021,SY,Syrian Arab Republic,EMRO,65,23256,8,1639
09-05-2021,SY,Syrian Arab Republic,EMRO,63,23319,9,1648
10-05-2021,SY,Syrian Arab Republic,EMRO,60,23379,9,1657
11-05-2021,SY,Syrian Arab Republic,EMRO,60,23439,7,1664
12-05-2021,SY,Syrian Arab Republic,EMRO,51,23490,6,1670
13-05-2021,SY,Syrian Arab Republic,EMRO,53,23543,6,1676
14-05-2021,SY,Syrian Arab Republic,EMRO,52,23595,6,1682
15-05-2021,SY,Syrian Arab Republic,EMRO,50,23645,6,1688
16-05-2021,SY,Syrian Arab Republic,EMRO,48,23693,5,1693
17-05-2021,SY,Syrian Arab Republic,EMRO,45,23738,5,1698
18-05-2021,SY,Syrian Arab Republic,EMRO,50,23788,7,1705
19-05-2021,SY,Syrian Arab Republic,EMRO,42,23830,5,1710
20-05-2021,SY,Syrian Arab Republic,EMRO,54,23884,4,1714
21-05-2021,SY,Syrian Arab Republic,EMRO,55,23939,6,1720
22-05-2021,SY,Syrian Arab Republic,EMRO,57,23996,4,1724
23-05-2021,SY,Syrian Arab Republic,EMRO,56,24052,5,1729
24-05-2021,SY,Syrian Arab Republic,EMRO,65,24117,5,1734
25-05-2021,SY,Syrian Arab Republic,EMRO,70,24187,6,1740
26-05-2021,SY,Syrian Arab Republic,EMRO,65,24252,5,1745
27-05-2021,SY,Syrian Arab Republic,EMRO,63,24315,5,1750
28-05-2021,SY,Syrian Arab Republic,EMRO,50,24365,4,1754
29-05-2021,SY,Syrian Arab Republic,EMRO,45,24410,4,1758
30-05-2021,SY,Syrian Arab Republic,EMRO,30,24440,5,1763
01-01-2021,TJ,Tajikistan,EURO,0,13665,0,90
02-01-2021,TJ,Tajikistan,EURO,6,13671,1,91
03-01-2021,TJ,Tajikistan,EURO,3,13674,0,91
04-01-2021,TJ,Tajikistan,EURO,2,13676,0,91
05-01-2021,TJ,Tajikistan,EURO,10,13686,0,91
06-01-2021,TJ,Tajikistan,EURO,9,13695,0,91
07-01-2021,TJ,Tajikistan,EURO,6,13701,0,91
08-01-2021,TJ,Tajikistan,EURO,4,13705,0,91
09-01-2021,TJ,Tajikistan,EURO,1,13706,0,91
10-01-2021,TJ,Tajikistan,EURO,1,13707,0,91
11-01-2021,TJ,Tajikistan,EURO,1,13708,0,91
12-01-2021,TJ,Tajikistan,EURO,1,13709,0,91
13-01-2021,TJ,Tajikistan,EURO,1,13710,0,91
14-01-2021,TJ,Tajikistan,EURO,1,13711,0,91
15-01-2021,TJ,Tajikistan,EURO,0,13711,0,91
16-01-2021,TJ,Tajikistan,EURO,0,13711,0,91
17-01-2021,TJ,Tajikistan,EURO,3,13714,0,91
18-01-2021,TJ,Tajikistan,EURO,0,13714,0,91
19-01-2021,TJ,Tajikistan,EURO,0,13714,0,91
20-01-2021,TJ,Tajikistan,EURO,0,13714,0,91
21-01-2021,TJ,Tajikistan,EURO,0,13714,0,91
22-01-2021,TJ,Tajikistan,EURO,0,13714,0,91
23-01-2021,TJ,Tajikistan,EURO,0,13714,0,91
24-01-2021,TJ,Tajikistan,EURO,0,13714,0,91
25-01-2021,TJ,Tajikistan,EURO,0,13714,0,91
26-01-2021,TJ,Tajikistan,EURO,0,13714,0,91
27-01-2021,TJ,Tajikistan,EURO,0,13714,0,91
28-01-2021,TJ,Tajikistan,EURO,0,13714,0,91
29-01-2021,TJ,Tajikistan,EURO,0,13714,0,91
30-01-2021,TJ,Tajikistan,EURO,0,13714,0,91
31-01-2021,TJ,Tajikistan,EURO,0,13714,0,91
01-02-2021,TJ,Tajikistan,EURO,0,13714,0,91
02-02-2021,TJ,Tajikistan,EURO,0,13714,0,91
03-02-2021,TJ,Tajikistan,EURO,0,13714,0,91
04-02-2021,TJ,Tajikistan,EURO,0,13714,0,91
05-02-2021,TJ,Tajikistan,EURO,0,13714,0,91
06-02-2021,TJ,Tajikistan,EURO,0,13714,0,91
07-02-2021,TJ,Tajikistan,EURO,0,13714,0,91
08-02-2021,TJ,Tajikistan,EURO,0,13714,0,91
09-02-2021,TJ,Tajikistan,EURO,0,13714,0,91
10-02-2021,TJ,Tajikistan,EURO,0,13714,0,91
11-02-2021,TJ,Tajikistan,EURO,0,13714,0,91
12-02-2021,TJ,Tajikistan,EURO,0,13714,0,91
13-02-2021,TJ,Tajikistan,EURO,0,13714,0,91
14-02-2021,TJ,Tajikistan,EURO,0,13714,0,91
15-02-2021,TJ,Tajikistan,EURO,0,13714,0,91
16-02-2021,TJ,Tajikistan,EURO,0,13714,0,91
17-02-2021,TJ,Tajikistan,EURO,0,13714,0,91
18-02-2021,TJ,Tajikistan,EURO,0,13714,0,91
19-02-2021,TJ,Tajikistan,EURO,0,13714,0,91
20-02-2021,TJ,Tajikistan,EURO,0,13714,0,91
21-02-2021,TJ,Tajikistan,EURO,0,13714,0,91
22-02-2021,TJ,Tajikistan,EURO,0,13714,0,91
23-02-2021,TJ,Tajikistan,EURO,0,13714,0,91
24-02-2021,TJ,Tajikistan,EURO,0,13714,0,91
25-02-2021,TJ,Tajikistan,EURO,0,13714,0,91
26-02-2021,TJ,Tajikistan,EURO,0,13714,0,91
27-02-2021,TJ,Tajikistan,EURO,0,13714,0,91
28-02-2021,TJ,Tajikistan,EURO,0,13714,0,91
01-03-2021,TJ,Tajikistan,EURO,0,13714,0,91
02-03-2021,TJ,Tajikistan,EURO,0,13714,0,91
03-03-2021,TJ,Tajikistan,EURO,0,13714,0,91
04-03-2021,TJ,Tajikistan,EURO,0,13714,0,91
05-03-2021,TJ,Tajikistan,EURO,0,13714,0,91
06-03-2021,TJ,Tajikistan,EURO,0,13714,0,91
07-03-2021,TJ,Tajikistan,EURO,0,13714,0,91
08-03-2021,TJ,Tajikistan,EURO,0,13714,0,91
09-03-2021,TJ,Tajikistan,EURO,0,13714,0,91
10-03-2021,TJ,Tajikistan,EURO,0,13714,0,91
11-03-2021,TJ,Tajikistan,EURO,0,13714,0,91
12-03-2021,TJ,Tajikistan,EURO,0,13714,0,91
13-03-2021,TJ,Tajikistan,EURO,0,13714,0,91
14-03-2021,TJ,Tajikistan,EURO,0,13714,0,91
15-03-2021,TJ,Tajikistan,EURO,0,13714,0,91
16-03-2021,TJ,Tajikistan,EURO,0,13714,0,91
17-03-2021,TJ,Tajikistan,EURO,0,13714,0,91
18-03-2021,TJ,Tajikistan,EURO,0,13714,0,91
19-03-2021,TJ,Tajikistan,EURO,0,13714,0,91
20-03-2021,TJ,Tajikistan,EURO,0,13714,0,91
21-03-2021,TJ,Tajikistan,EURO,0,13714,0,91
22-03-2021,TJ,Tajikistan,EURO,0,13714,0,91
23-03-2021,TJ,Tajikistan,EURO,0,13714,0,91
24-03-2021,TJ,Tajikistan,EURO,0,13714,0,91
25-03-2021,TJ,Tajikistan,EURO,0,13714,0,91
26-03-2021,TJ,Tajikistan,EURO,0,13714,0,91
27-03-2021,TJ,Tajikistan,EURO,0,13714,0,91
28-03-2021,TJ,Tajikistan,EURO,0,13714,0,91
29-03-2021,TJ,Tajikistan,EURO,0,13714,0,91
30-03-2021,TJ,Tajikistan,EURO,0,13714,0,91
31-03-2021,TJ,Tajikistan,EURO,0,13714,0,91
01-04-2021,TJ,Tajikistan,EURO,0,13714,0,91
02-04-2021,TJ,Tajikistan,EURO,0,13714,0,91
03-04-2021,TJ,Tajikistan,EURO,0,13714,0,91
04-04-2021,TJ,Tajikistan,EURO,0,13714,0,91
05-04-2021,TJ,Tajikistan,EURO,0,13714,0,91
06-04-2021,TJ,Tajikistan,EURO,0,13714,0,91
07-04-2021,TJ,Tajikistan,EURO,0,13714,0,91
08-04-2021,TJ,Tajikistan,EURO,0,13714,0,91
09-04-2021,TJ,Tajikistan,EURO,0,13714,0,91
10-04-2021,TJ,Tajikistan,EURO,0,13714,0,91
11-04-2021,TJ,Tajikistan,EURO,0,13714,0,91
12-04-2021,TJ,Tajikistan,EURO,0,13714,0,91
13-04-2021,TJ,Tajikistan,EURO,0,13714,0,91
14-04-2021,TJ,Tajikistan,EURO,0,13714,0,91
15-04-2021,TJ,Tajikistan,EURO,0,13714,0,91
16-04-2021,TJ,Tajikistan,EURO,0,13714,0,91
17-04-2021,TJ,Tajikistan,EURO,0,13714,0,91
18-04-2021,TJ,Tajikistan,EURO,0,13714,0,91
19-04-2021,TJ,Tajikistan,EURO,0,13714,0,91
20-04-2021,TJ,Tajikistan,EURO,0,13714,0,91
21-04-2021,TJ,Tajikistan,EURO,0,13714,0,91
22-04-2021,TJ,Tajikistan,EURO,0,13714,0,91
23-04-2021,TJ,Tajikistan,EURO,0,13714,0,91
24-04-2021,TJ,Tajikistan,EURO,0,13714,0,91
25-04-2021,TJ,Tajikistan,EURO,0,13714,0,91
26-04-2021,TJ,Tajikistan,EURO,0,13714,0,91
27-04-2021,TJ,Tajikistan,EURO,0,13714,0,91
28-04-2021,TJ,Tajikistan,EURO,0,13714,0,91
29-04-2021,TJ,Tajikistan,EURO,0,13714,0,91
30-04-2021,TJ,Tajikistan,EURO,0,13714,0,91
01-05-2021,TJ,Tajikistan,EURO,0,13714,0,91
02-05-2021,TJ,Tajikistan,EURO,0,13714,0,91
03-05-2021,TJ,Tajikistan,EURO,0,13714,0,91
04-05-2021,TJ,Tajikistan,EURO,0,13714,0,91
05-05-2021,TJ,Tajikistan,EURO,0,13714,0,91
06-05-2021,TJ,Tajikistan,EURO,0,13714,0,91
07-05-2021,TJ,Tajikistan,EURO,0,13714,0,91
08-05-2021,TJ,Tajikistan,EURO,0,13714,0,91
09-05-2021,TJ,Tajikistan,EURO,0,13714,0,91
10-05-2021,TJ,Tajikistan,EURO,0,13714,0,91
11-05-2021,TJ,Tajikistan,EURO,0,13714,0,91
12-05-2021,TJ,Tajikistan,EURO,0,13714,0,91
13-05-2021,TJ,Tajikistan,EURO,0,13714,0,91
14-05-2021,TJ,Tajikistan,EURO,0,13714,0,91
15-05-2021,TJ,Tajikistan,EURO,0,13714,0,91
16-05-2021,TJ,Tajikistan,EURO,0,13714,0,91
17-05-2021,TJ,Tajikistan,EURO,0,13714,0,91
18-05-2021,TJ,Tajikistan,EURO,0,13714,0,91
19-05-2021,TJ,Tajikistan,EURO,0,13714,0,91
20-05-2021,TJ,Tajikistan,EURO,0,13714,0,91
21-05-2021,TJ,Tajikistan,EURO,0,13714,0,91
22-05-2021,TJ,Tajikistan,EURO,0,13714,0,91
23-05-2021,TJ,Tajikistan,EURO,0,13714,0,91
24-05-2021,TJ,Tajikistan,EURO,0,13714,0,91
25-05-2021,TJ,Tajikistan,EURO,0,13714,0,91
26-05-2021,TJ,Tajikistan,EURO,0,13714,0,91
27-05-2021,TJ,Tajikistan,EURO,0,13714,0,91
28-05-2021,TJ,Tajikistan,EURO,0,13714,0,91
29-05-2021,TJ,Tajikistan,EURO,0,13714,0,91
30-05-2021,TJ,Tajikistan,EURO,0,13714,0,91
01-01-2021,TH,Thailand,SEARO,194,6884,0,61
02-01-2021,TH,Thailand,SEARO,279,7163,2,63
03-01-2021,TH,Thailand,SEARO,216,7379,1,64
04-01-2021,TH,Thailand,SEARO,1060,8439,1,65
05-01-2021,TH,Thailand,SEARO,527,8966,0,65
06-01-2021,TH,Thailand,SEARO,365,9331,1,66
07-01-2021,TH,Thailand,SEARO,305,9636,1,67
08-01-2021,TH,Thailand,SEARO,205,9841,0,67
09-01-2021,TH,Thailand,SEARO,0,9841,0,67
10-01-2021,TH,Thailand,SEARO,457,10298,0,67
11-01-2021,TH,Thailand,SEARO,249,10547,0,67
12-01-2021,TH,Thailand,SEARO,287,10834,0,67
13-01-2021,TH,Thailand,SEARO,157,10991,0,67
14-01-2021,TH,Thailand,SEARO,271,11262,2,69
15-01-2021,TH,Thailand,SEARO,188,11450,0,69
16-01-2021,TH,Thailand,SEARO,230,11680,1,70
17-01-2021,TH,Thailand,SEARO,374,12054,0,70
18-01-2021,TH,Thailand,SEARO,369,12423,0,70
19-01-2021,TH,Thailand,SEARO,171,12594,0,70
20-01-2021,TH,Thailand,SEARO,59,12653,1,71
21-01-2021,TH,Thailand,SEARO,142,12795,0,71
22-01-2021,TH,Thailand,SEARO,309,13104,0,71
23-01-2021,TH,Thailand,SEARO,198,13302,1,72
24-01-2021,TH,Thailand,SEARO,198,13500,1,73
25-01-2021,TH,Thailand,SEARO,187,13687,2,75
26-01-2021,TH,Thailand,SEARO,959,14646,0,75
27-01-2021,TH,Thailand,SEARO,819,15465,1,76
28-01-2021,TH,Thailand,SEARO,756,16221,0,76
29-01-2021,TH,Thailand,SEARO,802,17023,0,76
30-01-2021,TH,Thailand,SEARO,930,17953,1,77
31-01-2021,TH,Thailand,SEARO,829,18782,0,77
01-02-2021,TH,Thailand,SEARO,836,19618,0,77
02-02-2021,TH,Thailand,SEARO,836,20454,2,79
03-02-2021,TH,Thailand,SEARO,795,21249,0,79
04-02-2021,TH,Thailand,SEARO,809,22058,0,79
05-02-2021,TH,Thailand,SEARO,586,22644,0,79
06-02-2021,TH,Thailand,SEARO,490,23134,0,79
07-02-2021,TH,Thailand,SEARO,237,23371,0,79
08-02-2021,TH,Thailand,SEARO,186,23557,0,79
09-02-2021,TH,Thailand,SEARO,189,23746,0,79
10-02-2021,TH,Thailand,SEARO,157,23903,1,80
11-02-2021,TH,Thailand,SEARO,201,24104,0,80
12-02-2021,TH,Thailand,SEARO,175,24279,0,80
13-02-2021,TH,Thailand,SEARO,126,24405,0,80
14-02-2021,TH,Thailand,SEARO,166,24571,0,80
15-02-2021,TH,Thailand,SEARO,143,24714,2,82
16-02-2021,TH,Thailand,SEARO,72,24786,0,82
17-02-2021,TH,Thailand,SEARO,175,24961,0,82
18-02-2021,TH,Thailand,SEARO,150,25111,0,82
19-02-2021,TH,Thailand,SEARO,130,25241,1,83
20-02-2021,TH,Thailand,SEARO,82,25323,0,83
21-02-2021,TH,Thailand,SEARO,92,25415,0,83
22-02-2021,TH,Thailand,SEARO,89,25504,0,83
23-02-2021,TH,Thailand,SEARO,95,25599,0,83
24-02-2021,TH,Thailand,SEARO,93,25692,0,83
25-02-2021,TH,Thailand,SEARO,72,25764,0,83
26-02-2021,TH,Thailand,SEARO,45,25809,0,83
27-02-2021,TH,Thailand,SEARO,72,25881,0,83
28-02-2021,TH,Thailand,SEARO,70,25951,0,83
01-03-2021,TH,Thailand,SEARO,80,26031,0,83
02-03-2021,TH,Thailand,SEARO,42,26073,1,84
03-03-2021,TH,Thailand,SEARO,35,26108,0,84
04-03-2021,TH,Thailand,SEARO,54,26162,1,85
05-03-2021,TH,Thailand,SEARO,79,26241,0,85
06-03-2021,TH,Thailand,SEARO,64,26305,0,85
07-03-2021,TH,Thailand,SEARO,65,26370,0,85
08-03-2021,TH,Thailand,SEARO,71,26441,0,85
09-03-2021,TH,Thailand,SEARO,60,26501,0,85
10-03-2021,TH,Thailand,SEARO,39,26540,0,85
11-03-2021,TH,Thailand,SEARO,58,26598,0,85
12-03-2021,TH,Thailand,SEARO,81,26679,0,85
13-03-2021,TH,Thailand,SEARO,78,26757,1,86
14-03-2021,TH,Thailand,SEARO,170,26927,0,86
15-03-2021,TH,Thailand,SEARO,78,27005,1,87
16-03-2021,TH,Thailand,SEARO,149,27154,0,87
17-03-2021,TH,Thailand,SEARO,248,27402,1,88
18-03-2021,TH,Thailand,SEARO,92,27494,1,89
19-03-2021,TH,Thailand,SEARO,100,27594,1,90
20-03-2021,TH,Thailand,SEARO,119,27713,0,90
21-03-2021,TH,Thailand,SEARO,90,27803,0,90
22-03-2021,TH,Thailand,SEARO,73,27876,1,91
23-03-2021,TH,Thailand,SEARO,401,28277,1,92
24-03-2021,TH,Thailand,SEARO,69,28346,0,92
25-03-2021,TH,Thailand,SEARO,97,28443,0,92
26-03-2021,TH,Thailand,SEARO,134,28577,0,92
27-03-2021,TH,Thailand,SEARO,80,28657,1,93
28-03-2021,TH,Thailand,SEARO,77,28734,1,94
29-03-2021,TH,Thailand,SEARO,39,28773,0,94
30-03-2021,TH,Thailand,SEARO,0,28773,0,94
31-03-2021,TH,Thailand,SEARO,90,28863,0,94
01-04-2021,TH,Thailand,SEARO,0,28863,0,94
02-04-2021,TH,Thailand,SEARO,84,28947,0,94
03-04-2021,TH,Thailand,SEARO,84,29031,1,95
04-04-2021,TH,Thailand,SEARO,96,29127,0,95
05-04-2021,TH,Thailand,SEARO,194,29321,0,95
06-04-2021,TH,Thailand,SEARO,250,29571,0,95
07-04-2021,TH,Thailand,SEARO,334,29905,0,95
08-04-2021,TH,Thailand,SEARO,405,30310,0,95
09-04-2021,TH,Thailand,SEARO,559,30869,1,96
10-04-2021,TH,Thailand,SEARO,789,31658,1,97
11-04-2021,TH,Thailand,SEARO,967,32625,0,97
12-04-2021,TH,Thailand,SEARO,985,33610,0,97
13-04-2021,TH,Thailand,SEARO,965,34575,0,97
14-04-2021,TH,Thailand,SEARO,1335,35910,0,97
15-04-2021,TH,Thailand,SEARO,1543,37453,0,97
16-04-2021,TH,Thailand,SEARO,1585,39038,0,97
17-04-2021,TH,Thailand,SEARO,1547,40585,2,99
18-04-2021,TH,Thailand,SEARO,1767,42352,2,101
19-04-2021,TH,Thailand,SEARO,1390,43742,3,104
20-04-2021,TH,Thailand,SEARO,1443,45185,4,108
21-04-2021,TH,Thailand,SEARO,1458,46643,2,110
22-04-2021,TH,Thailand,SEARO,1470,48113,7,117
23-04-2021,TH,Thailand,SEARO,2070,50183,4,121
24-04-2021,TH,Thailand,SEARO,2839,53022,8,129
25-04-2021,TH,Thailand,SEARO,2438,55460,11,140
26-04-2021,TH,Thailand,SEARO,2048,57508,8,148
27-04-2021,TH,Thailand,SEARO,2179,59687,15,163
28-04-2021,TH,Thailand,SEARO,2012,61699,15,178
29-04-2021,TH,Thailand,SEARO,1871,63570,10,188
30-04-2021,TH,Thailand,SEARO,1583,65153,15,203
01-05-2021,TH,Thailand,SEARO,1891,67044,21,224
02-05-2021,TH,Thailand,SEARO,1940,68984,21,245
03-05-2021,TH,Thailand,SEARO,2041,71025,31,276
04-05-2021,TH,Thailand,SEARO,1763,72788,27,303
05-05-2021,TH,Thailand,SEARO,2112,74900,15,318
06-05-2021,TH,Thailand,SEARO,1911,76811,18,336
07-05-2021,TH,Thailand,SEARO,2044,78855,27,363
08-05-2021,TH,Thailand,SEARO,2419,81274,19,382
09-05-2021,TH,Thailand,SEARO,2101,83375,17,399
10-05-2021,TH,Thailand,SEARO,1630,85005,22,421
11-05-2021,TH,Thailand,SEARO,1919,86924,31,452
12-05-2021,TH,Thailand,SEARO,1983,88907,34,486
13-05-2021,TH,Thailand,SEARO,4887,93794,32,518
14-05-2021,TH,Thailand,SEARO,2256,96050,30,548
15-05-2021,TH,Thailand,SEARO,3095,99145,17,565
16-05-2021,TH,Thailand,SEARO,2302,101447,24,589
17-05-2021,TH,Thailand,SEARO,9635,111082,25,614
18-05-2021,TH,Thailand,SEARO,2473,113555,35,649
19-05-2021,TH,Thailand,SEARO,3394,116949,29,678
20-05-2021,TH,Thailand,SEARO,2636,119585,25,703
21-05-2021,TH,Thailand,SEARO,3481,123066,32,735
22-05-2021,TH,Thailand,SEARO,3052,126118,24,759
23-05-2021,TH,Thailand,SEARO,3382,129500,17,776
24-05-2021,TH,Thailand,SEARO,2713,132213,30,806
25-05-2021,TH,Thailand,SEARO,3226,135439,26,832
26-05-2021,TH,Thailand,SEARO,2455,137894,41,873
27-05-2021,TH,Thailand,SEARO,3323,141217,47,920
28-05-2021,TH,Thailand,SEARO,3759,144976,34,954
29-05-2021,TH,Thailand,SEARO,4803,149779,34,988
30-05-2021,TH,Thailand,SEARO,4528,154307,24,1012
01-01-2021,GB,The United Kingdom,EURO,70797,2603398,964,73512
02-01-2021,GB,The United Kingdom,EURO,52783,2656181,613,74125
03-01-2021,GB,The United Kingdom,EURO,31840,2688021,445,74570
04-01-2021,GB,The United Kingdom,EURO,60392,2748413,454,75024
05-01-2021,GB,The United Kingdom,EURO,55175,2803588,407,75431
06-01-2021,GB,The United Kingdom,EURO,76158,2879746,874,76305
07-01-2021,GB,The United Kingdom,EURO,65092,2944838,1041,77346
08-01-2021,GB,The United Kingdom,EURO,57380,3002218,1162,78508
09-01-2021,GB,The United Kingdom,EURO,51927,3054145,1325,79833
10-01-2021,GB,The United Kingdom,EURO,46999,3101144,1035,80868
11-01-2021,GB,The United Kingdom,EURO,39080,3140224,563,81431
12-01-2021,GB,The United Kingdom,EURO,36340,3176564,529,81960
13-01-2021,GB,The United Kingdom,EURO,57100,3233664,1243,83203
14-01-2021,GB,The United Kingdom,EURO,49366,3283030,1564,84767
15-01-2021,GB,The United Kingdom,EURO,45375,3328405,1248,86015
16-01-2021,GB,The United Kingdom,EURO,42361,3370766,1280,87295
17-01-2021,GB,The United Kingdom,EURO,40395,3411161,1295,88590
18-01-2021,GB,The United Kingdom,EURO,30521,3441682,671,89261
19-01-2021,GB,The United Kingdom,EURO,28835,3470517,599,89860
20-01-2021,GB,The United Kingdom,EURO,44762,3515279,1610,91470
21-01-2021,GB,The United Kingdom,EURO,39463,3554742,1820,93290
22-01-2021,GB,The United Kingdom,EURO,35084,3589826,1290,94580
23-01-2021,GB,The United Kingdom,EURO,31656,3621482,1401,95981
24-01-2021,GB,The United Kingdom,EURO,29524,3651006,1348,97329
25-01-2021,GB,The United Kingdom,EURO,21826,3672832,610,97939
26-01-2021,GB,The United Kingdom,EURO,17167,3689999,592,98531
27-01-2021,GB,The United Kingdom,EURO,29892,3719891,1631,100162
28-01-2021,GB,The United Kingdom,EURO,26960,3746851,1725,101887
29-01-2021,GB,The United Kingdom,EURO,25669,3772520,1239,103126
30-01-2021,GB,The United Kingdom,EURO,24135,3796655,1223,104349
31-01-2021,GB,The United Kingdom,EURO,21768,3818423,1222,105571
01-02-2021,GB,The United Kingdom,EURO,16659,3835082,587,106158
02-02-2021,GB,The United Kingdom,EURO,15367,3850449,406,106564
03-02-2021,GB,The United Kingdom,EURO,22328,3872777,1449,108013
04-02-2021,GB,The United Kingdom,EURO,19757,3892534,1322,109335
05-02-2021,GB,The United Kingdom,EURO,19387,3911921,915,110250
06-02-2021,GB,The United Kingdom,EURO,17951,3929872,1014,111264
07-02-2021,GB,The United Kingdom,EURO,15838,3945710,828,112092
08-02-2021,GB,The United Kingdom,EURO,11946,3957656,373,112465
09-02-2021,GB,The United Kingdom,EURO,11355,3969011,333,112798
10-02-2021,GB,The United Kingdom,EURO,15682,3984693,1052,113850
11-02-2021,GB,The United Kingdom,EURO,13792,3998485,1001,114851
12-02-2021,GB,The United Kingdom,EURO,13476,4011961,678,115529
13-02-2021,GB,The United Kingdom,EURO,12732,4024693,758,116287
14-02-2021,GB,The United Kingdom,EURO,12145,4036838,621,116908
15-02-2021,GB,The United Kingdom,EURO,8751,4045589,258,117166
16-02-2021,GB,The United Kingdom,EURO,8752,4054341,230,117396
17-02-2021,GB,The United Kingdom,EURO,14241,4068582,799,118195
18-02-2021,GB,The United Kingdom,EURO,12467,4081049,738,118933
19-02-2021,GB,The United Kingdom,EURO,11555,4092604,454,119387
20-02-2021,GB,The United Kingdom,EURO,11391,4103995,533,119920
21-02-2021,GB,The United Kingdom,EURO,10376,4114371,445,120365
22-02-2021,GB,The United Kingdom,EURO,8050,4122421,215,120580
23-02-2021,GB,The United Kingdom,EURO,7866,4130287,177,120757
24-02-2021,GB,The United Kingdom,EURO,11230,4141517,548,121305
25-02-2021,GB,The United Kingdom,EURO,9376,4150893,442,121747
26-02-2021,GB,The United Kingdom,EURO,8526,4159419,323,122070
27-02-2021,GB,The United Kingdom,EURO,7705,4167124,345,122415
28-02-2021,GB,The United Kingdom,EURO,6567,4173691,290,122705
01-03-2021,GB,The United Kingdom,EURO,4814,4178505,144,122849
02-03-2021,GB,The United Kingdom,EURO,4710,4183215,104,122953
03-03-2021,GB,The United Kingdom,EURO,6866,4190081,343,123296
04-03-2021,GB,The United Kingdom,EURO,6648,4196729,487,123783
05-03-2021,GB,The United Kingdom,EURO,5963,4202692,242,124025
06-03-2021,GB,The United Kingdom,EURO,5719,4208411,236,124261
07-03-2021,GB,The United Kingdom,EURO,5294,4213705,158,124419
08-03-2021,GB,The United Kingdom,EURO,4485,4218190,82,124501
09-03-2021,GB,The United Kingdom,EURO,4267,4222457,65,124566
10-03-2021,GB,The United Kingdom,EURO,6626,4229083,231,124797
11-03-2021,GB,The United Kingdom,EURO,6213,4235296,190,124987
12-03-2021,GB,The United Kingdom,EURO,6013,4241309,181,125168
13-03-2021,GB,The United Kingdom,EURO,5759,4247068,175,125343
14-03-2021,GB,The United Kingdom,EURO,5582,4252650,121,125464
15-03-2021,GB,The United Kingdom,EURO,4243,4256893,52,125516
16-03-2021,GB,The United Kingdom,EURO,4284,4261177,64,125580
17-03-2021,GB,The United Kingdom,EURO,6483,4267660,110,125690
18-03-2021,GB,The United Kingdom,EURO,5662,4273322,141,125831
19-03-2021,GB,The United Kingdom,EURO,5767,4279089,95,125926
20-03-2021,GB,The United Kingdom,EURO,5458,4284547,100,126026
21-03-2021,GB,The United Kingdom,EURO,4980,4289527,96,126122
22-03-2021,GB,The United Kingdom,EURO,4086,4293613,33,126155
23-03-2021,GB,The United Kingdom,EURO,5219,4298832,17,126172
24-03-2021,GB,The United Kingdom,EURO,6171,4305003,112,126284
25-03-2021,GB,The United Kingdom,EURO,5244,4310247,98,126382
26-03-2021,GB,The United Kingdom,EURO,6004,4316251,63,126445
27-03-2021,GB,The United Kingdom,EURO,5386,4321637,70,126515
28-03-2021,GB,The United Kingdom,EURO,4399,4326036,58,126573
29-03-2021,GB,The United Kingdom,EURO,3559,4329595,19,126592
30-03-2021,GB,The United Kingdom,EURO,4795,4334390,23,126615
31-03-2021,GB,The United Kingdom,EURO,3995,4338385,55,126670
01-04-2021,GB,The United Kingdom,EURO,3583,4341968,43,126713
02-04-2021,GB,The United Kingdom,EURO,3743,4345711,51,126764
03-04-2021,GB,The United Kingdom,EURO,3460,4349171,52,126816
04-04-2021,GB,The United Kingdom,EURO,2588,4351759,10,126826
05-04-2021,GB,The United Kingdom,EURO,2338,4354097,10,126836
06-04-2021,GB,The United Kingdom,EURO,2237,4356334,26,126862
07-04-2021,GB,The United Kingdom,EURO,2548,4358882,20,126882
08-04-2021,GB,The United Kingdom,EURO,3011,4361893,45,126927
09-04-2021,GB,The United Kingdom,EURO,2855,4364748,53,126980
10-04-2021,GB,The United Kingdom,EURO,2456,4367204,60,127040
11-04-2021,GB,The United Kingdom,EURO,845,4368049,40,127080
12-04-2021,GB,The United Kingdom,EURO,1730,4369779,7,127087
13-04-2021,GB,The United Kingdom,EURO,3568,4373347,13,127100
14-04-2021,GB,The United Kingdom,EURO,2471,4375818,23,127123
15-04-2021,GB,The United Kingdom,EURO,2491,4378309,38,127161
16-04-2021,GB,The United Kingdom,EURO,2671,4380980,30,127191
17-04-2021,GB,The United Kingdom,EURO,2756,4383736,34,127225
18-04-2021,GB,The United Kingdom,EURO,2206,4385942,35,127260
19-04-2021,GB,The United Kingdom,EURO,1882,4387824,10,127270
20-04-2021,GB,The United Kingdom,EURO,2963,4390787,4,127274
21-04-2021,GB,The United Kingdom,EURO,2524,4393311,33,127307
22-04-2021,GB,The United Kingdom,EURO,2396,4395707,20,127327
23-04-2021,GB,The United Kingdom,EURO,2728,4398435,18,127345
24-04-2021,GB,The United Kingdom,EURO,2678,4401113,40,127385
25-04-2021,GB,The United Kingdom,EURO,2061,4403174,32,127417
26-04-2021,GB,The United Kingdom,EURO,1712,4404886,11,127428
27-04-2021,GB,The United Kingdom,EURO,2064,4406950,6,127434
28-04-2021,GB,The United Kingdom,EURO,2685,4409635,17,127451
29-04-2021,GB,The United Kingdom,EURO,2166,4411801,29,127480
30-04-2021,GB,The United Kingdom,EURO,2445,4414246,22,127502
01-05-2021,GB,The United Kingdom,EURO,2381,4416627,15,127517
02-05-2021,GB,The United Kingdom,EURO,1907,4418534,7,127524
03-05-2021,GB,The United Kingdom,EURO,1671,4420205,14,127538
04-05-2021,GB,The United Kingdom,EURO,1649,4421854,1,127539
05-05-2021,GB,The United Kingdom,EURO,1946,4423800,4,127543
06-05-2021,GB,The United Kingdom,EURO,2144,4425944,27,127570
07-05-2021,GB,The United Kingdom,EURO,2613,4428557,13,127583
08-05-2021,GB,The United Kingdom,EURO,2490,4431047,15,127598
09-05-2021,GB,The United Kingdom,EURO,2047,4433094,5,127603
10-05-2021,GB,The United Kingdom,EURO,1770,4434864,2,127605
11-05-2021,GB,The United Kingdom,EURO,2357,4437221,4,127609
12-05-2021,GB,The United Kingdom,EURO,2474,4439695,20,127629
13-05-2021,GB,The United Kingdom,EURO,2284,4441979,11,127640
14-05-2021,GB,The United Kingdom,EURO,2656,4444635,11,127651
15-05-2021,GB,The United Kingdom,EURO,2193,4446828,17,127668
16-05-2021,GB,The United Kingdom,EURO,1156,4447984,7,127675
17-05-2021,GB,The United Kingdom,EURO,0,4447984,4,127679
18-05-2021,GB,The United Kingdom,EURO,0,4447984,5,127684
19-05-2021,GB,The United Kingdom,EURO,2412,4450396,7,127691
20-05-2021,GB,The United Kingdom,EURO,2135,4452531,3,127694
21-05-2021,GB,The United Kingdom,EURO,2694,4455225,7,127701
22-05-2021,GB,The United Kingdom,EURO,2702,4457927,9,127710
23-05-2021,GB,The United Kingdom,EURO,2523,4460450,6,127716
24-05-2021,GB,The United Kingdom,EURO,2092,4462542,5,127721
25-05-2021,GB,The United Kingdom,EURO,2362,4464904,3,127724
26-05-2021,GB,The United Kingdom,EURO,2410,4467314,15,127739
27-05-2021,GB,The United Kingdom,EURO,2987,4470301,9,127748
28-05-2021,GB,The United Kingdom,EURO,3380,4473681,10,127758
29-05-2021,GB,The United Kingdom,EURO,4028,4477709,10,127768
30-05-2021,GB,The United Kingdom,EURO,3240,4480949,7,127775
01-01-2021,TL,Timor-Leste,SEARO,0,44,0,0
02-01-2021,TL,Timor-Leste,SEARO,0,44,0,0
03-01-2021,TL,Timor-Leste,SEARO,0,44,0,0
04-01-2021,TL,Timor-Leste,SEARO,0,44,0,0
05-01-2021,TL,Timor-Leste,SEARO,0,44,0,0
06-01-2021,TL,Timor-Leste,SEARO,5,49,0,0
07-01-2021,TL,Timor-Leste,SEARO,0,49,0,0
08-01-2021,TL,Timor-Leste,SEARO,0,49,0,0
09-01-2021,TL,Timor-Leste,SEARO,0,49,0,0
10-01-2021,TL,Timor-Leste,SEARO,0,49,0,0
11-01-2021,TL,Timor-Leste,SEARO,0,49,0,0
12-01-2021,TL,Timor-Leste,SEARO,0,49,0,0
13-01-2021,TL,Timor-Leste,SEARO,2,51,0,0
14-01-2021,TL,Timor-Leste,SEARO,0,51,0,0
15-01-2021,TL,Timor-Leste,SEARO,0,51,0,0
16-01-2021,TL,Timor-Leste,SEARO,1,52,0,0
17-01-2021,TL,Timor-Leste,SEARO,0,52,0,0
18-01-2021,TL,Timor-Leste,SEARO,0,52,0,0
19-01-2021,TL,Timor-Leste,SEARO,0,52,0,0
20-01-2021,TL,Timor-Leste,SEARO,0,52,0,0
21-01-2021,TL,Timor-Leste,SEARO,1,53,0,0
22-01-2021,TL,Timor-Leste,SEARO,0,53,0,0
23-01-2021,TL,Timor-Leste,SEARO,11,64,0,0
24-01-2021,TL,Timor-Leste,SEARO,3,67,0,0
25-01-2021,TL,Timor-Leste,SEARO,0,67,0,0
26-01-2021,TL,Timor-Leste,SEARO,0,67,0,0
27-01-2021,TL,Timor-Leste,SEARO,1,68,0,0
28-01-2021,TL,Timor-Leste,SEARO,0,68,0,0
29-01-2021,TL,Timor-Leste,SEARO,1,69,0,0
30-01-2021,TL,Timor-Leste,SEARO,1,70,0,0
31-01-2021,TL,Timor-Leste,SEARO,0,70,0,0
01-02-2021,TL,Timor-Leste,SEARO,0,70,0,0
02-02-2021,TL,Timor-Leste,SEARO,5,75,0,0
03-02-2021,TL,Timor-Leste,SEARO,2,77,0,0
04-02-2021,TL,Timor-Leste,SEARO,3,80,0,0
05-02-2021,TL,Timor-Leste,SEARO,0,80,0,0
06-02-2021,TL,Timor-Leste,SEARO,0,80,0,0
07-02-2021,TL,Timor-Leste,SEARO,0,80,0,0
08-02-2021,TL,Timor-Leste,SEARO,0,80,0,0
09-02-2021,TL,Timor-Leste,SEARO,6,86,0,0
10-02-2021,TL,Timor-Leste,SEARO,0,86,0,0
11-02-2021,TL,Timor-Leste,SEARO,14,100,0,0
12-02-2021,TL,Timor-Leste,SEARO,0,100,0,0
13-02-2021,TL,Timor-Leste,SEARO,1,101,0,0
14-02-2021,TL,Timor-Leste,SEARO,0,101,0,0
15-02-2021,TL,Timor-Leste,SEARO,1,102,0,0
16-02-2021,TL,Timor-Leste,SEARO,0,102,0,0
17-02-2021,TL,Timor-Leste,SEARO,0,102,0,0
18-02-2021,TL,Timor-Leste,SEARO,0,102,0,0
19-02-2021,TL,Timor-Leste,SEARO,1,103,0,0
20-02-2021,TL,Timor-Leste,SEARO,0,103,0,0
21-02-2021,TL,Timor-Leste,SEARO,0,103,0,0
22-02-2021,TL,Timor-Leste,SEARO,0,103,0,0
23-02-2021,TL,Timor-Leste,SEARO,0,103,0,0
24-02-2021,TL,Timor-Leste,SEARO,6,109,0,0
25-02-2021,TL,Timor-Leste,SEARO,1,110,0,0
26-02-2021,TL,Timor-Leste,SEARO,0,110,0,0
27-02-2021,TL,Timor-Leste,SEARO,0,110,0,0
28-02-2021,TL,Timor-Leste,SEARO,3,113,0,0
01-03-2021,TL,Timor-Leste,SEARO,0,113,0,0
02-03-2021,TL,Timor-Leste,SEARO,0,113,0,0
03-03-2021,TL,Timor-Leste,SEARO,0,113,0,0
04-03-2021,TL,Timor-Leste,SEARO,0,113,0,0
05-03-2021,TL,Timor-Leste,SEARO,0,113,0,0
06-03-2021,TL,Timor-Leste,SEARO,6,119,0,0
07-03-2021,TL,Timor-Leste,SEARO,1,120,0,0
08-03-2021,TL,Timor-Leste,SEARO,2,122,0,0
09-03-2021,TL,Timor-Leste,SEARO,7,129,0,0
10-03-2021,TL,Timor-Leste,SEARO,13,142,0,0
11-03-2021,TL,Timor-Leste,SEARO,3,145,0,0
12-03-2021,TL,Timor-Leste,SEARO,14,159,0,0
13-03-2021,TL,Timor-Leste,SEARO,11,170,0,0
14-03-2021,TL,Timor-Leste,SEARO,8,178,0,0
15-03-2021,TL,Timor-Leste,SEARO,18,196,0,0
16-03-2021,TL,Timor-Leste,SEARO,7,203,0,0
17-03-2021,TL,Timor-Leste,SEARO,5,208,0,0
18-03-2021,TL,Timor-Leste,SEARO,8,216,0,0
19-03-2021,TL,Timor-Leste,SEARO,0,216,0,0
20-03-2021,TL,Timor-Leste,SEARO,36,252,0,0
21-03-2021,TL,Timor-Leste,SEARO,19,271,0,0
22-03-2021,TL,Timor-Leste,SEARO,0,271,0,0
23-03-2021,TL,Timor-Leste,SEARO,64,335,0,0
24-03-2021,TL,Timor-Leste,SEARO,16,351,0,0
25-03-2021,TL,Timor-Leste,SEARO,21,372,0,0
26-03-2021,TL,Timor-Leste,SEARO,22,394,0,0
27-03-2021,TL,Timor-Leste,SEARO,58,452,0,0
28-03-2021,TL,Timor-Leste,SEARO,28,480,0,0
29-03-2021,TL,Timor-Leste,SEARO,11,491,0,0
30-03-2021,TL,Timor-Leste,SEARO,21,512,0,0
31-03-2021,TL,Timor-Leste,SEARO,51,563,0,0
01-04-2021,TL,Timor-Leste,SEARO,41,604,0,0
02-04-2021,TL,Timor-Leste,SEARO,39,643,0,0
03-04-2021,TL,Timor-Leste,SEARO,34,677,0,0
04-04-2021,TL,Timor-Leste,SEARO,37,714,0,0
05-04-2021,TL,Timor-Leste,SEARO,0,714,0,0
06-04-2021,TL,Timor-Leste,SEARO,52,766,0,0
07-04-2021,TL,Timor-Leste,SEARO,13,779,0,0
08-04-2021,TL,Timor-Leste,SEARO,56,835,0,0
09-04-2021,TL,Timor-Leste,SEARO,42,877,1,1
10-04-2021,TL,Timor-Leste,SEARO,70,947,0,1
11-04-2021,TL,Timor-Leste,SEARO,61,1008,0,1
12-04-2021,TL,Timor-Leste,SEARO,38,1046,0,1
13-04-2021,TL,Timor-Leste,SEARO,28,1074,1,2
14-04-2021,TL,Timor-Leste,SEARO,12,1086,0,2
15-04-2021,TL,Timor-Leste,SEARO,17,1103,0,2
16-04-2021,TL,Timor-Leste,SEARO,35,1138,0,2
17-04-2021,TL,Timor-Leste,SEARO,55,1193,0,2
18-04-2021,TL,Timor-Leste,SEARO,43,1236,0,2
19-04-2021,TL,Timor-Leste,SEARO,70,1306,0,2
20-04-2021,TL,Timor-Leste,SEARO,62,1368,0,2
21-04-2021,TL,Timor-Leste,SEARO,84,1452,0,2
22-04-2021,TL,Timor-Leste,SEARO,57,1509,0,2
23-04-2021,TL,Timor-Leste,SEARO,148,1657,1,3
24-04-2021,TL,Timor-Leste,SEARO,0,1657,0,3
25-04-2021,TL,Timor-Leste,SEARO,151,1808,0,3
26-04-2021,TL,Timor-Leste,SEARO,89,1897,0,3
27-04-2021,TL,Timor-Leste,SEARO,52,1949,0,3
28-04-2021,TL,Timor-Leste,SEARO,99,2048,0,3
29-04-2021,TL,Timor-Leste,SEARO,76,2124,0,3
30-04-2021,TL,Timor-Leste,SEARO,66,2190,0,3
01-05-2021,TL,Timor-Leste,SEARO,86,2276,0,3
02-05-2021,TL,Timor-Leste,SEARO,120,2396,0,3
03-05-2021,TL,Timor-Leste,SEARO,48,2444,1,4
04-05-2021,TL,Timor-Leste,SEARO,80,2524,0,4
05-05-2021,TL,Timor-Leste,SEARO,129,2653,0,4
06-05-2021,TL,Timor-Leste,SEARO,133,2786,0,4
07-05-2021,TL,Timor-Leste,SEARO,84,2870,0,4
08-05-2021,TL,Timor-Leste,SEARO,95,2965,0,4
09-05-2021,TL,Timor-Leste,SEARO,0,2965,0,4
10-05-2021,TL,Timor-Leste,SEARO,262,3227,1,5
11-05-2021,TL,Timor-Leste,SEARO,126,3353,0,5
12-05-2021,TL,Timor-Leste,SEARO,140,3493,0,5
13-05-2021,TL,Timor-Leste,SEARO,133,3626,0,5
14-05-2021,TL,Timor-Leste,SEARO,253,3879,3,8
15-05-2021,TL,Timor-Leste,SEARO,239,4118,0,8
16-05-2021,TL,Timor-Leste,SEARO,161,4279,0,8
17-05-2021,TL,Timor-Leste,SEARO,179,4458,2,10
18-05-2021,TL,Timor-Leste,SEARO,131,4589,0,10
19-05-2021,TL,Timor-Leste,SEARO,176,4765,0,10
20-05-2021,TL,Timor-Leste,SEARO,184,4949,1,11
21-05-2021,TL,Timor-Leste,SEARO,172,5121,0,11
22-05-2021,TL,Timor-Leste,SEARO,166,5287,0,11
23-05-2021,TL,Timor-Leste,SEARO,194,5481,0,11
24-05-2021,TL,Timor-Leste,SEARO,156,5637,2,13
25-05-2021,TL,Timor-Leste,SEARO,377,6014,1,14
26-05-2021,TL,Timor-Leste,SEARO,0,6014,0,14
27-05-2021,TL,Timor-Leste,SEARO,231,6245,0,14
28-05-2021,TL,Timor-Leste,SEARO,214,6459,1,15
29-05-2021,TL,Timor-Leste,SEARO,163,6622,0,15
30-05-2021,TL,Timor-Leste,SEARO,130,6752,1,16
01-01-2021,TG,Togo,AFRO,29,3633,0,68
02-01-2021,TG,Togo,AFRO,0,3633,0,68
03-01-2021,TG,Togo,AFRO,50,3683,0,68
04-01-2021,TG,Togo,AFRO,19,3702,0,68
05-01-2021,TG,Togo,AFRO,20,3722,1,69
06-01-2021,TG,Togo,AFRO,0,3722,0,69
07-01-2021,TG,Togo,AFRO,85,3807,1,70
08-01-2021,TG,Togo,AFRO,0,3807,0,70
09-01-2021,TG,Togo,AFRO,38,3845,2,72
10-01-2021,TG,Togo,AFRO,87,3932,0,72
11-01-2021,TG,Togo,AFRO,25,3957,0,72
12-01-2021,TG,Togo,AFRO,21,3978,1,73
13-01-2021,TG,Togo,AFRO,67,4045,0,73
14-01-2021,TG,Togo,AFRO,64,4109,0,73
15-01-2021,TG,Togo,AFRO,0,4109,0,73
16-01-2021,TG,Togo,AFRO,111,4220,0,73
17-01-2021,TG,Togo,AFRO,52,4272,0,73
18-01-2021,TG,Togo,AFRO,30,4302,0,73
19-01-2021,TG,Togo,AFRO,22,4324,1,74
20-01-2021,TG,Togo,AFRO,59,4383,0,74
21-01-2021,TG,Togo,AFRO,76,4459,0,74
22-01-2021,TG,Togo,AFRO,46,4505,0,74
23-01-2021,TG,Togo,AFRO,0,4505,0,74
24-01-2021,TG,Togo,AFRO,131,4636,0,74
25-01-2021,TG,Togo,AFRO,26,4662,1,75
26-01-2021,TG,Togo,AFRO,0,4662,0,75
27-01-2021,TG,Togo,AFRO,20,4682,1,76
28-01-2021,TG,Togo,AFRO,188,4870,0,76
29-01-2021,TG,Togo,AFRO,52,4922,0,76
30-01-2021,TG,Togo,AFRO,0,4922,0,76
31-01-2021,TG,Togo,AFRO,119,5041,1,77
01-02-2021,TG,Togo,AFRO,33,5074,0,77
02-02-2021,TG,Togo,AFRO,18,5092,2,79
03-02-2021,TG,Togo,AFRO,74,5166,0,79
04-02-2021,TG,Togo,AFRO,58,5224,0,79
05-02-2021,TG,Togo,AFRO,66,5290,0,79
06-02-2021,TG,Togo,AFRO,66,5356,0,79
07-02-2021,TG,Togo,AFRO,80,5436,0,79
08-02-2021,TG,Togo,AFRO,47,5483,1,80
09-02-2021,TG,Togo,AFRO,13,5496,0,80
10-02-2021,TG,Togo,AFRO,80,5576,0,80
11-02-2021,TG,Togo,AFRO,30,5606,0,80
12-02-2021,TG,Togo,AFRO,81,5687,0,80
13-02-2021,TG,Togo,AFRO,0,5687,0,80
14-02-2021,TG,Togo,AFRO,136,5823,0,80
15-02-2021,TG,Togo,AFRO,51,5874,1,81
16-02-2021,TG,Togo,AFRO,8,5882,0,81
17-02-2021,TG,Togo,AFRO,0,5882,0,81
18-02-2021,TG,Togo,AFRO,0,5882,0,81
19-02-2021,TG,Togo,AFRO,203,6085,0,81
20-02-2021,TG,Togo,AFRO,97,6182,0,81
21-02-2021,TG,Togo,AFRO,86,6268,0,81
22-02-2021,TG,Togo,AFRO,51,6319,0,81
23-02-2021,TG,Togo,AFRO,29,6348,0,81
24-02-2021,TG,Togo,AFRO,118,6466,0,81
25-02-2021,TG,Togo,AFRO,82,6548,1,82
26-02-2021,TG,Togo,AFRO,89,6637,0,82
27-02-2021,TG,Togo,AFRO,93,6730,0,82
28-02-2021,TG,Togo,AFRO,121,6851,1,83
01-03-2021,TG,Togo,AFRO,50,6901,1,84
02-03-2021,TG,Togo,AFRO,32,6933,1,85
03-03-2021,TG,Togo,AFRO,153,7086,0,85
04-03-2021,TG,Togo,AFRO,102,7188,0,85
05-03-2021,TG,Togo,AFRO,135,7323,3,88
06-03-2021,TG,Togo,AFRO,105,7428,0,88
07-03-2021,TG,Togo,AFRO,93,7521,2,90
08-03-2021,TG,Togo,AFRO,49,7570,2,92
09-03-2021,TG,Togo,AFRO,28,7598,0,92
10-03-2021,TG,Togo,AFRO,82,7680,0,92
11-03-2021,TG,Togo,AFRO,57,7737,0,92
12-03-2021,TG,Togo,AFRO,0,7737,0,92
13-03-2021,TG,Togo,AFRO,216,7953,1,93
14-03-2021,TG,Togo,AFRO,96,8049,0,93
15-03-2021,TG,Togo,AFRO,0,8049,0,93
16-03-2021,TG,Togo,AFRO,0,8049,0,93
17-03-2021,TG,Togo,AFRO,251,8300,0,93
18-03-2021,TG,Togo,AFRO,172,8472,1,94
19-03-2021,TG,Togo,AFRO,110,8582,8,102
20-03-2021,TG,Togo,AFRO,113,8695,0,102
21-03-2021,TG,Togo,AFRO,144,8839,0,102
22-03-2021,TG,Togo,AFRO,79,8918,2,104
23-03-2021,TG,Togo,AFRO,42,8960,0,104
24-03-2021,TG,Togo,AFRO,117,9077,-9,95
25-03-2021,TG,Togo,AFRO,70,9147,10,105
26-03-2021,TG,Togo,AFRO,359,9506,2,107
27-03-2021,TG,Togo,AFRO,170,9676,0,107
28-03-2021,TG,Togo,AFRO,0,9676,0,107
29-03-2021,TG,Togo,AFRO,279,9955,0,107
30-03-2021,TG,Togo,AFRO,37,9992,0,107
31-03-2021,TG,Togo,AFRO,257,10249,2,109
01-04-2021,TG,Togo,AFRO,0,10249,0,109
02-04-2021,TG,Togo,AFRO,231,10480,0,109
03-04-2021,TG,Togo,AFRO,368,10848,1,110
04-04-2021,TG,Togo,AFRO,216,11064,0,110
05-04-2021,TG,Togo,AFRO,123,11187,2,112
06-04-2021,TG,Togo,AFRO,62,11249,0,112
07-04-2021,TG,Togo,AFRO,61,11310,1,113
08-04-2021,TG,Togo,AFRO,191,11501,0,113
09-04-2021,TG,Togo,AFRO,148,11649,2,115
10-04-2021,TG,Togo,AFRO,165,11814,1,116
11-04-2021,TG,Togo,AFRO,133,11947,0,116
12-04-2021,TG,Togo,AFRO,59,12006,0,116
13-04-2021,TG,Togo,AFRO,28,12034,0,116
14-04-2021,TG,Togo,AFRO,0,12034,0,116
15-04-2021,TG,Togo,AFRO,180,12214,1,117
16-04-2021,TG,Togo,AFRO,0,12214,0,117
17-04-2021,TG,Togo,AFRO,177,12391,2,119
18-04-2021,TG,Togo,AFRO,105,12496,0,119
19-04-2021,TG,Togo,AFRO,37,12533,0,119
20-04-2021,TG,Togo,AFRO,20,12553,1,120
21-04-2021,TG,Togo,AFRO,0,12553,0,120
22-04-2021,TG,Togo,AFRO,104,12657,1,121
23-04-2021,TG,Togo,AFRO,41,12698,0,121
24-04-2021,TG,Togo,AFRO,44,12742,0,121
25-04-2021,TG,Togo,AFRO,45,12787,0,121
26-04-2021,TG,Togo,AFRO,0,12787,0,121
27-04-2021,TG,Togo,AFRO,40,12827,1,122
28-04-2021,TG,Togo,AFRO,57,12884,0,122
29-04-2021,TG,Togo,AFRO,14,12898,0,122
30-04-2021,TG,Togo,AFRO,33,12931,1,123
01-05-2021,TG,Togo,AFRO,36,12967,0,123
02-05-2021,TG,Togo,AFRO,25,12992,0,123
03-05-2021,TG,Togo,AFRO,18,13010,0,123
04-05-2021,TG,Togo,AFRO,0,13010,0,123
05-05-2021,TG,Togo,AFRO,27,13037,0,123
06-05-2021,TG,Togo,AFRO,31,13068,0,123
07-05-2021,TG,Togo,AFRO,22,13090,1,124
08-05-2021,TG,Togo,AFRO,16,13106,0,124
09-05-2021,TG,Togo,AFRO,35,13141,0,124
10-05-2021,TG,Togo,AFRO,13,13154,0,124
11-05-2021,TG,Togo,AFRO,13,13167,1,125
12-05-2021,TG,Togo,AFRO,0,13167,0,125
13-05-2021,TG,Togo,AFRO,43,13210,0,125
14-05-2021,TG,Togo,AFRO,28,13238,0,125
15-05-2021,TG,Togo,AFRO,6,13244,0,125
16-05-2021,TG,Togo,AFRO,0,13244,0,125
17-05-2021,TG,Togo,AFRO,31,13275,0,125
18-05-2021,TG,Togo,AFRO,4,13279,0,125
19-05-2021,TG,Togo,AFRO,7,13286,0,125
20-05-2021,TG,Togo,AFRO,13,13299,0,125
21-05-2021,TG,Togo,AFRO,41,13340,0,125
22-05-2021,TG,Togo,AFRO,12,13352,0,125
23-05-2021,TG,Togo,AFRO,0,13352,0,125
24-05-2021,TG,Togo,AFRO,22,13374,0,125
25-05-2021,TG,Togo,AFRO,0,13374,0,125
26-05-2021,TG,Togo,AFRO,10,13384,0,125
27-05-2021,TG,Togo,AFRO,12,13396,0,125
28-05-2021,TG,Togo,AFRO,24,13420,0,125
29-05-2021,TG,Togo,AFRO,12,13432,0,125
30-05-2021,TG,Togo,AFRO,0,13432,0,125
01-01-2021,TK,Tokelau,WPRO,0,0,0,0
02-01-2021,TK,Tokelau,WPRO,0,0,0,0
03-01-2021,TK,Tokelau,WPRO,0,0,0,0
04-01-2021,TK,Tokelau,WPRO,0,0,0,0
05-01-2021,TK,Tokelau,WPRO,0,0,0,0
06-01-2021,TK,Tokelau,WPRO,0,0,0,0
07-01-2021,TK,Tokelau,WPRO,0,0,0,0
08-01-2021,TK,Tokelau,WPRO,0,0,0,0
09-01-2021,TK,Tokelau,WPRO,0,0,0,0
10-01-2021,TK,Tokelau,WPRO,0,0,0,0
11-01-2021,TK,Tokelau,WPRO,0,0,0,0
12-01-2021,TK,Tokelau,WPRO,0,0,0,0
13-01-2021,TK,Tokelau,WPRO,0,0,0,0
14-01-2021,TK,Tokelau,WPRO,0,0,0,0
15-01-2021,TK,Tokelau,WPRO,0,0,0,0
16-01-2021,TK,Tokelau,WPRO,0,0,0,0
17-01-2021,TK,Tokelau,WPRO,0,0,0,0
18-01-2021,TK,Tokelau,WPRO,0,0,0,0
19-01-2021,TK,Tokelau,WPRO,0,0,0,0
20-01-2021,TK,Tokelau,WPRO,0,0,0,0
21-01-2021,TK,Tokelau,WPRO,0,0,0,0
22-01-2021,TK,Tokelau,WPRO,0,0,0,0
23-01-2021,TK,Tokelau,WPRO,0,0,0,0
24-01-2021,TK,Tokelau,WPRO,0,0,0,0
25-01-2021,TK,Tokelau,WPRO,0,0,0,0
26-01-2021,TK,Tokelau,WPRO,0,0,0,0
27-01-2021,TK,Tokelau,WPRO,0,0,0,0
28-01-2021,TK,Tokelau,WPRO,0,0,0,0
29-01-2021,TK,Tokelau,WPRO,0,0,0,0
30-01-2021,TK,Tokelau,WPRO,0,0,0,0
31-01-2021,TK,Tokelau,WPRO,0,0,0,0
01-02-2021,TK,Tokelau,WPRO,0,0,0,0
02-02-2021,TK,Tokelau,WPRO,0,0,0,0
03-02-2021,TK,Tokelau,WPRO,0,0,0,0
04-02-2021,TK,Tokelau,WPRO,0,0,0,0
05-02-2021,TK,Tokelau,WPRO,0,0,0,0
06-02-2021,TK,Tokelau,WPRO,0,0,0,0
07-02-2021,TK,Tokelau,WPRO,0,0,0,0
08-02-2021,TK,Tokelau,WPRO,0,0,0,0
09-02-2021,TK,Tokelau,WPRO,0,0,0,0
10-02-2021,TK,Tokelau,WPRO,0,0,0,0
11-02-2021,TK,Tokelau,WPRO,0,0,0,0
12-02-2021,TK,Tokelau,WPRO,0,0,0,0
13-02-2021,TK,Tokelau,WPRO,0,0,0,0
14-02-2021,TK,Tokelau,WPRO,0,0,0,0
15-02-2021,TK,Tokelau,WPRO,0,0,0,0
16-02-2021,TK,Tokelau,WPRO,0,0,0,0
17-02-2021,TK,Tokelau,WPRO,0,0,0,0
18-02-2021,TK,Tokelau,WPRO,0,0,0,0
19-02-2021,TK,Tokelau,WPRO,0,0,0,0
20-02-2021,TK,Tokelau,WPRO,0,0,0,0
21-02-2021,TK,Tokelau,WPRO,0,0,0,0
22-02-2021,TK,Tokelau,WPRO,0,0,0,0
23-02-2021,TK,Tokelau,WPRO,0,0,0,0
24-02-2021,TK,Tokelau,WPRO,0,0,0,0
25-02-2021,TK,Tokelau,WPRO,0,0,0,0
26-02-2021,TK,Tokelau,WPRO,0,0,0,0
27-02-2021,TK,Tokelau,WPRO,0,0,0,0
28-02-2021,TK,Tokelau,WPRO,0,0,0,0
01-03-2021,TK,Tokelau,WPRO,0,0,0,0
02-03-2021,TK,Tokelau,WPRO,0,0,0,0
03-03-2021,TK,Tokelau,WPRO,0,0,0,0
04-03-2021,TK,Tokelau,WPRO,0,0,0,0
05-03-2021,TK,Tokelau,WPRO,0,0,0,0
06-03-2021,TK,Tokelau,WPRO,0,0,0,0
07-03-2021,TK,Tokelau,WPRO,0,0,0,0
08-03-2021,TK,Tokelau,WPRO,0,0,0,0
09-03-2021,TK,Tokelau,WPRO,0,0,0,0
10-03-2021,TK,Tokelau,WPRO,0,0,0,0
11-03-2021,TK,Tokelau,WPRO,0,0,0,0
12-03-2021,TK,Tokelau,WPRO,0,0,0,0
13-03-2021,TK,Tokelau,WPRO,0,0,0,0
14-03-2021,TK,Tokelau,WPRO,0,0,0,0
15-03-2021,TK,Tokelau,WPRO,0,0,0,0
16-03-2021,TK,Tokelau,WPRO,0,0,0,0
17-03-2021,TK,Tokelau,WPRO,0,0,0,0
18-03-2021,TK,Tokelau,WPRO,0,0,0,0
19-03-2021,TK,Tokelau,WPRO,0,0,0,0
20-03-2021,TK,Tokelau,WPRO,0,0,0,0
21-03-2021,TK,Tokelau,WPRO,0,0,0,0
22-03-2021,TK,Tokelau,WPRO,0,0,0,0
23-03-2021,TK,Tokelau,WPRO,0,0,0,0
24-03-2021,TK,Tokelau,WPRO,0,0,0,0
25-03-2021,TK,Tokelau,WPRO,0,0,0,0
26-03-2021,TK,Tokelau,WPRO,0,0,0,0
27-03-2021,TK,Tokelau,WPRO,0,0,0,0
28-03-2021,TK,Tokelau,WPRO,0,0,0,0
29-03-2021,TK,Tokelau,WPRO,0,0,0,0
30-03-2021,TK,Tokelau,WPRO,0,0,0,0
31-03-2021,TK,Tokelau,WPRO,0,0,0,0
01-04-2021,TK,Tokelau,WPRO,0,0,0,0
02-04-2021,TK,Tokelau,WPRO,0,0,0,0
03-04-2021,TK,Tokelau,WPRO,0,0,0,0
04-04-2021,TK,Tokelau,WPRO,0,0,0,0
05-04-2021,TK,Tokelau,WPRO,0,0,0,0
06-04-2021,TK,Tokelau,WPRO,0,0,0,0
07-04-2021,TK,Tokelau,WPRO,0,0,0,0
08-04-2021,TK,Tokelau,WPRO,0,0,0,0
09-04-2021,TK,Tokelau,WPRO,0,0,0,0
10-04-2021,TK,Tokelau,WPRO,0,0,0,0
11-04-2021,TK,Tokelau,WPRO,0,0,0,0
12-04-2021,TK,Tokelau,WPRO,0,0,0,0
13-04-2021,TK,Tokelau,WPRO,0,0,0,0
14-04-2021,TK,Tokelau,WPRO,0,0,0,0
15-04-2021,TK,Tokelau,WPRO,0,0,0,0
16-04-2021,TK,Tokelau,WPRO,0,0,0,0
17-04-2021,TK,Tokelau,WPRO,0,0,0,0
18-04-2021,TK,Tokelau,WPRO,0,0,0,0
19-04-2021,TK,Tokelau,WPRO,0,0,0,0
20-04-2021,TK,Tokelau,WPRO,0,0,0,0
21-04-2021,TK,Tokelau,WPRO,0,0,0,0
22-04-2021,TK,Tokelau,WPRO,0,0,0,0
23-04-2021,TK,Tokelau,WPRO,0,0,0,0
24-04-2021,TK,Tokelau,WPRO,0,0,0,0
25-04-2021,TK,Tokelau,WPRO,0,0,0,0
26-04-2021,TK,Tokelau,WPRO,0,0,0,0
27-04-2021,TK,Tokelau,WPRO,0,0,0,0
28-04-2021,TK,Tokelau,WPRO,0,0,0,0
29-04-2021,TK,Tokelau,WPRO,0,0,0,0
30-04-2021,TK,Tokelau,WPRO,0,0,0,0
01-05-2021,TK,Tokelau,WPRO,0,0,0,0
02-05-2021,TK,Tokelau,WPRO,0,0,0,0
03-05-2021,TK,Tokelau,WPRO,0,0,0,0
04-05-2021,TK,Tokelau,WPRO,0,0,0,0
05-05-2021,TK,Tokelau,WPRO,0,0,0,0
06-05-2021,TK,Tokelau,WPRO,0,0,0,0
07-05-2021,TK,Tokelau,WPRO,0,0,0,0
08-05-2021,TK,Tokelau,WPRO,0,0,0,0
09-05-2021,TK,Tokelau,WPRO,0,0,0,0
10-05-2021,TK,Tokelau,WPRO,0,0,0,0
11-05-2021,TK,Tokelau,WPRO,0,0,0,0
12-05-2021,TK,Tokelau,WPRO,0,0,0,0
13-05-2021,TK,Tokelau,WPRO,0,0,0,0
14-05-2021,TK,Tokelau,WPRO,0,0,0,0
15-05-2021,TK,Tokelau,WPRO,0,0,0,0
16-05-2021,TK,Tokelau,WPRO,0,0,0,0
17-05-2021,TK,Tokelau,WPRO,0,0,0,0
18-05-2021,TK,Tokelau,WPRO,0,0,0,0
19-05-2021,TK,Tokelau,WPRO,0,0,0,0
20-05-2021,TK,Tokelau,WPRO,0,0,0,0
21-05-2021,TK,Tokelau,WPRO,0,0,0,0
22-05-2021,TK,Tokelau,WPRO,0,0,0,0
23-05-2021,TK,Tokelau,WPRO,0,0,0,0
24-05-2021,TK,Tokelau,WPRO,0,0,0,0
25-05-2021,TK,Tokelau,WPRO,0,0,0,0
26-05-2021,TK,Tokelau,WPRO,0,0,0,0
27-05-2021,TK,Tokelau,WPRO,0,0,0,0
28-05-2021,TK,Tokelau,WPRO,0,0,0,0
29-05-2021,TK,Tokelau,WPRO,0,0,0,0
30-05-2021,TK,Tokelau,WPRO,0,0,0,0
01-01-2021,TO,Tonga,WPRO,0,0,0,0
02-01-2021,TO,Tonga,WPRO,0,0,0,0
03-01-2021,TO,Tonga,WPRO,0,0,0,0
04-01-2021,TO,Tonga,WPRO,0,0,0,0
05-01-2021,TO,Tonga,WPRO,0,0,0,0
06-01-2021,TO,Tonga,WPRO,0,0,0,0
07-01-2021,TO,Tonga,WPRO,0,0,0,0
08-01-2021,TO,Tonga,WPRO,0,0,0,0
09-01-2021,TO,Tonga,WPRO,0,0,0,0
10-01-2021,TO,Tonga,WPRO,0,0,0,0
11-01-2021,TO,Tonga,WPRO,0,0,0,0
12-01-2021,TO,Tonga,WPRO,0,0,0,0
13-01-2021,TO,Tonga,WPRO,0,0,0,0
14-01-2021,TO,Tonga,WPRO,0,0,0,0
15-01-2021,TO,Tonga,WPRO,0,0,0,0
16-01-2021,TO,Tonga,WPRO,0,0,0,0
17-01-2021,TO,Tonga,WPRO,0,0,0,0
18-01-2021,TO,Tonga,WPRO,0,0,0,0
19-01-2021,TO,Tonga,WPRO,0,0,0,0
20-01-2021,TO,Tonga,WPRO,0,0,0,0
21-01-2021,TO,Tonga,WPRO,0,0,0,0
22-01-2021,TO,Tonga,WPRO,0,0,0,0
23-01-2021,TO,Tonga,WPRO,0,0,0,0
24-01-2021,TO,Tonga,WPRO,0,0,0,0
25-01-2021,TO,Tonga,WPRO,0,0,0,0
26-01-2021,TO,Tonga,WPRO,0,0,0,0
27-01-2021,TO,Tonga,WPRO,0,0,0,0
28-01-2021,TO,Tonga,WPRO,0,0,0,0
29-01-2021,TO,Tonga,WPRO,0,0,0,0
30-01-2021,TO,Tonga,WPRO,0,0,0,0
31-01-2021,TO,Tonga,WPRO,0,0,0,0
01-02-2021,TO,Tonga,WPRO,0,0,0,0
02-02-2021,TO,Tonga,WPRO,0,0,0,0
03-02-2021,TO,Tonga,WPRO,0,0,0,0
04-02-2021,TO,Tonga,WPRO,0,0,0,0
05-02-2021,TO,Tonga,WPRO,0,0,0,0
06-02-2021,TO,Tonga,WPRO,0,0,0,0
07-02-2021,TO,Tonga,WPRO,0,0,0,0
08-02-2021,TO,Tonga,WPRO,0,0,0,0
09-02-2021,TO,Tonga,WPRO,0,0,0,0
10-02-2021,TO,Tonga,WPRO,0,0,0,0
11-02-2021,TO,Tonga,WPRO,0,0,0,0
12-02-2021,TO,Tonga,WPRO,0,0,0,0
13-02-2021,TO,Tonga,WPRO,0,0,0,0
14-02-2021,TO,Tonga,WPRO,0,0,0,0
15-02-2021,TO,Tonga,WPRO,0,0,0,0
16-02-2021,TO,Tonga,WPRO,0,0,0,0
17-02-2021,TO,Tonga,WPRO,0,0,0,0
18-02-2021,TO,Tonga,WPRO,0,0,0,0
19-02-2021,TO,Tonga,WPRO,0,0,0,0
20-02-2021,TO,Tonga,WPRO,0,0,0,0
21-02-2021,TO,Tonga,WPRO,0,0,0,0
22-02-2021,TO,Tonga,WPRO,0,0,0,0
23-02-2021,TO,Tonga,WPRO,0,0,0,0
24-02-2021,TO,Tonga,WPRO,0,0,0,0
25-02-2021,TO,Tonga,WPRO,0,0,0,0
26-02-2021,TO,Tonga,WPRO,0,0,0,0
27-02-2021,TO,Tonga,WPRO,0,0,0,0
28-02-2021,TO,Tonga,WPRO,0,0,0,0
01-03-2021,TO,Tonga,WPRO,0,0,0,0
02-03-2021,TO,Tonga,WPRO,0,0,0,0
03-03-2021,TO,Tonga,WPRO,0,0,0,0
04-03-2021,TO,Tonga,WPRO,0,0,0,0
05-03-2021,TO,Tonga,WPRO,0,0,0,0
06-03-2021,TO,Tonga,WPRO,0,0,0,0
07-03-2021,TO,Tonga,WPRO,0,0,0,0
08-03-2021,TO,Tonga,WPRO,0,0,0,0
09-03-2021,TO,Tonga,WPRO,0,0,0,0
10-03-2021,TO,Tonga,WPRO,0,0,0,0
11-03-2021,TO,Tonga,WPRO,0,0,0,0
12-03-2021,TO,Tonga,WPRO,0,0,0,0
13-03-2021,TO,Tonga,WPRO,0,0,0,0
14-03-2021,TO,Tonga,WPRO,0,0,0,0
15-03-2021,TO,Tonga,WPRO,0,0,0,0
16-03-2021,TO,Tonga,WPRO,0,0,0,0
17-03-2021,TO,Tonga,WPRO,0,0,0,0
18-03-2021,TO,Tonga,WPRO,0,0,0,0
19-03-2021,TO,Tonga,WPRO,0,0,0,0
20-03-2021,TO,Tonga,WPRO,0,0,0,0
21-03-2021,TO,Tonga,WPRO,0,0,0,0
22-03-2021,TO,Tonga,WPRO,0,0,0,0
23-03-2021,TO,Tonga,WPRO,0,0,0,0
24-03-2021,TO,Tonga,WPRO,0,0,0,0
25-03-2021,TO,Tonga,WPRO,0,0,0,0
26-03-2021,TO,Tonga,WPRO,0,0,0,0
27-03-2021,TO,Tonga,WPRO,0,0,0,0
28-03-2021,TO,Tonga,WPRO,0,0,0,0
29-03-2021,TO,Tonga,WPRO,0,0,0,0
30-03-2021,TO,Tonga,WPRO,0,0,0,0
31-03-2021,TO,Tonga,WPRO,0,0,0,0
01-04-2021,TO,Tonga,WPRO,0,0,0,0
02-04-2021,TO,Tonga,WPRO,0,0,0,0
03-04-2021,TO,Tonga,WPRO,0,0,0,0
04-04-2021,TO,Tonga,WPRO,0,0,0,0
05-04-2021,TO,Tonga,WPRO,0,0,0,0
06-04-2021,TO,Tonga,WPRO,0,0,0,0
07-04-2021,TO,Tonga,WPRO,0,0,0,0
08-04-2021,TO,Tonga,WPRO,0,0,0,0
09-04-2021,TO,Tonga,WPRO,0,0,0,0
10-04-2021,TO,Tonga,WPRO,0,0,0,0
11-04-2021,TO,Tonga,WPRO,0,0,0,0
12-04-2021,TO,Tonga,WPRO,0,0,0,0
13-04-2021,TO,Tonga,WPRO,0,0,0,0
14-04-2021,TO,Tonga,WPRO,0,0,0,0
15-04-2021,TO,Tonga,WPRO,0,0,0,0
16-04-2021,TO,Tonga,WPRO,0,0,0,0
17-04-2021,TO,Tonga,WPRO,0,0,0,0
18-04-2021,TO,Tonga,WPRO,0,0,0,0
19-04-2021,TO,Tonga,WPRO,0,0,0,0
20-04-2021,TO,Tonga,WPRO,0,0,0,0
21-04-2021,TO,Tonga,WPRO,0,0,0,0
22-04-2021,TO,Tonga,WPRO,0,0,0,0
23-04-2021,TO,Tonga,WPRO,0,0,0,0
24-04-2021,TO,Tonga,WPRO,0,0,0,0
25-04-2021,TO,Tonga,WPRO,0,0,0,0
26-04-2021,TO,Tonga,WPRO,0,0,0,0
27-04-2021,TO,Tonga,WPRO,0,0,0,0
28-04-2021,TO,Tonga,WPRO,0,0,0,0
29-04-2021,TO,Tonga,WPRO,0,0,0,0
30-04-2021,TO,Tonga,WPRO,0,0,0,0
01-05-2021,TO,Tonga,WPRO,0,0,0,0
02-05-2021,TO,Tonga,WPRO,0,0,0,0
03-05-2021,TO,Tonga,WPRO,0,0,0,0
04-05-2021,TO,Tonga,WPRO,0,0,0,0
05-05-2021,TO,Tonga,WPRO,0,0,0,0
06-05-2021,TO,Tonga,WPRO,0,0,0,0
07-05-2021,TO,Tonga,WPRO,0,0,0,0
08-05-2021,TO,Tonga,WPRO,0,0,0,0
09-05-2021,TO,Tonga,WPRO,0,0,0,0
10-05-2021,TO,Tonga,WPRO,0,0,0,0
11-05-2021,TO,Tonga,WPRO,0,0,0,0
12-05-2021,TO,Tonga,WPRO,0,0,0,0
13-05-2021,TO,Tonga,WPRO,0,0,0,0
14-05-2021,TO,Tonga,WPRO,0,0,0,0
15-05-2021,TO,Tonga,WPRO,0,0,0,0
16-05-2021,TO,Tonga,WPRO,0,0,0,0
17-05-2021,TO,Tonga,WPRO,0,0,0,0
18-05-2021,TO,Tonga,WPRO,0,0,0,0
19-05-2021,TO,Tonga,WPRO,0,0,0,0
20-05-2021,TO,Tonga,WPRO,0,0,0,0
21-05-2021,TO,Tonga,WPRO,0,0,0,0
22-05-2021,TO,Tonga,WPRO,0,0,0,0
23-05-2021,TO,Tonga,WPRO,0,0,0,0
24-05-2021,TO,Tonga,WPRO,0,0,0,0
25-05-2021,TO,Tonga,WPRO,0,0,0,0
26-05-2021,TO,Tonga,WPRO,0,0,0,0
27-05-2021,TO,Tonga,WPRO,0,0,0,0
28-05-2021,TO,Tonga,WPRO,0,0,0,0
29-05-2021,TO,Tonga,WPRO,0,0,0,0
30-05-2021,TO,Tonga,WPRO,0,0,0,0
01-01-2021,TT,Trinidad and Tobago,AMRO,0,7132,0,126
02-01-2021,TT,Trinidad and Tobago,AMRO,18,7150,1,127
03-01-2021,TT,Trinidad and Tobago,AMRO,8,7158,0,127
04-01-2021,TT,Trinidad and Tobago,AMRO,4,7162,0,127
05-01-2021,TT,Trinidad and Tobago,AMRO,6,7168,0,127
06-01-2021,TT,Trinidad and Tobago,AMRO,10,7178,0,127
07-01-2021,TT,Trinidad and Tobago,AMRO,8,7186,0,127
08-01-2021,TT,Trinidad and Tobago,AMRO,10,7196,0,127
09-01-2021,TT,Trinidad and Tobago,AMRO,14,7210,0,127
10-01-2021,TT,Trinidad and Tobago,AMRO,9,7219,0,127
11-01-2021,TT,Trinidad and Tobago,AMRO,25,7244,1,128
12-01-2021,TT,Trinidad and Tobago,AMRO,21,7265,0,128
13-01-2021,TT,Trinidad and Tobago,AMRO,8,7273,0,128
14-01-2021,TT,Trinidad and Tobago,AMRO,13,7286,0,128
15-01-2021,TT,Trinidad and Tobago,AMRO,19,7305,1,129
16-01-2021,TT,Trinidad and Tobago,AMRO,15,7320,1,130
17-01-2021,TT,Trinidad and Tobago,AMRO,23,7343,0,130
18-01-2021,TT,Trinidad and Tobago,AMRO,27,7370,1,131
19-01-2021,TT,Trinidad and Tobago,AMRO,23,7393,1,132
20-01-2021,TT,Trinidad and Tobago,AMRO,6,7399,0,132
21-01-2021,TT,Trinidad and Tobago,AMRO,16,7415,0,132
22-01-2021,TT,Trinidad and Tobago,AMRO,15,7430,1,133
23-01-2021,TT,Trinidad and Tobago,AMRO,20,7450,0,133
24-01-2021,TT,Trinidad and Tobago,AMRO,6,7456,0,133
25-01-2021,TT,Trinidad and Tobago,AMRO,6,7462,1,134
26-01-2021,TT,Trinidad and Tobago,AMRO,11,7473,0,134
27-01-2021,TT,Trinidad and Tobago,AMRO,17,7490,0,134
28-01-2021,TT,Trinidad and Tobago,AMRO,6,7496,0,134
29-01-2021,TT,Trinidad and Tobago,AMRO,13,7509,0,134
30-01-2021,TT,Trinidad and Tobago,AMRO,11,7520,0,134
31-01-2021,TT,Trinidad and Tobago,AMRO,13,7533,0,134
01-02-2021,TT,Trinidad and Tobago,AMRO,9,7542,0,134
02-02-2021,TT,Trinidad and Tobago,AMRO,22,7564,0,134
03-02-2021,TT,Trinidad and Tobago,AMRO,2,7566,0,134
04-02-2021,TT,Trinidad and Tobago,AMRO,12,7578,0,134
05-02-2021,TT,Trinidad and Tobago,AMRO,8,7586,1,135
06-02-2021,TT,Trinidad and Tobago,AMRO,21,7607,0,135
07-02-2021,TT,Trinidad and Tobago,AMRO,0,7607,0,135
08-02-2021,TT,Trinidad and Tobago,AMRO,9,7616,0,135
09-02-2021,TT,Trinidad and Tobago,AMRO,0,7616,0,135
10-02-2021,TT,Trinidad and Tobago,AMRO,0,7616,0,135
11-02-2021,TT,Trinidad and Tobago,AMRO,1,7617,1,136
12-02-2021,TT,Trinidad and Tobago,AMRO,14,7631,0,136
13-02-2021,TT,Trinidad and Tobago,AMRO,1,7632,0,136
14-02-2021,TT,Trinidad and Tobago,AMRO,5,7637,1,137
15-02-2021,TT,Trinidad and Tobago,AMRO,5,7642,1,138
16-02-2021,TT,Trinidad and Tobago,AMRO,0,7642,0,138
17-02-2021,TT,Trinidad and Tobago,AMRO,4,7646,0,138
18-02-2021,TT,Trinidad and Tobago,AMRO,10,7656,0,138
19-02-2021,TT,Trinidad and Tobago,AMRO,7,7663,0,138
20-02-2021,TT,Trinidad and Tobago,AMRO,3,7666,0,138
21-02-2021,TT,Trinidad and Tobago,AMRO,0,7666,1,139
22-02-2021,TT,Trinidad and Tobago,AMRO,10,7676,0,139
23-02-2021,TT,Trinidad and Tobago,AMRO,6,7682,0,139
24-02-2021,TT,Trinidad and Tobago,AMRO,0,7682,0,139
25-02-2021,TT,Trinidad and Tobago,AMRO,4,7686,0,139
26-02-2021,TT,Trinidad and Tobago,AMRO,4,7690,0,139
27-02-2021,TT,Trinidad and Tobago,AMRO,7,7697,0,139
28-02-2021,TT,Trinidad and Tobago,AMRO,7,7704,0,139
01-03-2021,TT,Trinidad and Tobago,AMRO,1,7705,0,139
02-03-2021,TT,Trinidad and Tobago,AMRO,8,7713,0,139
03-03-2021,TT,Trinidad and Tobago,AMRO,3,7716,0,139
04-03-2021,TT,Trinidad and Tobago,AMRO,1,7717,0,139
05-03-2021,TT,Trinidad and Tobago,AMRO,6,7723,0,139
06-03-2021,TT,Trinidad and Tobago,AMRO,4,7727,0,139
07-03-2021,TT,Trinidad and Tobago,AMRO,2,7729,0,139
08-03-2021,TT,Trinidad and Tobago,AMRO,3,7732,0,139
09-03-2021,TT,Trinidad and Tobago,AMRO,4,7736,0,139
10-03-2021,TT,Trinidad and Tobago,AMRO,0,7736,1,140
11-03-2021,TT,Trinidad and Tobago,AMRO,0,7736,0,140
12-03-2021,TT,Trinidad and Tobago,AMRO,7,7743,0,140
13-03-2021,TT,Trinidad and Tobago,AMRO,10,7753,0,140
14-03-2021,TT,Trinidad and Tobago,AMRO,16,7769,0,140
15-03-2021,TT,Trinidad and Tobago,AMRO,0,7769,0,140
16-03-2021,TT,Trinidad and Tobago,AMRO,14,7783,0,140
17-03-2021,TT,Trinidad and Tobago,AMRO,5,7788,0,140
18-03-2021,TT,Trinidad and Tobago,AMRO,2,7790,0,140
19-03-2021,TT,Trinidad and Tobago,AMRO,17,7807,0,140
20-03-2021,TT,Trinidad and Tobago,AMRO,5,7812,0,140
21-03-2021,TT,Trinidad and Tobago,AMRO,9,7821,0,140
22-03-2021,TT,Trinidad and Tobago,AMRO,18,7839,0,140
23-03-2021,TT,Trinidad and Tobago,AMRO,16,7855,0,140
24-03-2021,TT,Trinidad and Tobago,AMRO,6,7861,0,140
25-03-2021,TT,Trinidad and Tobago,AMRO,4,7865,1,141
26-03-2021,TT,Trinidad and Tobago,AMRO,38,7903,0,141
27-03-2021,TT,Trinidad and Tobago,AMRO,21,7924,0,141
28-03-2021,TT,Trinidad and Tobago,AMRO,15,7939,0,141
29-03-2021,TT,Trinidad and Tobago,AMRO,15,7954,1,142
30-03-2021,TT,Trinidad and Tobago,AMRO,23,7977,0,142
31-03-2021,TT,Trinidad and Tobago,AMRO,9,7986,0,142
01-04-2021,TT,Trinidad and Tobago,AMRO,18,8004,0,142
02-04-2021,TT,Trinidad and Tobago,AMRO,22,8026,0,142
03-04-2021,TT,Trinidad and Tobago,AMRO,46,8072,3,145
04-04-2021,TT,Trinidad and Tobago,AMRO,44,8116,0,145
05-04-2021,TT,Trinidad and Tobago,AMRO,20,8136,0,145
06-04-2021,TT,Trinidad and Tobago,AMRO,42,8178,0,145
07-04-2021,TT,Trinidad and Tobago,AMRO,14,8192,0,145
08-04-2021,TT,Trinidad and Tobago,AMRO,22,8214,0,145
09-04-2021,TT,Trinidad and Tobago,AMRO,21,8235,0,145
10-04-2021,TT,Trinidad and Tobago,AMRO,41,8276,0,145
11-04-2021,TT,Trinidad and Tobago,AMRO,47,8323,0,145
12-04-2021,TT,Trinidad and Tobago,AMRO,59,8382,1,146
13-04-2021,TT,Trinidad and Tobago,AMRO,22,8404,0,146
14-04-2021,TT,Trinidad and Tobago,AMRO,37,8441,0,146
15-04-2021,TT,Trinidad and Tobago,AMRO,70,8511,0,146
16-04-2021,TT,Trinidad and Tobago,AMRO,85,8596,2,148
17-04-2021,TT,Trinidad and Tobago,AMRO,82,8678,2,150
18-04-2021,TT,Trinidad and Tobago,AMRO,64,8742,0,150
19-04-2021,TT,Trinidad and Tobago,AMRO,64,8806,0,150
20-04-2021,TT,Trinidad and Tobago,AMRO,134,8940,3,153
21-04-2021,TT,Trinidad and Tobago,AMRO,24,8964,1,154
22-04-2021,TT,Trinidad and Tobago,AMRO,171,9135,3,157
23-04-2021,TT,Trinidad and Tobago,AMRO,81,9216,0,157
24-04-2021,TT,Trinidad and Tobago,AMRO,167,9383,0,157
25-04-2021,TT,Trinidad and Tobago,AMRO,104,9487,0,157
26-04-2021,TT,Trinidad and Tobago,AMRO,105,9592,1,158
27-04-2021,TT,Trinidad and Tobago,AMRO,84,9676,1,159
28-04-2021,TT,Trinidad and Tobago,AMRO,120,9796,0,159
29-04-2021,TT,Trinidad and Tobago,AMRO,151,9947,2,161
30-04-2021,TT,Trinidad and Tobago,AMRO,223,10170,2,163
01-05-2021,TT,Trinidad and Tobago,AMRO,328,10498,2,165
02-05-2021,TT,Trinidad and Tobago,AMRO,326,10824,4,169
03-05-2021,TT,Trinidad and Tobago,AMRO,248,11072,2,171
04-05-2021,TT,Trinidad and Tobago,AMRO,241,11313,3,174
05-05-2021,TT,Trinidad and Tobago,AMRO,158,11471,5,179
06-05-2021,TT,Trinidad and Tobago,AMRO,235,11706,6,185
07-05-2021,TT,Trinidad and Tobago,AMRO,399,12105,4,189
08-05-2021,TT,Trinidad and Tobago,AMRO,291,12396,2,191
09-05-2021,TT,Trinidad and Tobago,AMRO,324,12720,5,196
10-05-2021,TT,Trinidad and Tobago,AMRO,402,13122,7,203
11-05-2021,TT,Trinidad and Tobago,AMRO,233,13355,8,211
12-05-2021,TT,Trinidad and Tobago,AMRO,99,13454,4,215
13-05-2021,TT,Trinidad and Tobago,AMRO,348,13802,9,224
14-05-2021,TT,Trinidad and Tobago,AMRO,615,14417,11,235
15-05-2021,TT,Trinidad and Tobago,AMRO,397,14814,21,256
16-05-2021,TT,Trinidad and Tobago,AMRO,565,15379,9,265
17-05-2021,TT,Trinidad and Tobago,AMRO,520,15899,11,276
18-05-2021,TT,Trinidad and Tobago,AMRO,356,16255,9,285
19-05-2021,TT,Trinidad and Tobago,AMRO,294,16549,9,294
20-05-2021,TT,Trinidad and Tobago,AMRO,601,17150,23,317
21-05-2021,TT,Trinidad and Tobago,AMRO,519,17669,14,331
22-05-2021,TT,Trinidad and Tobago,AMRO,558,18227,10,341
23-05-2021,TT,Trinidad and Tobago,AMRO,708,18935,7,348
24-05-2021,TT,Trinidad and Tobago,AMRO,509,19444,17,365
25-05-2021,TT,Trinidad and Tobago,AMRO,573,20017,10,375
26-05-2021,TT,Trinidad and Tobago,AMRO,250,20267,15,390
27-05-2021,TT,Trinidad and Tobago,AMRO,612,20879,18,408
28-05-2021,TT,Trinidad and Tobago,AMRO,582,21461,17,425
29-05-2021,TT,Trinidad and Tobago,AMRO,526,21987,15,440
30-05-2021,TT,Trinidad and Tobago,AMRO,633,22620,18,458
01-01-2021,TN,Tunisia,EMRO,1924,139140,56,4676
02-01-2021,TN,Tunisia,EMRO,1417,140557,54,4730
03-01-2021,TN,Tunisia,EMRO,1422,141979,35,4765
04-01-2021,TN,Tunisia,EMRO,1565,143544,35,4800
05-01-2021,TN,Tunisia,EMRO,1252,144796,62,4862
06-01-2021,TN,Tunisia,EMRO,2265,147061,72,4934
07-01-2021,TN,Tunisia,EMRO,2820,149881,70,5004
08-01-2021,TN,Tunisia,EMRO,2373,152254,48,5052
09-01-2021,TN,Tunisia,EMRO,2649,154903,56,5108
10-01-2021,TN,Tunisia,EMRO,2611,157514,45,5153
11-01-2021,TN,Tunisia,EMRO,1762,159276,62,5215
12-01-2021,TN,Tunisia,EMRO,3074,162350,69,5284
13-01-2021,TN,Tunisia,EMRO,2586,164936,59,5343
14-01-2021,TN,Tunisia,EMRO,3632,168568,72,5415
15-01-2021,TN,Tunisia,EMRO,2327,170895,63,5478
16-01-2021,TN,Tunisia,EMRO,4170,175065,50,5528
17-01-2021,TN,Tunisia,EMRO,2166,177231,88,5616
18-01-2021,TN,Tunisia,EMRO,2859,180090,76,5692
19-01-2021,TN,Tunisia,EMRO,1795,181885,58,5750
20-01-2021,TN,Tunisia,EMRO,2598,184483,94,5844
21-01-2021,TN,Tunisia,EMRO,3890,188373,77,5921
22-01-2021,TN,Tunisia,EMRO,2511,190884,68,5989
23-01-2021,TN,Tunisia,EMRO,2389,193273,103,6092
24-01-2021,TN,Tunisia,EMRO,2041,195314,62,6154
25-01-2021,TN,Tunisia,EMRO,2059,197373,80,6234
26-01-2021,TN,Tunisia,EMRO,1263,198636,53,6287
27-01-2021,TN,Tunisia,EMRO,2026,200662,83,6370
28-01-2021,TN,Tunisia,EMRO,1661,202323,76,6446
29-01-2021,TN,Tunisia,EMRO,2028,204351,62,6508
30-01-2021,TN,Tunisia,EMRO,1679,206030,91,6599
31-01-2021,TN,Tunisia,EMRO,1438,207468,81,6680
01-02-2021,TN,Tunisia,EMRO,1417,208885,74,6754
02-02-2021,TN,Tunisia,EMRO,1160,210045,48,6802
03-02-2021,TN,Tunisia,EMRO,1367,211412,91,6893
04-02-2021,TN,Tunisia,EMRO,1267,212679,87,6980
05-02-2021,TN,Tunisia,EMRO,1270,213949,68,7048
06-02-2021,TN,Tunisia,EMRO,1163,215112,51,7099
07-02-2021,TN,Tunisia,EMRO,1064,216176,63,7162
08-02-2021,TN,Tunisia,EMRO,910,217086,52,7214
09-02-2021,TN,Tunisia,EMRO,667,217753,43,7257
10-02-2021,TN,Tunisia,EMRO,811,218564,75,7332
11-02-2021,TN,Tunisia,EMRO,1086,219650,46,7378
12-02-2021,TN,Tunisia,EMRO,828,220478,51,7429
13-02-2021,TN,Tunisia,EMRO,977,221455,32,7461
14-02-2021,TN,Tunisia,EMRO,1049,222504,47,7508
15-02-2021,TN,Tunisia,EMRO,740,223244,36,7544
16-02-2021,TN,Tunisia,EMRO,305,223549,31,7575
17-02-2021,TN,Tunisia,EMRO,780,224329,42,7617
18-02-2021,TN,Tunisia,EMRO,787,225116,34,7651
19-02-2021,TN,Tunisia,EMRO,899,226015,33,7684
20-02-2021,TN,Tunisia,EMRO,725,226740,35,7719
21-02-2021,TN,Tunisia,EMRO,903,227643,36,7755
22-02-2021,TN,Tunisia,EMRO,719,228362,38,7793
23-02-2021,TN,Tunisia,EMRO,575,228937,18,7811
24-02-2021,TN,Tunisia,EMRO,844,229781,32,7843
25-02-2021,TN,Tunisia,EMRO,662,230443,26,7869
26-02-2021,TN,Tunisia,EMRO,855,231298,42,7911
27-02-2021,TN,Tunisia,EMRO,666,231964,31,7942
28-02-2021,TN,Tunisia,EMRO,651,232615,32,7974
01-03-2021,TN,Tunisia,EMRO,662,233277,27,8001
02-03-2021,TN,Tunisia,EMRO,392,233669,21,8022
03-03-2021,TN,Tunisia,EMRO,562,234231,25,8047
04-03-2021,TN,Tunisia,EMRO,777,235008,27,8074
05-03-2021,TN,Tunisia,EMRO,635,235643,32,8106
06-03-2021,TN,Tunisia,EMRO,713,236356,24,8130
07-03-2021,TN,Tunisia,EMRO,672,237028,37,8167
08-03-2021,TN,Tunisia,EMRO,676,237704,34,8201
09-03-2021,TN,Tunisia,EMRO,313,238017,24,8225
10-03-2021,TN,Tunisia,EMRO,614,238631,43,8268
11-03-2021,TN,Tunisia,EMRO,719,239350,24,8292
12-03-2021,TN,Tunisia,EMRO,627,239977,21,8313
13-03-2021,TN,Tunisia,EMRO,640,240617,16,8329
14-03-2021,TN,Tunisia,EMRO,640,241257,30,8359
15-03-2021,TN,Tunisia,EMRO,577,241834,30,8389
16-03-2021,TN,Tunisia,EMRO,290,242124,15,8404
17-03-2021,TN,Tunisia,EMRO,549,242673,25,8429
18-03-2021,TN,Tunisia,EMRO,766,243439,34,8463
19-03-2021,TN,Tunisia,EMRO,496,243935,27,8490
20-03-2021,TN,Tunisia,EMRO,841,244776,16,8506
21-03-2021,TN,Tunisia,EMRO,629,245405,20,8526
22-03-2021,TN,Tunisia,EMRO,301,245706,20,8546
23-03-2021,TN,Tunisia,EMRO,217,245923,23,8569
24-03-2021,TN,Tunisia,EMRO,584,246507,41,8610
25-03-2021,TN,Tunisia,EMRO,747,247254,27,8637
26-03-2021,TN,Tunisia,EMRO,783,248037,26,8663
27-03-2021,TN,Tunisia,EMRO,745,248782,21,8684
28-03-2021,TN,Tunisia,EMRO,921,249703,21,8705
29-03-2021,TN,Tunisia,EMRO,862,250565,30,8735
30-03-2021,TN,Tunisia,EMRO,604,251169,25,8760
31-03-2021,TN,Tunisia,EMRO,1002,252171,28,8788
01-04-2021,TN,Tunisia,EMRO,1847,254018,24,8812
02-04-2021,TN,Tunisia,EMRO,1290,255308,31,8843
03-04-2021,TN,Tunisia,EMRO,1623,256931,47,8890
04-04-2021,TN,Tunisia,EMRO,1404,258335,41,8931
05-04-2021,TN,Tunisia,EMRO,1709,260044,34,8965
06-04-2021,TN,Tunisia,EMRO,1133,261177,28,8993
07-04-2021,TN,Tunisia,EMRO,1866,263043,46,9039
08-04-2021,TN,Tunisia,EMRO,1951,264994,48,9087
09-04-2021,TN,Tunisia,EMRO,1833,266827,49,9136
10-04-2021,TN,Tunisia,EMRO,2010,268837,43,9179
11-04-2021,TN,Tunisia,EMRO,1460,270297,56,9235
12-04-2021,TN,Tunisia,EMRO,1564,271861,58,9293
13-04-2021,TN,Tunisia,EMRO,1079,272940,39,9332
14-04-2021,TN,Tunisia,EMRO,1664,274604,64,9396
15-04-2021,TN,Tunisia,EMRO,2123,276727,84,9480
16-04-2021,TN,Tunisia,EMRO,2649,279376,73,9553
17-04-2021,TN,Tunisia,EMRO,2401,281777,86,9639
18-04-2021,TN,Tunisia,EMRO,2199,283976,78,9717
19-04-2021,TN,Tunisia,EMRO,1514,285490,66,9783
20-04-2021,TN,Tunisia,EMRO,1571,287061,42,9825
21-04-2021,TN,Tunisia,EMRO,2169,289230,93,9918
22-04-2021,TN,Tunisia,EMRO,2603,291833,75,9993
23-04-2021,TN,Tunisia,EMRO,2305,294138,70,10063
24-04-2021,TN,Tunisia,EMRO,2205,296343,107,10170
25-04-2021,TN,Tunisia,EMRO,2229,298572,61,10231
26-04-2021,TN,Tunisia,EMRO,1770,300342,73,10304
27-04-2021,TN,Tunisia,EMRO,1285,301627,48,10352
28-04-2021,TN,Tunisia,EMRO,1957,303584,92,10444
29-04-2021,TN,Tunisia,EMRO,1729,305313,119,10563
30-04-2021,TN,Tunisia,EMRO,1902,307215,78,10641
01-05-2021,TN,Tunisia,EMRO,1904,309119,81,10722
02-05-2021,TN,Tunisia,EMRO,1615,310734,86,10808
03-05-2021,TN,Tunisia,EMRO,1009,311743,60,10868
04-05-2021,TN,Tunisia,EMRO,1004,312747,47,10915
05-05-2021,TN,Tunisia,EMRO,1405,314152,101,11016
06-05-2021,TN,Tunisia,EMRO,1448,315600,106,11122
07-05-2021,TN,Tunisia,EMRO,1410,317010,86,11208
08-05-2021,TN,Tunisia,EMRO,1226,318236,69,11277
09-05-2021,TN,Tunisia,EMRO,1276,319512,73,11350
10-05-2021,TN,Tunisia,EMRO,1301,320813,79,11429
11-05-2021,TN,Tunisia,EMRO,1024,321837,39,11468
12-05-2021,TN,Tunisia,EMRO,1161,322998,88,11556
13-05-2021,TN,Tunisia,EMRO,1105,324103,81,11637
14-05-2021,TN,Tunisia,EMRO,720,324823,56,11693
15-05-2021,TN,Tunisia,EMRO,457,325280,34,11727
16-05-2021,TN,Tunisia,EMRO,552,325832,52,11779
17-05-2021,TN,Tunisia,EMRO,740,326572,70,11849
18-05-2021,TN,Tunisia,EMRO,901,327473,50,11899
19-05-2021,TN,Tunisia,EMRO,1055,328528,72,11971
20-05-2021,TN,Tunisia,EMRO,1397,329925,61,12032
21-05-2021,TN,Tunisia,EMRO,1749,331674,57,12089
22-05-2021,TN,Tunisia,EMRO,1159,332833,52,12141
23-05-2021,TN,Tunisia,EMRO,1266,334099,41,12182
24-05-2021,TN,Tunisia,EMRO,1246,335345,54,12236
25-05-2021,TN,Tunisia,EMRO,1069,336414,37,12273
26-05-2021,TN,Tunisia,EMRO,1115,337529,69,12342
27-05-2021,TN,Tunisia,EMRO,1324,338853,56,12398
28-05-2021,TN,Tunisia,EMRO,1397,340250,53,12451
29-05-2021,TN,Tunisia,EMRO,1702,341952,62,12513
30-05-2021,TN,Tunisia,EMRO,1422,343374,61,12574
01-01-2021,TR,Turkey,EURO,14380,2208652,239,20881
02-01-2021,TR,Turkey,EURO,12203,2220855,212,21093
03-01-2021,TR,Turkey,EURO,11180,2232035,202,21295
04-01-2021,TR,Turkey,EURO,9877,2241912,193,21488
05-01-2021,TR,Turkey,EURO,13695,2255607,197,21685
06-01-2021,TR,Turkey,EURO,14494,2270101,194,21879
07-01-2021,TR,Turkey,EURO,13830,2283931,191,22070
08-01-2021,TR,Turkey,EURO,12171,2296102,194,22264
09-01-2021,TR,Turkey,EURO,11479,2307581,186,22450
10-01-2021,TR,Turkey,EURO,9537,2317118,181,22631
11-01-2021,TR,Turkey,EURO,9138,2326256,176,22807
12-01-2021,TR,Turkey,EURO,10220,2336476,174,22981
13-01-2021,TR,Turkey,EURO,9809,2346285,171,23152
14-01-2021,TR,Turkey,EURO,9554,2355839,173,23325
15-01-2021,TR,Turkey,EURO,8962,2364801,170,23495
16-01-2021,TR,Turkey,EURO,8314,2373115,169,23664
17-01-2021,TR,Turkey,EURO,7550,2380665,168,23832
18-01-2021,TR,Turkey,EURO,6436,2387101,165,23997
19-01-2021,TR,Turkey,EURO,5862,2392963,164,24161
20-01-2021,TR,Turkey,EURO,6818,2399781,167,24328
21-01-2021,TR,Turkey,EURO,6435,2406216,159,24487
22-01-2021,TR,Turkey,EURO,6289,2412505,153,24640
23-01-2021,TR,Turkey,EURO,5967,2418472,149,24789
24-01-2021,TR,Turkey,EURO,5856,2424328,144,24933
25-01-2021,TR,Turkey,EURO,5277,2429605,140,25073
26-01-2021,TR,Turkey,EURO,5642,2435247,137,25210
27-01-2021,TR,Turkey,EURO,7103,2442350,134,25344
28-01-2021,TR,Turkey,EURO,7489,2449839,132,25476
29-01-2021,TR,Turkey,EURO,7279,2457118,129,25605
30-01-2021,TR,Turkey,EURO,6912,2464030,131,25736
31-01-2021,TR,Turkey,EURO,6871,2470901,129,25865
01-02-2021,TR,Turkey,EURO,6562,2477463,128,25993
02-02-2021,TR,Turkey,EURO,7719,2485182,124,26117
03-02-2021,TR,Turkey,EURO,7795,2492977,120,26237
04-02-2021,TR,Turkey,EURO,8102,2501079,117,26354
05-02-2021,TR,Turkey,EURO,7909,2508988,113,26467
06-02-2021,TR,Turkey,EURO,7901,2516889,110,26577
07-02-2021,TR,Turkey,EURO,7897,2524786,108,26685
08-02-2021,TR,Turkey,EURO,6670,2531456,112,26797
09-02-2021,TR,Turkey,EURO,8103,2539559,103,26900
10-02-2021,TR,Turkey,EURO,8636,2548195,98,26998
11-02-2021,TR,Turkey,EURO,8642,2556837,95,27093
12-02-2021,TR,Turkey,EURO,7590,2564427,94,27187
13-02-2021,TR,Turkey,EURO,7763,2572190,97,27284
14-02-2021,TR,Turkey,EURO,7706,2579896,93,27377
15-02-2021,TR,Turkey,EURO,6287,2586183,94,27471
16-02-2021,TR,Turkey,EURO,7945,2594128,91,27562
17-02-2021,TR,Turkey,EURO,7906,2602034,90,27652
18-02-2021,TR,Turkey,EURO,7325,2609359,86,27738
19-02-2021,TR,Turkey,EURO,7241,2616600,83,27821
20-02-2021,TR,Turkey,EURO,7419,2624019,82,27903
21-02-2021,TR,Turkey,EURO,7857,2631876,80,27983
22-02-2021,TR,Turkey,EURO,6546,2638422,77,28060
23-02-2021,TR,Turkey,EURO,8104,2646526,78,28138
24-02-2021,TR,Turkey,EURO,9107,2655633,75,28213
25-02-2021,TR,Turkey,EURO,9561,2665194,72,28285
26-02-2021,TR,Turkey,EURO,9572,2674766,73,28358
27-02-2021,TR,Turkey,EURO,9205,2683971,74,28432
28-02-2021,TR,Turkey,EURO,9193,2693164,71,28503
01-03-2021,TR,Turkey,EURO,8424,2701588,66,28569
02-03-2021,TR,Turkey,EURO,9891,2711479,69,28638
03-03-2021,TR,Turkey,EURO,11837,2723316,68,28706
04-03-2021,TR,Turkey,EURO,11520,2734836,65,28771
05-03-2021,TR,Turkey,EURO,11322,2746158,68,28839
06-03-2021,TR,Turkey,EURO,11302,2757460,62,28901
07-03-2021,TR,Turkey,EURO,11770,2769230,64,28965
08-03-2021,TR,Turkey,EURO,11187,2780417,65,29030
09-03-2021,TR,Turkey,EURO,13215,2793632,64,29094
10-03-2021,TR,Turkey,EURO,13755,2807387,66,29160
11-03-2021,TR,Turkey,EURO,14556,2821943,67,29227
12-03-2021,TR,Turkey,EURO,14046,2835989,63,29290
13-03-2021,TR,Turkey,EURO,14941,2850930,66,29356
14-03-2021,TR,Turkey,EURO,15082,2866012,65,29421
15-03-2021,TR,Turkey,EURO,13378,2879390,68,29489
16-03-2021,TR,Turkey,EURO,15503,2894893,63,29552
17-03-2021,TR,Turkey,EURO,16749,2911642,71,29623
18-03-2021,TR,Turkey,EURO,18912,2930554,73,29696
19-03-2021,TR,Turkey,EURO,20049,2950603,81,29777
20-03-2021,TR,Turkey,EURO,21030,2971633,87,29864
21-03-2021,TR,Turkey,EURO,21061,2992694,95,29959
22-03-2021,TR,Turkey,EURO,20428,3013122,102,30061
23-03-2021,TR,Turkey,EURO,22216,3035338,117,30178
24-03-2021,TR,Turkey,EURO,26182,3061520,138,30316
25-03-2021,TR,Turkey,EURO,29762,3091282,146,30462
26-03-2021,TR,Turkey,EURO,28731,3120013,157,30619
27-03-2021,TR,Turkey,EURO,29081,3149094,153,30772
28-03-2021,TR,Turkey,EURO,30021,3179115,151,30923
29-03-2021,TR,Turkey,EURO,29058,3208173,153,31076
30-03-2021,TR,Turkey,EURO,32404,3240577,154,31230
31-03-2021,TR,Turkey,EURO,37303,3277880,155,31385
01-04-2021,TR,Turkey,EURO,39302,3317182,152,31537
02-04-2021,TR,Turkey,EURO,40806,3357988,176,31713
03-04-2021,TR,Turkey,EURO,42308,3400296,179,31892
04-04-2021,TR,Turkey,EURO,44756,3445052,186,32078
05-04-2021,TR,Turkey,EURO,41998,3487050,185,32263
06-04-2021,TR,Turkey,EURO,42551,3529601,193,32456
07-04-2021,TR,Turkey,EURO,49584,3579185,211,32667
08-04-2021,TR,Turkey,EURO,54740,3633925,276,32943
09-04-2021,TR,Turkey,EURO,55941,3689866,258,33201
10-04-2021,TR,Turkey,EURO,55791,3745657,253,33454
11-04-2021,TR,Turkey,EURO,52676,3798333,248,33702
12-04-2021,TR,Turkey,EURO,50678,3849011,237,33939
13-04-2021,TR,Turkey,EURO,54562,3903573,243,34182
14-04-2021,TR,Turkey,EURO,59187,3962760,273,34455
15-04-2021,TR,Turkey,EURO,62797,4025557,279,34734
16-04-2021,TR,Turkey,EURO,61400,4086957,297,35031
17-04-2021,TR,Turkey,EURO,63082,4150039,289,35320
18-04-2021,TR,Turkey,EURO,62606,4212645,288,35608
19-04-2021,TR,Turkey,EURO,55802,4268447,318,35926
20-04-2021,TR,Turkey,EURO,55149,4323596,341,36267
21-04-2021,TR,Turkey,EURO,61028,4384624,346,36613
22-04-2021,TR,Turkey,EURO,61967,4446591,362,36975
23-04-2021,TR,Turkey,EURO,54791,4501382,354,37329
24-04-2021,TR,Turkey,EURO,49438,4550820,343,37672
25-04-2021,TR,Turkey,EURO,40596,4591416,339,38011
26-04-2021,TR,Turkey,EURO,38553,4629969,347,38358
27-04-2021,TR,Turkey,EURO,37312,4667281,353,38711
28-04-2021,TR,Turkey,EURO,43301,4710582,346,39057
29-04-2021,TR,Turkey,EURO,40444,4751026,341,39398
30-04-2021,TR,Turkey,EURO,37674,4788700,339,39737
01-05-2021,TR,Turkey,EURO,31891,4820591,394,40131
02-05-2021,TR,Turkey,EURO,28817,4849408,373,40504
03-05-2021,TR,Turkey,EURO,25980,4875388,340,40844
04-05-2021,TR,Turkey,EURO,24733,4900121,347,41191
05-05-2021,TR,Turkey,EURO,28997,4929118,336,41527
06-05-2021,TR,Turkey,EURO,26476,4955594,356,41883
07-05-2021,TR,Turkey,EURO,22388,4977982,304,42187
08-05-2021,TR,Turkey,EURO,20107,4998089,278,42465
09-05-2021,TR,Turkey,EURO,18052,5016141,281,42746
10-05-2021,TR,Turkey,EURO,15191,5031332,283,43029
11-05-2021,TR,Turkey,EURO,13604,5044936,282,43311
12-05-2021,TR,Turkey,EURO,14497,5059433,278,43589
13-05-2021,TR,Turkey,EURO,13029,5072462,232,43821
14-05-2021,TR,Turkey,EURO,11534,5083996,238,44059
15-05-2021,TR,Turkey,EURO,11394,5095390,242,44301
16-05-2021,TR,Turkey,EURO,11472,5106862,236,44537
17-05-2021,TR,Turkey,EURO,10512,5117374,223,44760
18-05-2021,TR,Turkey,EURO,10174,5127548,223,44983
19-05-2021,TR,Turkey,EURO,11937,5139485,203,45186
20-05-2021,TR,Turkey,EURO,11553,5151038,233,45419
21-05-2021,TR,Turkey,EURO,9385,5160423,207,45626
22-05-2021,TR,Turkey,EURO,9528,5169951,214,45840
23-05-2021,TR,Turkey,EURO,8697,5178648,231,46071
24-05-2021,TR,Turkey,EURO,7839,5186487,197,46268
25-05-2021,TR,Turkey,EURO,7523,5194010,178,46446
26-05-2021,TR,Turkey,EURO,9375,5203385,175,46621
27-05-2021,TR,Turkey,EURO,8738,5212123,166,46787
28-05-2021,TR,Turkey,EURO,8426,5220549,183,46970
29-05-2021,TR,Turkey,EURO,7773,5228322,164,47134
30-05-2021,TR,Turkey,EURO,7656,5235978,137,47271
01-01-2021,TM,Turkmenistan,EURO,0,0,0,0
02-01-2021,TM,Turkmenistan,EURO,0,0,0,0
03-01-2021,TM,Turkmenistan,EURO,0,0,0,0
04-01-2021,TM,Turkmenistan,EURO,0,0,0,0
05-01-2021,TM,Turkmenistan,EURO,0,0,0,0
06-01-2021,TM,Turkmenistan,EURO,0,0,0,0
07-01-2021,TM,Turkmenistan,EURO,0,0,0,0
08-01-2021,TM,Turkmenistan,EURO,0,0,0,0
09-01-2021,TM,Turkmenistan,EURO,0,0,0,0
10-01-2021,TM,Turkmenistan,EURO,0,0,0,0
11-01-2021,TM,Turkmenistan,EURO,0,0,0,0
12-01-2021,TM,Turkmenistan,EURO,0,0,0,0
13-01-2021,TM,Turkmenistan,EURO,0,0,0,0
14-01-2021,TM,Turkmenistan,EURO,0,0,0,0
15-01-2021,TM,Turkmenistan,EURO,0,0,0,0
16-01-2021,TM,Turkmenistan,EURO,0,0,0,0
17-01-2021,TM,Turkmenistan,EURO,0,0,0,0
18-01-2021,TM,Turkmenistan,EURO,0,0,0,0
19-01-2021,TM,Turkmenistan,EURO,0,0,0,0
20-01-2021,TM,Turkmenistan,EURO,0,0,0,0
21-01-2021,TM,Turkmenistan,EURO,0,0,0,0
22-01-2021,TM,Turkmenistan,EURO,0,0,0,0
23-01-2021,TM,Turkmenistan,EURO,0,0,0,0
24-01-2021,TM,Turkmenistan,EURO,0,0,0,0
25-01-2021,TM,Turkmenistan,EURO,0,0,0,0
26-01-2021,TM,Turkmenistan,EURO,0,0,0,0
27-01-2021,TM,Turkmenistan,EURO,0,0,0,0
28-01-2021,TM,Turkmenistan,EURO,0,0,0,0
29-01-2021,TM,Turkmenistan,EURO,0,0,0,0
30-01-2021,TM,Turkmenistan,EURO,0,0,0,0
31-01-2021,TM,Turkmenistan,EURO,0,0,0,0
01-02-2021,TM,Turkmenistan,EURO,0,0,0,0
02-02-2021,TM,Turkmenistan,EURO,0,0,0,0
03-02-2021,TM,Turkmenistan,EURO,0,0,0,0
04-02-2021,TM,Turkmenistan,EURO,0,0,0,0
05-02-2021,TM,Turkmenistan,EURO,0,0,0,0
06-02-2021,TM,Turkmenistan,EURO,0,0,0,0
07-02-2021,TM,Turkmenistan,EURO,0,0,0,0
08-02-2021,TM,Turkmenistan,EURO,0,0,0,0
09-02-2021,TM,Turkmenistan,EURO,0,0,0,0
10-02-2021,TM,Turkmenistan,EURO,0,0,0,0
11-02-2021,TM,Turkmenistan,EURO,0,0,0,0
12-02-2021,TM,Turkmenistan,EURO,0,0,0,0
13-02-2021,TM,Turkmenistan,EURO,0,0,0,0
14-02-2021,TM,Turkmenistan,EURO,0,0,0,0
15-02-2021,TM,Turkmenistan,EURO,0,0,0,0
16-02-2021,TM,Turkmenistan,EURO,0,0,0,0
17-02-2021,TM,Turkmenistan,EURO,0,0,0,0
18-02-2021,TM,Turkmenistan,EURO,0,0,0,0
19-02-2021,TM,Turkmenistan,EURO,0,0,0,0
20-02-2021,TM,Turkmenistan,EURO,0,0,0,0
21-02-2021,TM,Turkmenistan,EURO,0,0,0,0
22-02-2021,TM,Turkmenistan,EURO,0,0,0,0
23-02-2021,TM,Turkmenistan,EURO,0,0,0,0
24-02-2021,TM,Turkmenistan,EURO,0,0,0,0
25-02-2021,TM,Turkmenistan,EURO,0,0,0,0
26-02-2021,TM,Turkmenistan,EURO,0,0,0,0
27-02-2021,TM,Turkmenistan,EURO,0,0,0,0
28-02-2021,TM,Turkmenistan,EURO,0,0,0,0
01-03-2021,TM,Turkmenistan,EURO,0,0,0,0
02-03-2021,TM,Turkmenistan,EURO,0,0,0,0
03-03-2021,TM,Turkmenistan,EURO,0,0,0,0
04-03-2021,TM,Turkmenistan,EURO,0,0,0,0
05-03-2021,TM,Turkmenistan,EURO,0,0,0,0
06-03-2021,TM,Turkmenistan,EURO,0,0,0,0
07-03-2021,TM,Turkmenistan,EURO,0,0,0,0
08-03-2021,TM,Turkmenistan,EURO,0,0,0,0
09-03-2021,TM,Turkmenistan,EURO,0,0,0,0
10-03-2021,TM,Turkmenistan,EURO,0,0,0,0
11-03-2021,TM,Turkmenistan,EURO,0,0,0,0
12-03-2021,TM,Turkmenistan,EURO,0,0,0,0
13-03-2021,TM,Turkmenistan,EURO,0,0,0,0
14-03-2021,TM,Turkmenistan,EURO,0,0,0,0
15-03-2021,TM,Turkmenistan,EURO,0,0,0,0
16-03-2021,TM,Turkmenistan,EURO,0,0,0,0
17-03-2021,TM,Turkmenistan,EURO,0,0,0,0
18-03-2021,TM,Turkmenistan,EURO,0,0,0,0
19-03-2021,TM,Turkmenistan,EURO,0,0,0,0
20-03-2021,TM,Turkmenistan,EURO,0,0,0,0
21-03-2021,TM,Turkmenistan,EURO,0,0,0,0
22-03-2021,TM,Turkmenistan,EURO,0,0,0,0
23-03-2021,TM,Turkmenistan,EURO,0,0,0,0
24-03-2021,TM,Turkmenistan,EURO,0,0,0,0
25-03-2021,TM,Turkmenistan,EURO,0,0,0,0
26-03-2021,TM,Turkmenistan,EURO,0,0,0,0
27-03-2021,TM,Turkmenistan,EURO,0,0,0,0
28-03-2021,TM,Turkmenistan,EURO,0,0,0,0
29-03-2021,TM,Turkmenistan,EURO,0,0,0,0
30-03-2021,TM,Turkmenistan,EURO,0,0,0,0
31-03-2021,TM,Turkmenistan,EURO,0,0,0,0
01-04-2021,TM,Turkmenistan,EURO,0,0,0,0
02-04-2021,TM,Turkmenistan,EURO,0,0,0,0
03-04-2021,TM,Turkmenistan,EURO,0,0,0,0
04-04-2021,TM,Turkmenistan,EURO,0,0,0,0
05-04-2021,TM,Turkmenistan,EURO,0,0,0,0
06-04-2021,TM,Turkmenistan,EURO,0,0,0,0
07-04-2021,TM,Turkmenistan,EURO,0,0,0,0
08-04-2021,TM,Turkmenistan,EURO,0,0,0,0
09-04-2021,TM,Turkmenistan,EURO,0,0,0,0
10-04-2021,TM,Turkmenistan,EURO,0,0,0,0
11-04-2021,TM,Turkmenistan,EURO,0,0,0,0
12-04-2021,TM,Turkmenistan,EURO,0,0,0,0
13-04-2021,TM,Turkmenistan,EURO,0,0,0,0
14-04-2021,TM,Turkmenistan,EURO,0,0,0,0
15-04-2021,TM,Turkmenistan,EURO,0,0,0,0
16-04-2021,TM,Turkmenistan,EURO,0,0,0,0
17-04-2021,TM,Turkmenistan,EURO,0,0,0,0
18-04-2021,TM,Turkmenistan,EURO,0,0,0,0
19-04-2021,TM,Turkmenistan,EURO,0,0,0,0
20-04-2021,TM,Turkmenistan,EURO,0,0,0,0
21-04-2021,TM,Turkmenistan,EURO,0,0,0,0
22-04-2021,TM,Turkmenistan,EURO,0,0,0,0
23-04-2021,TM,Turkmenistan,EURO,0,0,0,0
24-04-2021,TM,Turkmenistan,EURO,0,0,0,0
25-04-2021,TM,Turkmenistan,EURO,0,0,0,0
26-04-2021,TM,Turkmenistan,EURO,0,0,0,0
27-04-2021,TM,Turkmenistan,EURO,0,0,0,0
28-04-2021,TM,Turkmenistan,EURO,0,0,0,0
29-04-2021,TM,Turkmenistan,EURO,0,0,0,0
30-04-2021,TM,Turkmenistan,EURO,0,0,0,0
01-05-2021,TM,Turkmenistan,EURO,0,0,0,0
02-05-2021,TM,Turkmenistan,EURO,0,0,0,0
03-05-2021,TM,Turkmenistan,EURO,0,0,0,0
04-05-2021,TM,Turkmenistan,EURO,0,0,0,0
05-05-2021,TM,Turkmenistan,EURO,0,0,0,0
06-05-2021,TM,Turkmenistan,EURO,0,0,0,0
07-05-2021,TM,Turkmenistan,EURO,0,0,0,0
08-05-2021,TM,Turkmenistan,EURO,0,0,0,0
09-05-2021,TM,Turkmenistan,EURO,0,0,0,0
10-05-2021,TM,Turkmenistan,EURO,0,0,0,0
11-05-2021,TM,Turkmenistan,EURO,0,0,0,0
12-05-2021,TM,Turkmenistan,EURO,0,0,0,0
13-05-2021,TM,Turkmenistan,EURO,0,0,0,0
14-05-2021,TM,Turkmenistan,EURO,0,0,0,0
15-05-2021,TM,Turkmenistan,EURO,0,0,0,0
16-05-2021,TM,Turkmenistan,EURO,0,0,0,0
17-05-2021,TM,Turkmenistan,EURO,0,0,0,0
18-05-2021,TM,Turkmenistan,EURO,0,0,0,0
19-05-2021,TM,Turkmenistan,EURO,0,0,0,0
20-05-2021,TM,Turkmenistan,EURO,0,0,0,0
21-05-2021,TM,Turkmenistan,EURO,0,0,0,0
22-05-2021,TM,Turkmenistan,EURO,0,0,0,0
23-05-2021,TM,Turkmenistan,EURO,0,0,0,0
24-05-2021,TM,Turkmenistan,EURO,0,0,0,0
25-05-2021,TM,Turkmenistan,EURO,0,0,0,0
26-05-2021,TM,Turkmenistan,EURO,0,0,0,0
27-05-2021,TM,Turkmenistan,EURO,0,0,0,0
28-05-2021,TM,Turkmenistan,EURO,0,0,0,0
29-05-2021,TM,Turkmenistan,EURO,0,0,0,0
30-05-2021,TM,Turkmenistan,EURO,0,0,0,0
01-01-2021,TC,Turks and Caicos Islands,AMRO,9,874,0,6
02-01-2021,TC,Turks and Caicos Islands,AMRO,19,893,0,6
03-01-2021,TC,Turks and Caicos Islands,AMRO,15,908,0,6
04-01-2021,TC,Turks and Caicos Islands,AMRO,1,909,0,6
05-01-2021,TC,Turks and Caicos Islands,AMRO,1,910,0,6
06-01-2021,TC,Turks and Caicos Islands,AMRO,0,910,0,6
07-01-2021,TC,Turks and Caicos Islands,AMRO,8,918,0,6
08-01-2021,TC,Turks and Caicos Islands,AMRO,23,941,0,6
09-01-2021,TC,Turks and Caicos Islands,AMRO,15,956,0,6
10-01-2021,TC,Turks and Caicos Islands,AMRO,9,965,0,6
11-01-2021,TC,Turks and Caicos Islands,AMRO,29,994,0,6
12-01-2021,TC,Turks and Caicos Islands,AMRO,0,994,0,6
13-01-2021,TC,Turks and Caicos Islands,AMRO,0,994,0,6
14-01-2021,TC,Turks and Caicos Islands,AMRO,17,1011,0,6
15-01-2021,TC,Turks and Caicos Islands,AMRO,19,1030,0,6
16-01-2021,TC,Turks and Caicos Islands,AMRO,32,1062,0,6
17-01-2021,TC,Turks and Caicos Islands,AMRO,17,1079,0,6
18-01-2021,TC,Turks and Caicos Islands,AMRO,23,1102,0,6
19-01-2021,TC,Turks and Caicos Islands,AMRO,0,1102,0,6
20-01-2021,TC,Turks and Caicos Islands,AMRO,3,1105,1,7
21-01-2021,TC,Turks and Caicos Islands,AMRO,20,1125,0,7
22-01-2021,TC,Turks and Caicos Islands,AMRO,39,1164,0,7
23-01-2021,TC,Turks and Caicos Islands,AMRO,29,1193,0,7
24-01-2021,TC,Turks and Caicos Islands,AMRO,51,1244,0,7
25-01-2021,TC,Turks and Caicos Islands,AMRO,43,1287,0,7
26-01-2021,TC,Turks and Caicos Islands,AMRO,0,1287,0,7
27-01-2021,TC,Turks and Caicos Islands,AMRO,0,1287,1,8
28-01-2021,TC,Turks and Caicos Islands,AMRO,25,1312,0,8
29-01-2021,TC,Turks and Caicos Islands,AMRO,75,1387,0,8
30-01-2021,TC,Turks and Caicos Islands,AMRO,48,1435,0,8
31-01-2021,TC,Turks and Caicos Islands,AMRO,24,1459,0,8
01-02-2021,TC,Turks and Caicos Islands,AMRO,44,1503,1,9
02-02-2021,TC,Turks and Caicos Islands,AMRO,1,1504,0,9
03-02-2021,TC,Turks and Caicos Islands,AMRO,0,1504,0,9
04-02-2021,TC,Turks and Caicos Islands,AMRO,0,1504,0,9
05-02-2021,TC,Turks and Caicos Islands,AMRO,49,1553,0,9
06-02-2021,TC,Turks and Caicos Islands,AMRO,37,1590,0,9
07-02-2021,TC,Turks and Caicos Islands,AMRO,64,1654,0,9
08-02-2021,TC,Turks and Caicos Islands,AMRO,41,1695,0,9
09-02-2021,TC,Turks and Caicos Islands,AMRO,0,1695,0,9
10-02-2021,TC,Turks and Caicos Islands,AMRO,0,1695,0,9
11-02-2021,TC,Turks and Caicos Islands,AMRO,43,1738,0,9
12-02-2021,TC,Turks and Caicos Islands,AMRO,46,1784,1,10
13-02-2021,TC,Turks and Caicos Islands,AMRO,28,1812,2,12
14-02-2021,TC,Turks and Caicos Islands,AMRO,21,1833,0,12
15-02-2021,TC,Turks and Caicos Islands,AMRO,36,1869,0,12
16-02-2021,TC,Turks and Caicos Islands,AMRO,4,1873,1,13
17-02-2021,TC,Turks and Caicos Islands,AMRO,1,1874,0,13
18-02-2021,TC,Turks and Caicos Islands,AMRO,35,1909,0,13
19-02-2021,TC,Turks and Caicos Islands,AMRO,19,1928,0,13
20-02-2021,TC,Turks and Caicos Islands,AMRO,56,1984,0,13
21-02-2021,TC,Turks and Caicos Islands,AMRO,14,1998,1,14
22-02-2021,TC,Turks and Caicos Islands,AMRO,30,2028,0,14
23-02-2021,TC,Turks and Caicos Islands,AMRO,1,2029,0,14
24-02-2021,TC,Turks and Caicos Islands,AMRO,0,2029,0,14
25-02-2021,TC,Turks and Caicos Islands,AMRO,22,2051,0,14
26-02-2021,TC,Turks and Caicos Islands,AMRO,19,2070,0,14
27-02-2021,TC,Turks and Caicos Islands,AMRO,18,2088,0,14
28-02-2021,TC,Turks and Caicos Islands,AMRO,11,2099,0,14
01-03-2021,TC,Turks and Caicos Islands,AMRO,15,2114,0,14
02-03-2021,TC,Turks and Caicos Islands,AMRO,0,2114,0,14
03-03-2021,TC,Turks and Caicos Islands,AMRO,0,2114,0,14
04-03-2021,TC,Turks and Caicos Islands,AMRO,1,2115,0,14
05-03-2021,TC,Turks and Caicos Islands,AMRO,27,2142,0,14
06-03-2021,TC,Turks and Caicos Islands,AMRO,19,2161,0,14
07-03-2021,TC,Turks and Caicos Islands,AMRO,11,2172,0,14
08-03-2021,TC,Turks and Caicos Islands,AMRO,5,2177,1,15
09-03-2021,TC,Turks and Caicos Islands,AMRO,0,2177,0,15
10-03-2021,TC,Turks and Caicos Islands,AMRO,0,2177,0,15
11-03-2021,TC,Turks and Caicos Islands,AMRO,0,2177,0,15
12-03-2021,TC,Turks and Caicos Islands,AMRO,13,2190,0,15
13-03-2021,TC,Turks and Caicos Islands,AMRO,10,2200,0,15
14-03-2021,TC,Turks and Caicos Islands,AMRO,0,2200,0,15
15-03-2021,TC,Turks and Caicos Islands,AMRO,33,2233,0,15
16-03-2021,TC,Turks and Caicos Islands,AMRO,0,2233,0,15
17-03-2021,TC,Turks and Caicos Islands,AMRO,0,2233,0,15
18-03-2021,TC,Turks and Caicos Islands,AMRO,17,2250,0,15
19-03-2021,TC,Turks and Caicos Islands,AMRO,3,2253,0,15
20-03-2021,TC,Turks and Caicos Islands,AMRO,21,2274,0,15
21-03-2021,TC,Turks and Caicos Islands,AMRO,16,2290,0,15
22-03-2021,TC,Turks and Caicos Islands,AMRO,4,2294,1,16
23-03-2021,TC,Turks and Caicos Islands,AMRO,0,2294,0,16
24-03-2021,TC,Turks and Caicos Islands,AMRO,0,2294,1,17
25-03-2021,TC,Turks and Caicos Islands,AMRO,13,2307,0,17
26-03-2021,TC,Turks and Caicos Islands,AMRO,8,2315,0,17
27-03-2021,TC,Turks and Caicos Islands,AMRO,3,2318,0,17
28-03-2021,TC,Turks and Caicos Islands,AMRO,7,2325,0,17
29-03-2021,TC,Turks and Caicos Islands,AMRO,1,2326,0,17
30-03-2021,TC,Turks and Caicos Islands,AMRO,1,2327,0,17
31-03-2021,TC,Turks and Caicos Islands,AMRO,0,2327,0,17
01-04-2021,TC,Turks and Caicos Islands,AMRO,2,2329,0,17
02-04-2021,TC,Turks and Caicos Islands,AMRO,2,2331,0,17
03-04-2021,TC,Turks and Caicos Islands,AMRO,6,2337,0,17
04-04-2021,TC,Turks and Caicos Islands,AMRO,7,2344,0,17
05-04-2021,TC,Turks and Caicos Islands,AMRO,0,2344,0,17
06-04-2021,TC,Turks and Caicos Islands,AMRO,0,2344,0,17
07-04-2021,TC,Turks and Caicos Islands,AMRO,0,2344,0,17
08-04-2021,TC,Turks and Caicos Islands,AMRO,0,2344,0,17
09-04-2021,TC,Turks and Caicos Islands,AMRO,0,2344,0,17
10-04-2021,TC,Turks and Caicos Islands,AMRO,0,2344,0,17
11-04-2021,TC,Turks and Caicos Islands,AMRO,0,2344,0,17
12-04-2021,TC,Turks and Caicos Islands,AMRO,13,2357,0,17
13-04-2021,TC,Turks and Caicos Islands,AMRO,0,2357,0,17
14-04-2021,TC,Turks and Caicos Islands,AMRO,0,2357,0,17
15-04-2021,TC,Turks and Caicos Islands,AMRO,3,2360,0,17
16-04-2021,TC,Turks and Caicos Islands,AMRO,7,2367,0,17
17-04-2021,TC,Turks and Caicos Islands,AMRO,0,2367,0,17
18-04-2021,TC,Turks and Caicos Islands,AMRO,2,2369,0,17
19-04-2021,TC,Turks and Caicos Islands,AMRO,0,2369,0,17
20-04-2021,TC,Turks and Caicos Islands,AMRO,0,2369,0,17
21-04-2021,TC,Turks and Caicos Islands,AMRO,0,2369,0,17
22-04-2021,TC,Turks and Caicos Islands,AMRO,2,2371,0,17
23-04-2021,TC,Turks and Caicos Islands,AMRO,0,2371,0,17
24-04-2021,TC,Turks and Caicos Islands,AMRO,4,2375,0,17
25-04-2021,TC,Turks and Caicos Islands,AMRO,1,2376,0,17
26-04-2021,TC,Turks and Caicos Islands,AMRO,0,2376,0,17
27-04-2021,TC,Turks and Caicos Islands,AMRO,0,2376,0,17
28-04-2021,TC,Turks and Caicos Islands,AMRO,3,2379,0,17
29-04-2021,TC,Turks and Caicos Islands,AMRO,5,2384,0,17
30-04-2021,TC,Turks and Caicos Islands,AMRO,2,2386,0,17
01-05-2021,TC,Turks and Caicos Islands,AMRO,2,2388,0,17
02-05-2021,TC,Turks and Caicos Islands,AMRO,2,2390,0,17
03-05-2021,TC,Turks and Caicos Islands,AMRO,0,2390,0,17
04-05-2021,TC,Turks and Caicos Islands,AMRO,3,2393,0,17
05-05-2021,TC,Turks and Caicos Islands,AMRO,0,2393,0,17
06-05-2021,TC,Turks and Caicos Islands,AMRO,3,2396,0,17
07-05-2021,TC,Turks and Caicos Islands,AMRO,4,2400,0,17
08-05-2021,TC,Turks and Caicos Islands,AMRO,2,2402,0,17
09-05-2021,TC,Turks and Caicos Islands,AMRO,0,2402,0,17
10-05-2021,TC,Turks and Caicos Islands,AMRO,0,2402,0,17
11-05-2021,TC,Turks and Caicos Islands,AMRO,0,2402,0,17
12-05-2021,TC,Turks and Caicos Islands,AMRO,0,2402,0,17
13-05-2021,TC,Turks and Caicos Islands,AMRO,2,2404,0,17
14-05-2021,TC,Turks and Caicos Islands,AMRO,0,2404,0,17
15-05-2021,TC,Turks and Caicos Islands,AMRO,0,2404,0,17
16-05-2021,TC,Turks and Caicos Islands,AMRO,0,2404,0,17
17-05-2021,TC,Turks and Caicos Islands,AMRO,0,2404,0,17
18-05-2021,TC,Turks and Caicos Islands,AMRO,0,2404,0,17
19-05-2021,TC,Turks and Caicos Islands,AMRO,0,2404,0,17
20-05-2021,TC,Turks and Caicos Islands,AMRO,2,2406,0,17
21-05-2021,TC,Turks and Caicos Islands,AMRO,1,2407,0,17
22-05-2021,TC,Turks and Caicos Islands,AMRO,0,2407,0,17
23-05-2021,TC,Turks and Caicos Islands,AMRO,1,2408,0,17
24-05-2021,TC,Turks and Caicos Islands,AMRO,1,2409,0,17
25-05-2021,TC,Turks and Caicos Islands,AMRO,0,2409,0,17
26-05-2021,TC,Turks and Caicos Islands,AMRO,0,2409,0,17
27-05-2021,TC,Turks and Caicos Islands,AMRO,0,2409,0,17
28-05-2021,TC,Turks and Caicos Islands,AMRO,0,2409,0,17
29-05-2021,TC,Turks and Caicos Islands,AMRO,2,2411,0,17
30-05-2021,TC,Turks and Caicos Islands,AMRO,1,2412,0,17
01-01-2021,TV,Tuvalu,WPRO,0,0,0,0
02-01-2021,TV,Tuvalu,WPRO,0,0,0,0
03-01-2021,TV,Tuvalu,WPRO,0,0,0,0
04-01-2021,TV,Tuvalu,WPRO,0,0,0,0
05-01-2021,TV,Tuvalu,WPRO,0,0,0,0
06-01-2021,TV,Tuvalu,WPRO,0,0,0,0
07-01-2021,TV,Tuvalu,WPRO,0,0,0,0
08-01-2021,TV,Tuvalu,WPRO,0,0,0,0
09-01-2021,TV,Tuvalu,WPRO,0,0,0,0
10-01-2021,TV,Tuvalu,WPRO,0,0,0,0
11-01-2021,TV,Tuvalu,WPRO,0,0,0,0
12-01-2021,TV,Tuvalu,WPRO,0,0,0,0
13-01-2021,TV,Tuvalu,WPRO,0,0,0,0
14-01-2021,TV,Tuvalu,WPRO,0,0,0,0
15-01-2021,TV,Tuvalu,WPRO,0,0,0,0
16-01-2021,TV,Tuvalu,WPRO,0,0,0,0
17-01-2021,TV,Tuvalu,WPRO,0,0,0,0
18-01-2021,TV,Tuvalu,WPRO,0,0,0,0
19-01-2021,TV,Tuvalu,WPRO,0,0,0,0
20-01-2021,TV,Tuvalu,WPRO,0,0,0,0
21-01-2021,TV,Tuvalu,WPRO,0,0,0,0
22-01-2021,TV,Tuvalu,WPRO,0,0,0,0
23-01-2021,TV,Tuvalu,WPRO,0,0,0,0
24-01-2021,TV,Tuvalu,WPRO,0,0,0,0
25-01-2021,TV,Tuvalu,WPRO,0,0,0,0
26-01-2021,TV,Tuvalu,WPRO,0,0,0,0
27-01-2021,TV,Tuvalu,WPRO,0,0,0,0
28-01-2021,TV,Tuvalu,WPRO,0,0,0,0
29-01-2021,TV,Tuvalu,WPRO,0,0,0,0
30-01-2021,TV,Tuvalu,WPRO,0,0,0,0
31-01-2021,TV,Tuvalu,WPRO,0,0,0,0
01-02-2021,TV,Tuvalu,WPRO,0,0,0,0
02-02-2021,TV,Tuvalu,WPRO,0,0,0,0
03-02-2021,TV,Tuvalu,WPRO,0,0,0,0
04-02-2021,TV,Tuvalu,WPRO,0,0,0,0
05-02-2021,TV,Tuvalu,WPRO,0,0,0,0
06-02-2021,TV,Tuvalu,WPRO,0,0,0,0
07-02-2021,TV,Tuvalu,WPRO,0,0,0,0
08-02-2021,TV,Tuvalu,WPRO,0,0,0,0
09-02-2021,TV,Tuvalu,WPRO,0,0,0,0
10-02-2021,TV,Tuvalu,WPRO,0,0,0,0
11-02-2021,TV,Tuvalu,WPRO,0,0,0,0
12-02-2021,TV,Tuvalu,WPRO,0,0,0,0
13-02-2021,TV,Tuvalu,WPRO,0,0,0,0
14-02-2021,TV,Tuvalu,WPRO,0,0,0,0
15-02-2021,TV,Tuvalu,WPRO,0,0,0,0
16-02-2021,TV,Tuvalu,WPRO,0,0,0,0
17-02-2021,TV,Tuvalu,WPRO,0,0,0,0
18-02-2021,TV,Tuvalu,WPRO,0,0,0,0
19-02-2021,TV,Tuvalu,WPRO,0,0,0,0
20-02-2021,TV,Tuvalu,WPRO,0,0,0,0
21-02-2021,TV,Tuvalu,WPRO,0,0,0,0
22-02-2021,TV,Tuvalu,WPRO,0,0,0,0
23-02-2021,TV,Tuvalu,WPRO,0,0,0,0
24-02-2021,TV,Tuvalu,WPRO,0,0,0,0
25-02-2021,TV,Tuvalu,WPRO,0,0,0,0
26-02-2021,TV,Tuvalu,WPRO,0,0,0,0
27-02-2021,TV,Tuvalu,WPRO,0,0,0,0
28-02-2021,TV,Tuvalu,WPRO,0,0,0,0
01-03-2021,TV,Tuvalu,WPRO,0,0,0,0
02-03-2021,TV,Tuvalu,WPRO,0,0,0,0
03-03-2021,TV,Tuvalu,WPRO,0,0,0,0
04-03-2021,TV,Tuvalu,WPRO,0,0,0,0
05-03-2021,TV,Tuvalu,WPRO,0,0,0,0
06-03-2021,TV,Tuvalu,WPRO,0,0,0,0
07-03-2021,TV,Tuvalu,WPRO,0,0,0,0
08-03-2021,TV,Tuvalu,WPRO,0,0,0,0
09-03-2021,TV,Tuvalu,WPRO,0,0,0,0
10-03-2021,TV,Tuvalu,WPRO,0,0,0,0
11-03-2021,TV,Tuvalu,WPRO,0,0,0,0
12-03-2021,TV,Tuvalu,WPRO,0,0,0,0
13-03-2021,TV,Tuvalu,WPRO,0,0,0,0
14-03-2021,TV,Tuvalu,WPRO,0,0,0,0
15-03-2021,TV,Tuvalu,WPRO,0,0,0,0
16-03-2021,TV,Tuvalu,WPRO,0,0,0,0
17-03-2021,TV,Tuvalu,WPRO,0,0,0,0
18-03-2021,TV,Tuvalu,WPRO,0,0,0,0
19-03-2021,TV,Tuvalu,WPRO,0,0,0,0
20-03-2021,TV,Tuvalu,WPRO,0,0,0,0
21-03-2021,TV,Tuvalu,WPRO,0,0,0,0
22-03-2021,TV,Tuvalu,WPRO,0,0,0,0
23-03-2021,TV,Tuvalu,WPRO,0,0,0,0
24-03-2021,TV,Tuvalu,WPRO,0,0,0,0
25-03-2021,TV,Tuvalu,WPRO,0,0,0,0
26-03-2021,TV,Tuvalu,WPRO,0,0,0,0
27-03-2021,TV,Tuvalu,WPRO,0,0,0,0
28-03-2021,TV,Tuvalu,WPRO,0,0,0,0
29-03-2021,TV,Tuvalu,WPRO,0,0,0,0
30-03-2021,TV,Tuvalu,WPRO,0,0,0,0
31-03-2021,TV,Tuvalu,WPRO,0,0,0,0
01-04-2021,TV,Tuvalu,WPRO,0,0,0,0
02-04-2021,TV,Tuvalu,WPRO,0,0,0,0
03-04-2021,TV,Tuvalu,WPRO,0,0,0,0
04-04-2021,TV,Tuvalu,WPRO,0,0,0,0
05-04-2021,TV,Tuvalu,WPRO,0,0,0,0
06-04-2021,TV,Tuvalu,WPRO,0,0,0,0
07-04-2021,TV,Tuvalu,WPRO,0,0,0,0
08-04-2021,TV,Tuvalu,WPRO,0,0,0,0
09-04-2021,TV,Tuvalu,WPRO,0,0,0,0
10-04-2021,TV,Tuvalu,WPRO,0,0,0,0
11-04-2021,TV,Tuvalu,WPRO,0,0,0,0
12-04-2021,TV,Tuvalu,WPRO,0,0,0,0
13-04-2021,TV,Tuvalu,WPRO,0,0,0,0
14-04-2021,TV,Tuvalu,WPRO,0,0,0,0
15-04-2021,TV,Tuvalu,WPRO,0,0,0,0
16-04-2021,TV,Tuvalu,WPRO,0,0,0,0
17-04-2021,TV,Tuvalu,WPRO,0,0,0,0
18-04-2021,TV,Tuvalu,WPRO,0,0,0,0
19-04-2021,TV,Tuvalu,WPRO,0,0,0,0
20-04-2021,TV,Tuvalu,WPRO,0,0,0,0
21-04-2021,TV,Tuvalu,WPRO,0,0,0,0
22-04-2021,TV,Tuvalu,WPRO,0,0,0,0
23-04-2021,TV,Tuvalu,WPRO,0,0,0,0
24-04-2021,TV,Tuvalu,WPRO,0,0,0,0
25-04-2021,TV,Tuvalu,WPRO,0,0,0,0
26-04-2021,TV,Tuvalu,WPRO,0,0,0,0
27-04-2021,TV,Tuvalu,WPRO,0,0,0,0
28-04-2021,TV,Tuvalu,WPRO,0,0,0,0
29-04-2021,TV,Tuvalu,WPRO,0,0,0,0
30-04-2021,TV,Tuvalu,WPRO,0,0,0,0
01-05-2021,TV,Tuvalu,WPRO,0,0,0,0
02-05-2021,TV,Tuvalu,WPRO,0,0,0,0
03-05-2021,TV,Tuvalu,WPRO,0,0,0,0
04-05-2021,TV,Tuvalu,WPRO,0,0,0,0
05-05-2021,TV,Tuvalu,WPRO,0,0,0,0
06-05-2021,TV,Tuvalu,WPRO,0,0,0,0
07-05-2021,TV,Tuvalu,WPRO,0,0,0,0
08-05-2021,TV,Tuvalu,WPRO,0,0,0,0
09-05-2021,TV,Tuvalu,WPRO,0,0,0,0
10-05-2021,TV,Tuvalu,WPRO,0,0,0,0
11-05-2021,TV,Tuvalu,WPRO,0,0,0,0
12-05-2021,TV,Tuvalu,WPRO,0,0,0,0
13-05-2021,TV,Tuvalu,WPRO,0,0,0,0
14-05-2021,TV,Tuvalu,WPRO,0,0,0,0
15-05-2021,TV,Tuvalu,WPRO,0,0,0,0
16-05-2021,TV,Tuvalu,WPRO,0,0,0,0
17-05-2021,TV,Tuvalu,WPRO,0,0,0,0
18-05-2021,TV,Tuvalu,WPRO,0,0,0,0
19-05-2021,TV,Tuvalu,WPRO,0,0,0,0
20-05-2021,TV,Tuvalu,WPRO,0,0,0,0
21-05-2021,TV,Tuvalu,WPRO,0,0,0,0
22-05-2021,TV,Tuvalu,WPRO,0,0,0,0
23-05-2021,TV,Tuvalu,WPRO,0,0,0,0
24-05-2021,TV,Tuvalu,WPRO,0,0,0,0
25-05-2021,TV,Tuvalu,WPRO,0,0,0,0
26-05-2021,TV,Tuvalu,WPRO,0,0,0,0
27-05-2021,TV,Tuvalu,WPRO,0,0,0,0
28-05-2021,TV,Tuvalu,WPRO,0,0,0,0
29-05-2021,TV,Tuvalu,WPRO,0,0,0,0
30-05-2021,TV,Tuvalu,WPRO,0,0,0,0
01-01-2021,UG,Uganda,AFRO,539,35216,2,251
02-01-2021,UG,Uganda,AFRO,0,35216,0,251
03-01-2021,UG,Uganda,AFRO,496,35712,23,274
04-01-2021,UG,Uganda,AFRO,210,35922,0,274
05-01-2021,UG,Uganda,AFRO,128,36050,0,274
06-01-2021,UG,Uganda,AFRO,0,36050,0,274
07-01-2021,UG,Uganda,AFRO,652,36702,20,294
08-01-2021,UG,Uganda,AFRO,372,37074,3,297
09-01-2021,UG,Uganda,AFRO,222,37296,3,300
10-01-2021,UG,Uganda,AFRO,258,37554,1,301
11-01-2021,UG,Uganda,AFRO,188,37742,0,301
12-01-2021,UG,Uganda,AFRO,66,37808,1,302
13-01-2021,UG,Uganda,AFRO,140,37948,1,303
14-01-2021,UG,Uganda,AFRO,137,38085,1,304
15-01-2021,UG,Uganda,AFRO,0,38085,0,304
16-01-2021,UG,Uganda,AFRO,0,38085,0,304
17-01-2021,UG,Uganda,AFRO,0,38085,0,304
18-01-2021,UG,Uganda,AFRO,0,38085,0,304
19-01-2021,UG,Uganda,AFRO,0,38085,0,304
20-01-2021,UG,Uganda,AFRO,449,38534,1,305
21-01-2021,UG,Uganda,AFRO,94,38628,0,305
22-01-2021,UG,Uganda,AFRO,178,38806,11,316
23-01-2021,UG,Uganda,AFRO,129,38935,1,317
24-01-2021,UG,Uganda,AFRO,109,39044,0,317
25-01-2021,UG,Uganda,AFRO,105,39149,0,317
26-01-2021,UG,Uganda,AFRO,39,39188,1,318
27-01-2021,UG,Uganda,AFRO,73,39261,0,318
28-01-2021,UG,Uganda,AFRO,53,39314,0,318
29-01-2021,UG,Uganda,AFRO,110,39424,0,318
30-01-2021,UG,Uganda,AFRO,66,39490,6,324
31-01-2021,UG,Uganda,AFRO,43,39533,0,324
01-02-2021,UG,Uganda,AFRO,46,39579,0,324
02-02-2021,UG,Uganda,AFRO,27,39606,1,325
03-02-2021,UG,Uganda,AFRO,45,39651,0,325
04-02-2021,UG,Uganda,AFRO,34,39685,2,327
05-02-2021,UG,Uganda,AFRO,50,39735,0,327
06-02-2021,UG,Uganda,AFRO,54,39789,0,327
07-02-2021,UG,Uganda,AFRO,32,39821,0,327
08-02-2021,UG,Uganda,AFRO,27,39848,0,327
09-02-2021,UG,Uganda,AFRO,12,39860,0,327
10-02-2021,UG,Uganda,AFRO,23,39883,0,327
11-02-2021,UG,Uganda,AFRO,28,39911,1,328
12-02-2021,UG,Uganda,AFRO,31,39942,0,328
13-02-2021,UG,Uganda,AFRO,37,39979,0,328
14-02-2021,UG,Uganda,AFRO,40,40019,0,328
15-02-2021,UG,Uganda,AFRO,0,40019,0,328
16-02-2021,UG,Uganda,AFRO,36,40055,0,328
17-02-2021,UG,Uganda,AFRO,26,40081,3,331
18-02-2021,UG,Uganda,AFRO,21,40102,0,331
19-02-2021,UG,Uganda,AFRO,52,40154,0,331
20-02-2021,UG,Uganda,AFRO,14,40168,0,331
21-02-2021,UG,Uganda,AFRO,31,40199,2,333
22-02-2021,UG,Uganda,AFRO,14,40213,0,333
23-02-2021,UG,Uganda,AFRO,8,40221,0,333
24-02-2021,UG,Uganda,AFRO,22,40243,0,333
25-02-2021,UG,Uganda,AFRO,18,40261,1,334
26-02-2021,UG,Uganda,AFRO,39,40300,0,334
27-02-2021,UG,Uganda,AFRO,22,40322,0,334
28-02-2021,UG,Uganda,AFRO,13,40335,0,334
01-03-2021,UG,Uganda,AFRO,22,40357,0,334
02-03-2021,UG,Uganda,AFRO,10,40367,0,334
03-03-2021,UG,Uganda,AFRO,28,40395,0,334
04-03-2021,UG,Uganda,AFRO,13,40408,0,334
05-03-2021,UG,Uganda,AFRO,18,40426,0,334
06-03-2021,UG,Uganda,AFRO,26,40452,0,334
07-03-2021,UG,Uganda,AFRO,0,40452,0,334
08-03-2021,UG,Uganda,AFRO,12,40464,0,334
09-03-2021,UG,Uganda,AFRO,21,40485,0,334
10-03-2021,UG,Uganda,AFRO,5,40490,0,334
11-03-2021,UG,Uganda,AFRO,30,40520,0,334
12-03-2021,UG,Uganda,AFRO,15,40535,0,334
13-03-2021,UG,Uganda,AFRO,9,40544,0,334
14-03-2021,UG,Uganda,AFRO,0,40544,0,334
15-03-2021,UG,Uganda,AFRO,37,40581,0,334
16-03-2021,UG,Uganda,AFRO,10,40591,0,334
17-03-2021,UG,Uganda,AFRO,2,40593,0,334
18-03-2021,UG,Uganda,AFRO,14,40607,0,334
19-03-2021,UG,Uganda,AFRO,18,40625,0,334
20-03-2021,UG,Uganda,AFRO,26,40651,0,334
21-03-2021,UG,Uganda,AFRO,0,40651,0,334
22-03-2021,UG,Uganda,AFRO,20,40671,5,339
23-03-2021,UG,Uganda,AFRO,16,40687,0,339
24-03-2021,UG,Uganda,AFRO,32,40719,-5,334
25-03-2021,UG,Uganda,AFRO,0,40719,0,334
26-03-2021,UG,Uganda,AFRO,14,40733,0,334
27-03-2021,UG,Uganda,AFRO,17,40750,1,335
28-03-2021,UG,Uganda,AFRO,17,40767,0,335
29-03-2021,UG,Uganda,AFRO,53,40820,0,335
30-03-2021,UG,Uganda,AFRO,0,40820,0,335
31-03-2021,UG,Uganda,AFRO,19,40839,0,335
01-04-2021,UG,Uganda,AFRO,28,40867,0,335
02-04-2021,UG,Uganda,AFRO,22,40889,0,335
03-04-2021,UG,Uganda,AFRO,35,40924,0,335
04-04-2021,UG,Uganda,AFRO,38,40962,0,335
05-04-2021,UG,Uganda,AFRO,0,40962,0,335
06-04-2021,UG,Uganda,AFRO,54,41016,0,335
07-04-2021,UG,Uganda,AFRO,7,41023,0,335
08-04-2021,UG,Uganda,AFRO,23,41046,2,337
09-04-2021,UG,Uganda,AFRO,16,41062,0,337
10-04-2021,UG,Uganda,AFRO,24,41086,0,337
11-04-2021,UG,Uganda,AFRO,27,41113,0,337
12-04-2021,UG,Uganda,AFRO,27,41140,0,337
13-04-2021,UG,Uganda,AFRO,34,41174,0,337
14-04-2021,UG,Uganda,AFRO,30,41204,0,337
15-04-2021,UG,Uganda,AFRO,33,41237,1,338
16-04-2021,UG,Uganda,AFRO,26,41263,0,338
17-04-2021,UG,Uganda,AFRO,47,41310,0,338
18-04-2021,UG,Uganda,AFRO,30,41340,0,338
19-04-2021,UG,Uganda,AFRO,38,41378,0,338
20-04-2021,UG,Uganda,AFRO,18,41396,1,339
21-04-2021,UG,Uganda,AFRO,26,41422,2,341
22-04-2021,UG,Uganda,AFRO,53,41475,0,341
23-04-2021,UG,Uganda,AFRO,54,41529,0,341
24-04-2021,UG,Uganda,AFRO,46,41575,0,341
25-04-2021,UG,Uganda,AFRO,0,41575,0,341
26-04-2021,UG,Uganda,AFRO,80,41655,0,341
27-04-2021,UG,Uganda,AFRO,60,41715,0,341
28-04-2021,UG,Uganda,AFRO,22,41737,0,341
29-04-2021,UG,Uganda,AFRO,29,41766,0,341
30-04-2021,UG,Uganda,AFRO,31,41797,1,342
01-05-2021,UG,Uganda,AFRO,110,41907,1,343
02-05-2021,UG,Uganda,AFRO,0,41907,0,343
03-05-2021,UG,Uganda,AFRO,66,41973,-1,342
04-05-2021,UG,Uganda,AFRO,0,41973,0,342
05-05-2021,UG,Uganda,AFRO,59,42032,0,342
06-05-2021,UG,Uganda,AFRO,70,42102,1,343
07-05-2021,UG,Uganda,AFRO,50,42152,2,345
08-05-2021,UG,Uganda,AFRO,72,42224,1,346
09-05-2021,UG,Uganda,AFRO,84,42308,0,346
10-05-2021,UG,Uganda,AFRO,76,42384,0,346
11-05-2021,UG,Uganda,AFRO,0,42384,0,346
12-05-2021,UG,Uganda,AFRO,43,42427,0,346
13-05-2021,UG,Uganda,AFRO,60,42487,0,346
14-05-2021,UG,Uganda,AFRO,91,42578,0,346
15-05-2021,UG,Uganda,AFRO,96,42674,1,347
16-05-2021,UG,Uganda,AFRO,0,42674,0,347
17-05-2021,UG,Uganda,AFRO,105,42779,0,347
18-05-2021,UG,Uganda,AFRO,80,42859,0,347
19-05-2021,UG,Uganda,AFRO,71,42930,2,349
20-05-2021,UG,Uganda,AFRO,164,43094,1,350
21-05-2021,UG,Uganda,AFRO,129,43223,0,350
22-05-2021,UG,Uganda,AFRO,147,43370,0,350
23-05-2021,UG,Uganda,AFRO,137,43507,0,350
24-05-2021,UG,Uganda,AFRO,227,43734,6,356
25-05-2021,UG,Uganda,AFRO,185,43919,1,357
26-05-2021,UG,Uganda,AFRO,155,44074,1,358
27-05-2021,UG,Uganda,AFRO,207,44281,1,359
28-05-2021,UG,Uganda,AFRO,313,44594,2,361
29-05-2021,UG,Uganda,AFRO,637,45231,0,361
30-05-2021,UG,Uganda,AFRO,700,45931,1,362
01-01-2021,UA,Ukraine,EURO,9432,1064479,147,18680
02-01-2021,UA,Ukraine,EURO,5038,1069517,51,18731
03-01-2021,UA,Ukraine,EURO,4576,1074093,123,18854
04-01-2021,UA,Ukraine,EURO,4158,1078251,73,18927
05-01-2021,UA,Ukraine,EURO,5334,1083585,202,19129
06-01-2021,UA,Ukraine,EURO,6911,1090496,228,19357
07-01-2021,UA,Ukraine,EURO,8997,1099493,148,19505
08-01-2021,UA,Ukraine,EURO,5676,1105169,83,19588
09-01-2021,UA,Ukraine,EURO,4846,1110015,80,19668
10-01-2021,UA,Ukraine,EURO,5011,1115026,99,19767
11-01-2021,UA,Ukraine,EURO,4288,1119314,68,19835
12-01-2021,UA,Ukraine,EURO,5116,1124430,184,20019
13-01-2021,UA,Ukraine,EURO,6409,1130839,195,20214
14-01-2021,UA,Ukraine,EURO,7925,1138764,162,20376
15-01-2021,UA,Ukraine,EURO,8199,1146963,166,20542
16-01-2021,UA,Ukraine,EURO,7729,1154692,144,20686
17-01-2021,UA,Ukraine,EURO,5990,1160682,116,20802
18-01-2021,UA,Ukraine,EURO,3034,1163716,67,20869
19-01-2021,UA,Ukraine,EURO,3939,1167655,177,21046
20-01-2021,UA,Ukraine,EURO,4383,1172038,212,21258
21-01-2021,UA,Ukraine,EURO,5583,1177621,241,21499
22-01-2021,UA,Ukraine,EURO,5348,1182969,163,21662
23-01-2021,UA,Ukraine,EURO,4928,1187897,116,21778
24-01-2021,UA,Ukraine,EURO,3915,1191812,83,21861
25-01-2021,UA,Ukraine,EURO,2516,1194328,63,21924
26-01-2021,UA,Ukraine,EURO,2779,1197107,133,22057
27-01-2021,UA,Ukraine,EURO,3776,1200883,145,22202
28-01-2021,UA,Ukraine,EURO,5529,1206412,149,22351
29-01-2021,UA,Ukraine,EURO,5181,1211593,128,22479
30-01-2021,UA,Ukraine,EURO,4685,1216278,149,22628
31-01-2021,UA,Ukraine,EURO,3177,1219455,79,22707
01-02-2021,UA,Ukraine,EURO,2030,1221485,61,22768
02-02-2021,UA,Ukraine,EURO,2394,1223879,156,22924
03-02-2021,UA,Ukraine,EURO,3285,1227164,165,23089
04-02-2021,UA,Ukraine,EURO,5082,1232246,140,23229
05-02-2021,UA,Ukraine,EURO,4923,1237169,158,23387
06-02-2021,UA,Ukraine,EURO,4310,1241479,129,23516
07-02-2021,UA,Ukraine,EURO,3370,1244849,81,23597
08-02-2021,UA,Ukraine,EURO,2141,1246990,47,23644
09-02-2021,UA,Ukraine,EURO,2656,1249646,127,23771
10-02-2021,UA,Ukraine,EURO,3409,1253055,163,23934
11-02-2021,UA,Ukraine,EURO,5039,1258094,124,24058
12-02-2021,UA,Ukraine,EURO,4773,1262867,116,24174
13-02-2021,UA,Ukraine,EURO,5182,1268049,111,24285
14-02-2021,UA,Ukraine,EURO,3094,1271143,45,24330
15-02-2021,UA,Ukraine,EURO,2332,1273475,62,24392
16-02-2021,UA,Ukraine,EURO,3143,1276618,150,24542
17-02-2021,UA,Ukraine,EURO,4286,1280904,147,24689
18-02-2021,UA,Ukraine,EURO,6237,1287141,163,24852
19-02-2021,UA,Ukraine,EURO,6531,1293672,120,24972
20-02-2021,UA,Ukraine,EURO,6295,1299967,73,25045
21-02-2021,UA,Ukraine,EURO,4489,1304456,58,25103
22-02-2021,UA,Ukraine,EURO,3206,1307662,53,25156
23-02-2021,UA,Ukraine,EURO,4182,1311844,153,25309
24-02-2021,UA,Ukraine,EURO,5850,1317694,152,25461
25-02-2021,UA,Ukraine,EURO,8147,1325841,135,25596
26-02-2021,UA,Ukraine,EURO,8003,1333844,146,25742
27-02-2021,UA,Ukraine,EURO,8172,1342016,151,25893
28-02-2021,UA,Ukraine,EURO,5833,1347849,89,25982
01-03-2021,UA,Ukraine,EURO,4285,1352134,68,26050
02-03-2021,UA,Ukraine,EURO,5336,1357470,162,26212
03-03-2021,UA,Ukraine,EURO,7235,1364705,185,26397
04-03-2021,UA,Ukraine,EURO,10057,1374762,194,26591
05-03-2021,UA,Ukraine,EURO,10155,1384917,172,26763
06-03-2021,UA,Ukraine,EURO,9144,1394061,156,26919
07-03-2021,UA,Ukraine,EURO,7167,1401228,103,27022
08-03-2021,UA,Ukraine,EURO,5572,1406800,106,27128
09-03-2021,UA,Ukraine,EURO,3261,1410061,76,27204
10-03-2021,UA,Ukraine,EURO,6377,1416438,219,27423
11-03-2021,UA,Ukraine,EURO,9084,1425522,262,27685
12-03-2021,UA,Ukraine,EURO,12946,1438468,230,27915
13-03-2021,UA,Ukraine,EURO,13276,1451744,243,28158
14-03-2021,UA,Ukraine,EURO,9012,1460756,145,28303
15-03-2021,UA,Ukraine,EURO,6792,1467548,130,28433
16-03-2021,UA,Ukraine,EURO,9642,1477190,264,28697
17-03-2021,UA,Ukraine,EURO,11833,1489023,289,28986
18-03-2021,UA,Ukraine,EURO,15053,1504076,267,29253
19-03-2021,UA,Ukraine,EURO,15850,1519926,262,29515
20-03-2021,UA,Ukraine,EURO,15292,1535218,260,29775
21-03-2021,UA,Ukraine,EURO,11145,1546363,166,29941
22-03-2021,UA,Ukraine,EURO,7893,1554256,157,30098
23-03-2021,UA,Ukraine,EURO,11476,1565732,333,30431
24-03-2021,UA,Ukraine,EURO,14174,1579906,342,30773
25-03-2021,UA,Ukraine,EURO,16669,1596575,362,31135
26-03-2021,UA,Ukraine,EURO,18132,1614707,326,31461
27-03-2021,UA,Ukraine,EURO,17424,1632131,290,31751
28-03-2021,UA,Ukraine,EURO,11932,1644063,203,31954
29-03-2021,UA,Ukraine,EURO,8346,1652409,178,32132
30-03-2021,UA,Ukraine,EURO,10533,1662942,286,32418
31-03-2021,UA,Ukraine,EURO,11226,1674168,407,32825
01-04-2021,UA,Ukraine,EURO,17569,1691737,421,33246
02-04-2021,UA,Ukraine,EURO,19893,1711630,433,33679
03-04-2021,UA,Ukraine,EURO,20341,1731971,396,34075
04-04-2021,UA,Ukraine,EURO,13738,1745709,258,34333
05-04-2021,UA,Ukraine,EURO,10179,1755888,254,34587
06-04-2021,UA,Ukraine,EURO,13276,1769164,430,35017
07-04-2021,UA,Ukraine,EURO,15415,1784579,481,35498
08-04-2021,UA,Ukraine,EURO,19419,1803998,464,35962
09-04-2021,UA,Ukraine,EURO,19676,1823674,419,36381
10-04-2021,UA,Ukraine,EURO,17463,1841137,398,36779
11-04-2021,UA,Ukraine,EURO,12112,1853249,235,37014
12-04-2021,UA,Ukraine,EURO,7856,1861105,287,37301
13-04-2021,UA,Ukraine,EURO,11680,1872785,457,37758
14-04-2021,UA,Ukraine,EURO,14553,1887338,467,38225
15-04-2021,UA,Ukraine,EURO,16427,1903765,433,38658
16-04-2021,UA,Ukraine,EURO,17479,1921244,438,39096
17-04-2021,UA,Ukraine,EURO,14984,1936228,440,39536
18-04-2021,UA,Ukraine,EURO,10282,1946510,250,39786
19-04-2021,UA,Ukraine,EURO,6506,1953016,214,40000
20-04-2021,UA,Ukraine,EURO,8940,1961956,367,40367
21-04-2021,UA,Ukraine,EURO,12162,1974118,429,40796
22-04-2021,UA,Ukraine,EURO,16235,1990353,470,41266
23-04-2021,UA,Ukraine,EURO,14277,2004630,434,41700
24-04-2021,UA,Ukraine,EURO,12711,2017341,392,42092
25-04-2021,UA,Ukraine,EURO,7930,2025271,231,42323
26-04-2021,UA,Ukraine,EURO,5062,2030333,195,42518
27-04-2021,UA,Ukraine,EURO,7915,2038248,432,42950
28-04-2021,UA,Ukraine,EURO,9590,2047838,441,43391
29-04-2021,UA,Ukraine,EURO,11627,2059465,387,43778
30-04-2021,UA,Ukraine,EURO,10072,2069537,307,44085
01-05-2021,UA,Ukraine,EURO,8549,2078086,351,44436
02-05-2021,UA,Ukraine,EURO,5094,2083180,160,44596
03-05-2021,UA,Ukraine,EURO,2758,2085938,154,44750
04-05-2021,UA,Ukraine,EURO,2472,2088410,166,44916
05-05-2021,UA,Ukraine,EURO,2576,2090986,161,45077
06-05-2021,UA,Ukraine,EURO,6038,2097024,374,45451
07-05-2021,UA,Ukraine,EURO,8404,2105428,379,45830
08-05-2021,UA,Ukraine,EURO,8710,2114138,370,46200
09-05-2021,UA,Ukraine,EURO,5372,2119510,193,46393
10-05-2021,UA,Ukraine,EURO,2817,2122327,119,46512
11-05-2021,UA,Ukraine,EURO,2208,2124535,119,46631
12-05-2021,UA,Ukraine,EURO,4538,2129073,356,46987
13-05-2021,UA,Ukraine,EURO,6813,2135886,346,47333
14-05-2021,UA,Ukraine,EURO,7562,2143448,287,47620
15-05-2021,UA,Ukraine,EURO,6796,2150244,322,47942
16-05-2021,UA,Ukraine,EURO,3620,2153864,133,48075
17-05-2021,UA,Ukraine,EURO,2136,2156000,109,48184
18-05-2021,UA,Ukraine,EURO,4095,2160095,285,48469
19-05-2021,UA,Ukraine,EURO,5138,2165233,227,48696
20-05-2021,UA,Ukraine,EURO,5165,2170398,203,48899
21-05-2021,UA,Ukraine,EURO,4984,2175382,202,49101
22-05-2021,UA,Ukraine,EURO,4606,2179988,178,49279
23-05-2021,UA,Ukraine,EURO,2533,2182521,89,49368
24-05-2021,UA,Ukraine,EURO,1334,2183855,68,49436
25-05-2021,UA,Ukraine,EURO,2608,2186463,249,49685
26-05-2021,UA,Ukraine,EURO,3395,2189858,208,49893
27-05-2021,UA,Ukraine,EURO,3509,2193367,183,50076
28-05-2021,UA,Ukraine,EURO,3306,2196673,156,50232
29-05-2021,UA,Ukraine,EURO,3096,2199769,156,50388
30-05-2021,UA,Ukraine,EURO,1703,2201472,84,50472
01-01-2021,AE,United Arab Emirates,EMRO,1730,207822,4,669
02-01-2021,AE,United Arab Emirates,EMRO,1856,209678,2,671
03-01-2021,AE,United Arab Emirates,EMRO,1963,211641,3,674
04-01-2021,AE,United Arab Emirates,EMRO,1590,213231,5,679
05-01-2021,AE,United Arab Emirates,EMRO,1501,214732,3,682
06-01-2021,AE,United Arab Emirates,EMRO,1967,216699,3,685
07-01-2021,AE,United Arab Emirates,EMRO,2067,218766,4,689
08-01-2021,AE,United Arab Emirates,EMRO,2988,221754,5,694
09-01-2021,AE,United Arab Emirates,EMRO,2950,224704,3,697
10-01-2021,AE,United Arab Emirates,EMRO,2998,227702,5,702
11-01-2021,AE,United Arab Emirates,EMRO,2876,230578,6,708
12-01-2021,AE,United Arab Emirates,EMRO,2404,232982,3,711
13-01-2021,AE,United Arab Emirates,EMRO,3243,236225,6,717
14-01-2021,AE,United Arab Emirates,EMRO,3362,239587,6,723
15-01-2021,AE,United Arab Emirates,EMRO,3382,242969,3,726
16-01-2021,AE,United Arab Emirates,EMRO,3407,246376,7,733
17-01-2021,AE,United Arab Emirates,EMRO,3432,249808,7,740
18-01-2021,AE,United Arab Emirates,EMRO,3453,253261,5,745
19-01-2021,AE,United Arab Emirates,EMRO,3471,256732,6,751
20-01-2021,AE,United Arab Emirates,EMRO,3491,260223,5,756
21-01-2021,AE,United Arab Emirates,EMRO,3506,263729,6,762
22-01-2021,AE,United Arab Emirates,EMRO,3529,267258,4,766
23-01-2021,AE,United Arab Emirates,EMRO,3552,270810,10,776
24-01-2021,AE,United Arab Emirates,EMRO,3566,274376,7,783
25-01-2021,AE,United Arab Emirates,EMRO,3579,277955,9,792
26-01-2021,AE,United Arab Emirates,EMRO,3591,281546,6,798
27-01-2021,AE,United Arab Emirates,EMRO,3601,285147,7,805
28-01-2021,AE,United Arab Emirates,EMRO,3939,289086,6,811
29-01-2021,AE,United Arab Emirates,EMRO,3966,293052,8,819
30-01-2021,AE,United Arab Emirates,EMRO,3962,297014,7,826
31-01-2021,AE,United Arab Emirates,EMRO,3647,300661,12,838
01-02-2021,AE,United Arab Emirates,EMRO,2948,303609,12,850
02-02-2021,AE,United Arab Emirates,EMRO,2730,306339,9,859
03-02-2021,AE,United Arab Emirates,EMRO,3310,309649,7,866
04-02-2021,AE,United Arab Emirates,EMRO,3977,313626,12,878
05-02-2021,AE,United Arab Emirates,EMRO,3249,316875,10,888
06-02-2021,AE,United Arab Emirates,EMRO,3251,320126,14,902
07-02-2021,AE,United Arab Emirates,EMRO,3276,323402,12,914
08-02-2021,AE,United Arab Emirates,EMRO,3093,326495,7,921
09-02-2021,AE,United Arab Emirates,EMRO,2798,329293,9,930
10-02-2021,AE,United Arab Emirates,EMRO,3310,332603,17,947
11-02-2021,AE,United Arab Emirates,EMRO,3539,336142,9,956
12-02-2021,AE,United Arab Emirates,EMRO,3525,339667,18,974
13-02-2021,AE,United Arab Emirates,EMRO,3307,342974,12,986
14-02-2021,AE,United Arab Emirates,EMRO,2631,345605,15,1001
15-02-2021,AE,United Arab Emirates,EMRO,3167,348772,13,1014
16-02-2021,AE,United Arab Emirates,EMRO,3123,351895,13,1027
17-02-2021,AE,United Arab Emirates,EMRO,3236,355131,14,1041
18-02-2021,AE,United Arab Emirates,EMRO,3452,358583,14,1055
19-02-2021,AE,United Arab Emirates,EMRO,3294,361877,18,1073
20-02-2021,AE,United Arab Emirates,EMRO,3140,365017,20,1093
21-02-2021,AE,United Arab Emirates,EMRO,3158,368175,15,1108
22-02-2021,AE,United Arab Emirates,EMRO,2250,370425,17,1125
23-02-2021,AE,United Arab Emirates,EMRO,2105,372530,15,1140
24-02-2021,AE,United Arab Emirates,EMRO,3005,375535,5,1145
25-02-2021,AE,United Arab Emirates,EMRO,3102,378637,19,1164
26-02-2021,AE,United Arab Emirates,EMRO,3025,381662,18,1182
27-02-2021,AE,United Arab Emirates,EMRO,3498,385160,16,1198
28-02-2021,AE,United Arab Emirates,EMRO,3434,388594,15,1213
01-03-2021,AE,United Arab Emirates,EMRO,2930,391524,8,1221
02-03-2021,AE,United Arab Emirates,EMRO,2526,394050,17,1238
03-03-2021,AE,United Arab Emirates,EMRO,2721,396771,15,1253
04-03-2021,AE,United Arab Emirates,EMRO,2692,399463,16,1269
05-03-2021,AE,United Arab Emirates,EMRO,2742,402205,17,1286
06-03-2021,AE,United Arab Emirates,EMRO,3072,405277,10,1296
07-03-2021,AE,United Arab Emirates,EMRO,2959,408236,14,1310
08-03-2021,AE,United Arab Emirates,EMRO,2613,410849,12,1322
09-03-2021,AE,United Arab Emirates,EMRO,2483,413332,13,1335
10-03-2021,AE,United Arab Emirates,EMRO,2373,415705,10,1345
11-03-2021,AE,United Arab Emirates,EMRO,2204,417909,8,1353
12-03-2021,AE,United Arab Emirates,EMRO,2087,419996,16,1369
13-03-2021,AE,United Arab Emirates,EMRO,2250,422246,9,1378
14-03-2021,AE,United Arab Emirates,EMRO,2159,424405,10,1388
15-03-2021,AE,United Arab Emirates,EMRO,1992,426397,7,1395
16-03-2021,AE,United Arab Emirates,EMRO,1898,428295,7,1402
17-03-2021,AE,United Arab Emirates,EMRO,2018,430313,4,1406
18-03-2021,AE,United Arab Emirates,EMRO,2051,432364,8,1414
19-03-2021,AE,United Arab Emirates,EMRO,2101,434465,10,1424
20-03-2021,AE,United Arab Emirates,EMRO,2160,436625,4,1428
21-03-2021,AE,United Arab Emirates,EMRO,2013,438638,5,1433
22-03-2021,AE,United Arab Emirates,EMRO,1717,440355,5,1438
23-03-2021,AE,United Arab Emirates,EMRO,1871,442226,7,1445
24-03-2021,AE,United Arab Emirates,EMRO,2172,444398,6,1451
25-03-2021,AE,United Arab Emirates,EMRO,2196,446594,5,1456
26-03-2021,AE,United Arab Emirates,EMRO,2043,448637,10,1466
27-03-2021,AE,United Arab Emirates,EMRO,2128,450765,6,1472
28-03-2021,AE,United Arab Emirates,EMRO,2304,453069,5,1477
29-03-2021,AE,United Arab Emirates,EMRO,2128,455197,4,1481
30-03-2021,AE,United Arab Emirates,EMRO,1874,457071,5,1486
31-03-2021,AE,United Arab Emirates,EMRO,2289,459360,6,1492
01-04-2021,AE,United Arab Emirates,EMRO,2084,461444,5,1497
02-04-2021,AE,United Arab Emirates,EMRO,2315,463759,2,1499
03-04-2021,AE,United Arab Emirates,EMRO,2180,465939,3,1502
04-04-2021,AE,United Arab Emirates,EMRO,2084,468023,2,1504
05-04-2021,AE,United Arab Emirates,EMRO,2113,470136,6,1510
06-04-2021,AE,United Arab Emirates,EMRO,2012,472148,2,1512
07-04-2021,AE,United Arab Emirates,EMRO,1988,474136,4,1516
08-04-2021,AE,United Arab Emirates,EMRO,1883,476019,4,1520
09-04-2021,AE,United Arab Emirates,EMRO,2112,478131,3,1523
10-04-2021,AE,United Arab Emirates,EMRO,1875,480006,3,1526
11-04-2021,AE,United Arab Emirates,EMRO,1931,481937,3,1529
12-04-2021,AE,United Arab Emirates,EMRO,1810,483747,2,1531
13-04-2021,AE,United Arab Emirates,EMRO,1928,485675,2,1533
14-04-2021,AE,United Arab Emirates,EMRO,2022,487697,4,1537
15-04-2021,AE,United Arab Emirates,EMRO,1798,489495,4,1541
16-04-2021,AE,United Arab Emirates,EMRO,1928,491423,4,1545
17-04-2021,AE,United Arab Emirates,EMRO,1843,493266,2,1547
18-04-2021,AE,United Arab Emirates,EMRO,1958,495224,3,1550
19-04-2021,AE,United Arab Emirates,EMRO,1930,497154,4,1554
20-04-2021,AE,United Arab Emirates,EMRO,1803,498957,2,1556
21-04-2021,AE,United Arab Emirates,EMRO,1903,500860,3,1559
22-04-2021,AE,United Arab Emirates,EMRO,1931,502791,2,1561
23-04-2021,AE,United Arab Emirates,EMRO,2081,504872,4,1565
24-04-2021,AE,United Arab Emirates,EMRO,1973,506845,2,1567
25-04-2021,AE,United Arab Emirates,EMRO,2080,508925,2,1569
26-04-2021,AE,United Arab Emirates,EMRO,1813,510738,2,1571
27-04-2021,AE,United Arab Emirates,EMRO,1759,512497,2,1573
28-04-2021,AE,United Arab Emirates,EMRO,2094,514591,5,1578
29-04-2021,AE,United Arab Emirates,EMRO,1710,516301,2,1580
30-04-2021,AE,United Arab Emirates,EMRO,1961,518262,4,1584
01-05-2021,AE,United Arab Emirates,EMRO,1974,520236,3,1587
02-05-2021,AE,United Arab Emirates,EMRO,1712,521948,4,1591
03-05-2021,AE,United Arab Emirates,EMRO,1847,523795,2,1593
04-05-2021,AE,United Arab Emirates,EMRO,1772,525567,3,1596
05-05-2021,AE,United Arab Emirates,EMRO,1699,527266,2,1598
06-05-2021,AE,United Arab Emirates,EMRO,1954,529220,3,1601
07-05-2021,AE,United Arab Emirates,EMRO,1724,530944,3,1604
08-05-2021,AE,United Arab Emirates,EMRO,1766,532710,3,1607
09-05-2021,AE,United Arab Emirates,EMRO,1735,534445,3,1610
10-05-2021,AE,United Arab Emirates,EMRO,1572,536017,3,1613
11-05-2021,AE,United Arab Emirates,EMRO,1507,537524,2,1615
12-05-2021,AE,United Arab Emirates,EMRO,1614,539138,2,1617
13-05-2021,AE,United Arab Emirates,EMRO,1508,540646,2,1619
14-05-2021,AE,United Arab Emirates,EMRO,1512,542158,4,1623
15-05-2021,AE,United Arab Emirates,EMRO,1452,543610,3,1626
16-05-2021,AE,United Arab Emirates,EMRO,1321,544931,3,1629
17-05-2021,AE,United Arab Emirates,EMRO,1251,546182,2,1631
18-05-2021,AE,United Arab Emirates,EMRO,1229,547411,2,1633
19-05-2021,AE,United Arab Emirates,EMRO,1270,548681,4,1637
20-05-2021,AE,United Arab Emirates,EMRO,1348,550029,2,1639
21-05-2021,AE,United Arab Emirates,EMRO,1401,551430,3,1642
22-05-2021,AE,United Arab Emirates,EMRO,1490,552920,2,1644
23-05-2021,AE,United Arab Emirates,EMRO,1596,554516,4,1648
24-05-2021,AE,United Arab Emirates,EMRO,1591,556107,3,1651
25-05-2021,AE,United Arab Emirates,EMRO,1512,557619,3,1654
26-05-2021,AE,United Arab Emirates,EMRO,1672,559291,4,1658
27-05-2021,AE,United Arab Emirates,EMRO,1757,561048,3,1661
28-05-2021,AE,United Arab Emirates,EMRO,2167,563215,3,1664
29-05-2021,AE,United Arab Emirates,EMRO,2236,565451,4,1668
30-05-2021,AE,United Arab Emirates,EMRO,1812,567263,5,1673
01-01-2021,TZ,United Republic of Tanzania,AFRO,0,509,0,21
02-01-2021,TZ,United Republic of Tanzania,AFRO,0,509,0,21
03-01-2021,TZ,United Republic of Tanzania,AFRO,0,509,0,21
04-01-2021,TZ,United Republic of Tanzania,AFRO,0,509,0,21
05-01-2021,TZ,United Republic of Tanzania,AFRO,0,509,0,21
06-01-2021,TZ,United Republic of Tanzania,AFRO,0,509,0,21
07-01-2021,TZ,United Republic of Tanzania,AFRO,0,509,0,21
08-01-2021,TZ,United Republic of Tanzania,AFRO,0,509,0,21
09-01-2021,TZ,United Republic of Tanzania,AFRO,0,509,0,21
10-01-2021,TZ,United Republic of Tanzania,AFRO,0,509,0,21
11-01-2021,TZ,United Republic of Tanzania,AFRO,0,509,0,21
12-01-2021,TZ,United Republic of Tanzania,AFRO,0,509,0,21
13-01-2021,TZ,United Republic of Tanzania,AFRO,0,509,0,21
14-01-2021,TZ,United Republic of Tanzania,AFRO,0,509,0,21
15-01-2021,TZ,United Republic of Tanzania,AFRO,0,509,0,21
16-01-2021,TZ,United Republic of Tanzania,AFRO,0,509,0,21
17-01-2021,TZ,United Republic of Tanzania,AFRO,0,509,0,21
18-01-2021,TZ,United Republic of Tanzania,AFRO,0,509,0,21
19-01-2021,TZ,United Republic of Tanzania,AFRO,0,509,0,21
20-01-2021,TZ,United Republic of Tanzania,AFRO,0,509,0,21
21-01-2021,TZ,United Republic of Tanzania,AFRO,0,509,0,21
22-01-2021,TZ,United Republic of Tanzania,AFRO,0,509,0,21
23-01-2021,TZ,United Republic of Tanzania,AFRO,0,509,0,21
24-01-2021,TZ,United Republic of Tanzania,AFRO,0,509,0,21
25-01-2021,TZ,United Republic of Tanzania,AFRO,0,509,0,21
26-01-2021,TZ,United Republic of Tanzania,AFRO,0,509,0,21
27-01-2021,TZ,United Republic of Tanzania,AFRO,0,509,0,21
28-01-2021,TZ,United Republic of Tanzania,AFRO,0,509,0,21
29-01-2021,TZ,United Republic of Tanzania,AFRO,0,509,0,21
30-01-2021,TZ,United Republic of Tanzania,AFRO,0,509,0,21
31-01-2021,TZ,United Republic of Tanzania,AFRO,0,509,0,21
01-02-2021,TZ,United Republic of Tanzania,AFRO,0,509,0,21
02-02-2021,TZ,United Republic of Tanzania,AFRO,0,509,0,21
03-02-2021,TZ,United Republic of Tanzania,AFRO,0,509,0,21
04-02-2021,TZ,United Republic of Tanzania,AFRO,0,509,0,21
05-02-2021,TZ,United Republic of Tanzania,AFRO,0,509,0,21
06-02-2021,TZ,United Republic of Tanzania,AFRO,0,509,0,21
07-02-2021,TZ,United Republic of Tanzania,AFRO,0,509,0,21
08-02-2021,TZ,United Republic of Tanzania,AFRO,0,509,0,21
09-02-2021,TZ,United Republic of Tanzania,AFRO,0,509,0,21
10-02-2021,TZ,United Republic of Tanzania,AFRO,0,509,0,21
11-02-2021,TZ,United Republic of Tanzania,AFRO,0,509,0,21
12-02-2021,TZ,United Republic of Tanzania,AFRO,0,509,0,21
13-02-2021,TZ,United Republic of Tanzania,AFRO,0,509,0,21
14-02-2021,TZ,United Republic of Tanzania,AFRO,0,509,0,21
15-02-2021,TZ,United Republic of Tanzania,AFRO,0,509,0,21
16-02-2021,TZ,United Republic of Tanzania,AFRO,0,509,0,21
17-02-2021,TZ,United Republic of Tanzania,AFRO,0,509,0,21
18-02-2021,TZ,United Republic of Tanzania,AFRO,0,509,0,21
19-02-2021,TZ,United Republic of Tanzania,AFRO,0,509,0,21
20-02-2021,TZ,United Republic of Tanzania,AFRO,0,509,0,21
21-02-2021,TZ,United Republic of Tanzania,AFRO,0,509,0,21
22-02-2021,TZ,United Republic of Tanzania,AFRO,0,509,0,21
23-02-2021,TZ,United Republic of Tanzania,AFRO,0,509,0,21
24-02-2021,TZ,United Republic of Tanzania,AFRO,0,509,0,21
25-02-2021,TZ,United Republic of Tanzania,AFRO,0,509,0,21
26-02-2021,TZ,United Republic of Tanzania,AFRO,0,509,0,21
27-02-2021,TZ,United Republic of Tanzania,AFRO,0,509,0,21
28-02-2021,TZ,United Republic of Tanzania,AFRO,0,509,0,21
01-03-2021,TZ,United Republic of Tanzania,AFRO,0,509,0,21
02-03-2021,TZ,United Republic of Tanzania,AFRO,0,509,0,21
03-03-2021,TZ,United Republic of Tanzania,AFRO,0,509,0,21
04-03-2021,TZ,United Republic of Tanzania,AFRO,0,509,0,21
05-03-2021,TZ,United Republic of Tanzania,AFRO,0,509,0,21
06-03-2021,TZ,United Republic of Tanzania,AFRO,0,509,0,21
07-03-2021,TZ,United Republic of Tanzania,AFRO,0,509,0,21
08-03-2021,TZ,United Republic of Tanzania,AFRO,0,509,0,21
09-03-2021,TZ,United Republic of Tanzania,AFRO,0,509,0,21
10-03-2021,TZ,United Republic of Tanzania,AFRO,0,509,0,21
11-03-2021,TZ,United Republic of Tanzania,AFRO,0,509,0,21
12-03-2021,TZ,United Republic of Tanzania,AFRO,0,509,0,21
13-03-2021,TZ,United Republic of Tanzania,AFRO,0,509,0,21
14-03-2021,TZ,United Republic of Tanzania,AFRO,0,509,0,21
15-03-2021,TZ,United Republic of Tanzania,AFRO,0,509,0,21
16-03-2021,TZ,United Republic of Tanzania,AFRO,0,509,0,21
17-03-2021,TZ,United Republic of Tanzania,AFRO,0,509,0,21
18-03-2021,TZ,United Republic of Tanzania,AFRO,0,509,0,21
19-03-2021,TZ,United Republic of Tanzania,AFRO,0,509,0,21
20-03-2021,TZ,United Republic of Tanzania,AFRO,0,509,0,21
21-03-2021,TZ,United Republic of Tanzania,AFRO,0,509,0,21
22-03-2021,TZ,United Republic of Tanzania,AFRO,0,509,0,21
23-03-2021,TZ,United Republic of Tanzania,AFRO,0,509,0,21
24-03-2021,TZ,United Republic of Tanzania,AFRO,0,509,0,21
25-03-2021,TZ,United Republic of Tanzania,AFRO,0,509,0,21
26-03-2021,TZ,United Republic of Tanzania,AFRO,0,509,0,21
27-03-2021,TZ,United Republic of Tanzania,AFRO,0,509,0,21
28-03-2021,TZ,United Republic of Tanzania,AFRO,0,509,0,21
29-03-2021,TZ,United Republic of Tanzania,AFRO,0,509,0,21
30-03-2021,TZ,United Republic of Tanzania,AFRO,0,509,0,21
31-03-2021,TZ,United Republic of Tanzania,AFRO,0,509,0,21
01-04-2021,TZ,United Republic of Tanzania,AFRO,0,509,0,21
02-04-2021,TZ,United Republic of Tanzania,AFRO,0,509,0,21
03-04-2021,TZ,United Republic of Tanzania,AFRO,0,509,0,21
04-04-2021,TZ,United Republic of Tanzania,AFRO,0,509,0,21
05-04-2021,TZ,United Republic of Tanzania,AFRO,0,509,0,21
06-04-2021,TZ,United Republic of Tanzania,AFRO,0,509,0,21
07-04-2021,TZ,United Republic of Tanzania,AFRO,0,509,0,21
08-04-2021,TZ,United Republic of Tanzania,AFRO,0,509,0,21
09-04-2021,TZ,United Republic of Tanzania,AFRO,0,509,0,21
10-04-2021,TZ,United Republic of Tanzania,AFRO,0,509,0,21
11-04-2021,TZ,United Republic of Tanzania,AFRO,0,509,0,21
12-04-2021,TZ,United Republic of Tanzania,AFRO,0,509,0,21
13-04-2021,TZ,United Republic of Tanzania,AFRO,0,509,0,21
14-04-2021,TZ,United Republic of Tanzania,AFRO,0,509,0,21
15-04-2021,TZ,United Republic of Tanzania,AFRO,0,509,0,21
16-04-2021,TZ,United Republic of Tanzania,AFRO,0,509,0,21
17-04-2021,TZ,United Republic of Tanzania,AFRO,0,509,0,21
18-04-2021,TZ,United Republic of Tanzania,AFRO,0,509,0,21
19-04-2021,TZ,United Republic of Tanzania,AFRO,0,509,0,21
20-04-2021,TZ,United Republic of Tanzania,AFRO,0,509,0,21
21-04-2021,TZ,United Republic of Tanzania,AFRO,0,509,0,21
22-04-2021,TZ,United Republic of Tanzania,AFRO,0,509,0,21
23-04-2021,TZ,United Republic of Tanzania,AFRO,0,509,0,21
24-04-2021,TZ,United Republic of Tanzania,AFRO,0,509,0,21
25-04-2021,TZ,United Republic of Tanzania,AFRO,0,509,0,21
26-04-2021,TZ,United Republic of Tanzania,AFRO,0,509,0,21
27-04-2021,TZ,United Republic of Tanzania,AFRO,0,509,0,21
28-04-2021,TZ,United Republic of Tanzania,AFRO,0,509,0,21
29-04-2021,TZ,United Republic of Tanzania,AFRO,0,509,0,21
30-04-2021,TZ,United Republic of Tanzania,AFRO,0,509,0,21
01-05-2021,TZ,United Republic of Tanzania,AFRO,0,509,0,21
02-05-2021,TZ,United Republic of Tanzania,AFRO,0,509,0,21
03-05-2021,TZ,United Republic of Tanzania,AFRO,0,509,0,21
04-05-2021,TZ,United Republic of Tanzania,AFRO,0,509,0,21
05-05-2021,TZ,United Republic of Tanzania,AFRO,0,509,0,21
06-05-2021,TZ,United Republic of Tanzania,AFRO,0,509,0,21
07-05-2021,TZ,United Republic of Tanzania,AFRO,0,509,0,21
08-05-2021,TZ,United Republic of Tanzania,AFRO,0,509,0,21
09-05-2021,TZ,United Republic of Tanzania,AFRO,0,509,0,21
10-05-2021,TZ,United Republic of Tanzania,AFRO,0,509,0,21
11-05-2021,TZ,United Republic of Tanzania,AFRO,0,509,0,21
12-05-2021,TZ,United Republic of Tanzania,AFRO,0,509,0,21
13-05-2021,TZ,United Republic of Tanzania,AFRO,0,509,0,21
14-05-2021,TZ,United Republic of Tanzania,AFRO,0,509,0,21
15-05-2021,TZ,United Republic of Tanzania,AFRO,0,509,0,21
16-05-2021,TZ,United Republic of Tanzania,AFRO,0,509,0,21
17-05-2021,TZ,United Republic of Tanzania,AFRO,0,509,0,21
18-05-2021,TZ,United Republic of Tanzania,AFRO,0,509,0,21
19-05-2021,TZ,United Republic of Tanzania,AFRO,0,509,0,21
20-05-2021,TZ,United Republic of Tanzania,AFRO,0,509,0,21
21-05-2021,TZ,United Republic of Tanzania,AFRO,0,509,0,21
22-05-2021,TZ,United Republic of Tanzania,AFRO,0,509,0,21
23-05-2021,TZ,United Republic of Tanzania,AFRO,0,509,0,21
24-05-2021,TZ,United Republic of Tanzania,AFRO,0,509,0,21
25-05-2021,TZ,United Republic of Tanzania,AFRO,0,509,0,21
26-05-2021,TZ,United Republic of Tanzania,AFRO,0,509,0,21
27-05-2021,TZ,United Republic of Tanzania,AFRO,0,509,0,21
28-05-2021,TZ,United Republic of Tanzania,AFRO,0,509,0,21
29-05-2021,TZ,United Republic of Tanzania,AFRO,0,509,0,21
30-05-2021,TZ,United Republic of Tanzania,AFRO,0,509,0,21
01-01-2021,US,United States of America,AMRO,237337,19750668,3726,349124
02-01-2021,US,United States of America,AMRO,230749,19981417,3277,352401
03-01-2021,US,United States of America,AMRO,172805,20154222,2581,354982
04-01-2021,US,United States of America,AMRO,280226,20434448,2578,357560
05-01-2021,US,United States of America,AMRO,207617,20642065,1744,359304
06-01-2021,US,United States of America,AMRO,182342,20824407,2129,361433
07-01-2021,US,United States of America,AMRO,234989,21059396,3713,365146
08-01-2021,US,United States of America,AMRO,249893,21309289,3772,368918
09-01-2021,US,United States of America,AMRO,278047,21587336,4125,373043
10-01-2021,US,United States of America,AMRO,312247,21899583,3601,376644
11-01-2021,US,United States of America,AMRO,242706,22142289,3427,380071
12-01-2021,US,United States of America,AMRO,217568,22359857,2340,382411
13-01-2021,US,United States of America,AMRO,202149,22562006,2320,384731
14-01-2021,US,United States of America,AMRO,222108,22784114,4048,388779
15-01-2021,US,United States of America,AMRO,224827,23008941,4004,392783
16-01-2021,US,United States of America,AMRO,224744,23233685,3773,396556
17-01-2021,US,United States of America,AMRO,245914,23479599,3552,400108
18-01-2021,US,United States of America,AMRO,212299,23691898,3499,403607
19-01-2021,US,United States of America,AMRO,183737,23875635,2136,405743
20-01-2021,US,United States of America,AMRO,152372,24028007,2030,407773
21-01-2021,US,United States of America,AMRO,149551,24177558,2384,410157
22-01-2021,US,United States of America,AMRO,188128,24365686,4180,414337
23-01-2021,US,United States of America,AMRO,188609,24554295,3902,418239
24-01-2021,US,United States of America,AMRO,189131,24743426,3776,422015
25-01-2021,US,United States of America,AMRO,168956,24912382,3190,425205
26-01-2021,US,United States of America,AMRO,139791,25052173,2144,427349
27-01-2021,US,United States of America,AMRO,134873,25187046,2233,429582
28-01-2021,US,United States of America,AMRO,149329,25336375,3592,433174
29-01-2021,US,United States of America,AMRO,155950,25492325,3698,436872
30-01-2021,US,United States of America,AMRO,156221,25648546,3546,440418
31-01-2021,US,United States of America,AMRO,148456,25797002,3273,443691
01-02-2021,US,United States of America,AMRO,156826,25953828,2828,446519
02-02-2021,US,United States of America,AMRO,109424,26063252,2009,448528
03-02-2021,US,United States of America,AMRO,126530,26189782,1902,450430
04-02-2021,US,United States of America,AMRO,119657,26309439,3169,453599
05-02-2021,US,United States of America,AMRO,118677,26428116,3320,456919
06-02-2021,US,United States of America,AMRO,124853,26552969,4827,461746
07-02-2021,US,United States of America,AMRO,127221,26680190,3345,465091
08-02-2021,US,United States of America,AMRO,107773,26787963,2678,467769
09-02-2021,US,United States of America,AMRO,90525,26878488,1536,469305
10-02-2021,US,United States of America,AMRO,82328,26960816,1590,470895
11-02-2021,US,United States of America,AMRO,91671,27052487,2672,473567
12-02-2021,US,United States of America,AMRO,96084,27148571,3162,476729
13-02-2021,US,United States of America,AMRO,100571,27249142,3185,479914
14-02-2021,US,United States of America,AMRO,97779,27346921,5156,485070
15-02-2021,US,United States of America,AMRO,87963,27434884,3172,488242
16-02-2021,US,United States of America,AMRO,65813,27500697,1334,489576
17-02-2021,US,United States of America,AMRO,55128,27555825,1261,490837
18-02-2021,US,United States of America,AMRO,56692,27612517,1500,492337
19-02-2021,US,United States of America,AMRO,70074,27682591,2577,494914
20-02-2021,US,United States of America,AMRO,67806,27750397,2397,497311
21-02-2021,US,United States of America,AMRO,72906,27823303,2410,499721
22-02-2021,US,United States of America,AMRO,69631,27892934,2004,501725
23-02-2021,US,United States of America,AMRO,53992,27946926,1300,503025
24-02-2021,US,United States of America,AMRO,55864,28002790,1640,504665
25-02-2021,US,United States of America,AMRO,69267,28072057,1925,506590
26-02-2021,US,United States of America,AMRO,75437,28147494,2099,508689
27-02-2021,US,United States of America,AMRO,73453,28220947,2966,511655
28-02-2021,US,United States of America,AMRO,72996,28293943,1868,513523
01-03-2021,US,United States of America,AMRO,69545,28363488,1691,515214
02-03-2021,US,United States of America,AMRO,50194,28413682,898,516112
03-03-2021,US,United States of America,AMRO,51100,28464782,1309,517421
04-03-2021,US,United States of America,AMRO,55363,28520145,1873,519294
05-03-2021,US,United States of America,AMRO,64273,28584418,1612,520906
06-03-2021,US,United States of America,AMRO,65806,28650224,1551,522457
07-03-2021,US,United States of America,AMRO,65637,28715861,2000,524457
08-03-2021,US,United States of America,AMRO,57906,28773767,1478,525935
09-03-2021,US,United States of America,AMRO,42111,28815878,876,526811
10-03-2021,US,United States of America,AMRO,43161,28859039,928,527739
11-03-2021,US,United States of America,AMRO,53809,28912848,1369,529108
12-03-2021,US,United States of America,AMRO,60869,28973717,1347,530455
13-03-2021,US,United States of America,AMRO,60308,29034025,1324,531779
14-03-2021,US,United States of America,AMRO,62503,29096528,1222,533001
15-03-2021,US,United States of America,AMRO,52686,29149214,946,533947
16-03-2021,US,United States of America,AMRO,42393,29191607,588,534535
17-03-2021,US,United States of America,AMRO,45186,29236793,735,535270
18-03-2021,US,United States of America,AMRO,52164,29288957,939,536209
19-03-2021,US,United States of America,AMRO,57808,29346765,1004,537213
20-03-2021,US,United States of America,AMRO,58402,29405167,1343,538556
21-03-2021,US,United States of America,AMRO,61405,29466572,1359,539915
22-03-2021,US,United States of America,AMRO,60643,29527215,712,540627
23-03-2021,US,United States of America,AMRO,39024,29566239,451,541078
24-03-2021,US,United States of America,AMRO,55399,29621638,957,542035
25-03-2021,US,United States of America,AMRO,59983,29681621,729,542764
26-03-2021,US,United States of America,AMRO,65751,29747372,1091,543855
27-03-2021,US,United States of America,AMRO,67796,29815168,1237,545092
28-03-2021,US,United States of America,AMRO,71388,29886556,1170,546262
29-03-2021,US,United States of America,AMRO,63131,29949687,775,547037
30-03-2021,US,United States of America,AMRO,47266,29996953,516,547553
31-03-2021,US,United States of America,AMRO,61844,30058797,626,548179
01-04-2021,US,United States of America,AMRO,62561,30121358,763,548942
02-04-2021,US,United States of America,AMRO,69552,30190910,915,549857
03-04-2021,US,United States of America,AMRO,74707,30265617,815,550672
04-04-2021,US,United States of America,AMRO,64869,30330486,780,551452
05-04-2021,US,United States of America,AMRO,67736,30398222,722,552174
06-04-2021,US,United States of America,AMRO,41253,30439475,400,552574
07-04-2021,US,United States of America,AMRO,63035,30502510,335,552909
08-04-2021,US,United States of America,AMRO,61226,30563736,708,553617
09-04-2021,US,United States of America,AMRO,76069,30639805,772,554389
10-04-2021,US,United States of America,AMRO,76573,30716378,948,555337
11-04-2021,US,United States of America,AMRO,80567,30796945,930,556267
12-04-2021,US,United States of America,AMRO,68114,30865059,792,557059
13-04-2021,US,United States of America,AMRO,53594,30918653,341,557400
14-04-2021,US,United States of America,AMRO,57801,30976454,559,557959
15-04-2021,US,United States of America,AMRO,77231,31053685,746,558705
16-04-2021,US,United States of America,AMRO,74225,31127910,834,559539
17-04-2021,US,United States of America,AMRO,72382,31200292,907,560446
18-04-2021,US,United States of America,AMRO,75086,31275378,910,561356
19-04-2021,US,United States of America,AMRO,70121,31345499,709,562065
20-04-2021,US,United States of America,AMRO,53170,31398669,370,562435
21-04-2021,US,United States of America,AMRO,44409,31443078,443,562878
22-04-2021,US,United States of America,AMRO,59744,31502822,783,563661
23-04-2021,US,United States of America,AMRO,63523,31566345,860,564521
24-04-2021,US,United States of America,AMRO,65060,31631405,825,565346
25-04-2021,US,United States of America,AMRO,61884,31693289,838,566184
26-04-2021,US,United States of America,AMRO,56630,31749919,766,566950
27-04-2021,US,United States of America,AMRO,40961,31790880,307,567257
28-04-2021,US,United States of America,AMRO,28756,31819636,446,567703
29-04-2021,US,United States of America,AMRO,51594,31871230,618,568321
30-04-2021,US,United States of America,AMRO,54600,31925830,846,569167
01-05-2021,US,United States of America,AMRO,59748,31985578,858,570025
02-05-2021,US,United States of America,AMRO,53619,32039197,810,570835
03-05-2021,US,United States of America,AMRO,50396,32089593,765,571600
04-05-2021,US,United States of America,AMRO,37543,32127136,419,572019
05-05-2021,US,United States of America,AMRO,32382,32159518,435,572454
06-05-2021,US,United States of America,AMRO,44514,32204032,798,573252
07-05-2021,US,United States of America,AMRO,44855,32248887,715,573967
08-05-2021,US,United States of America,AMRO,44787,32293674,764,574731
09-05-2021,US,United States of America,AMRO,45192,32338866,790,575521
10-05-2021,US,United States of America,AMRO,38091,32376957,645,576166
11-05-2021,US,United States of America,AMRO,27426,32404383,278,576444
12-05-2021,US,United States of America,AMRO,22334,32426717,402,576846
13-05-2021,US,United States of America,AMRO,34676,32461393,666,577512
14-05-2021,US,United States of America,AMRO,35093,32496486,745,578257
15-05-2021,US,United States of America,AMRO,37587,32534073,727,578984
16-05-2021,US,United States of America,AMRO,40431,32574504,680,579664
17-05-2021,US,United States of America,AMRO,30732,32605236,502,580166
18-05-2021,US,United States of America,AMRO,17984,32623220,302,580468
19-05-2021,US,United States of America,AMRO,23942,32647162,515,580983
20-05-2021,US,United States of America,AMRO,29792,32676954,734,581717
21-05-2021,US,United States of America,AMRO,29296,32706250,629,582346
22-05-2021,US,United States of America,AMRO,28743,32734993,607,582953
23-05-2021,US,United States of America,AMRO,27921,32762914,743,583696
24-05-2021,US,United States of America,AMRO,21034,32783948,457,584153
25-05-2021,US,United States of America,AMRO,13925,32797873,547,584700
26-05-2021,US,United States of America,AMRO,22239,32820112,482,585182
27-05-2021,US,United States of America,AMRO,24435,32844547,588,585770
28-05-2021,US,United States of America,AMRO,24462,32869009,1120,586890
29-05-2021,US,United States of America,AMRO,22401,32891410,659,587549
30-05-2021,US,United States of America,AMRO,25091,32916501,743,588292
01-01-2021,VI,United States Virgin Islands,AMRO,21,2031,0,23
02-01-2021,VI,United States Virgin Islands,AMRO,5,2036,0,23
03-01-2021,VI,United States Virgin Islands,AMRO,0,2036,0,23
04-01-2021,VI,United States Virgin Islands,AMRO,5,2041,0,23
05-01-2021,VI,United States Virgin Islands,AMRO,1,2042,0,23
06-01-2021,VI,United States Virgin Islands,AMRO,13,2055,1,24
07-01-2021,VI,United States Virgin Islands,AMRO,28,2083,0,24
08-01-2021,VI,United States Virgin Islands,AMRO,23,2106,0,24
09-01-2021,VI,United States Virgin Islands,AMRO,24,2130,0,24
10-01-2021,VI,United States Virgin Islands,AMRO,13,2143,0,24
11-01-2021,VI,United States Virgin Islands,AMRO,0,2143,0,24
12-01-2021,VI,United States Virgin Islands,AMRO,0,2143,0,24
13-01-2021,VI,United States Virgin Islands,AMRO,23,2166,0,24
14-01-2021,VI,United States Virgin Islands,AMRO,14,2180,0,24
15-01-2021,VI,United States Virgin Islands,AMRO,38,2218,0,24
16-01-2021,VI,United States Virgin Islands,AMRO,0,2218,0,24
17-01-2021,VI,United States Virgin Islands,AMRO,34,2252,0,24
18-01-2021,VI,United States Virgin Islands,AMRO,8,2260,0,24
19-01-2021,VI,United States Virgin Islands,AMRO,0,2260,0,24
20-01-2021,VI,United States Virgin Islands,AMRO,0,2260,0,24
21-01-2021,VI,United States Virgin Islands,AMRO,23,2283,0,24
22-01-2021,VI,United States Virgin Islands,AMRO,22,2305,0,24
23-01-2021,VI,United States Virgin Islands,AMRO,16,2321,0,24
24-01-2021,VI,United States Virgin Islands,AMRO,14,2335,0,24
25-01-2021,VI,United States Virgin Islands,AMRO,6,2341,0,24
26-01-2021,VI,United States Virgin Islands,AMRO,0,2341,0,24
27-01-2021,VI,United States Virgin Islands,AMRO,9,2350,0,24
28-01-2021,VI,United States Virgin Islands,AMRO,23,2373,0,24
29-01-2021,VI,United States Virgin Islands,AMRO,11,2384,0,24
30-01-2021,VI,United States Virgin Islands,AMRO,14,2398,0,24
31-01-2021,VI,United States Virgin Islands,AMRO,0,2398,0,24
01-02-2021,VI,United States Virgin Islands,AMRO,23,2421,0,24
02-02-2021,VI,United States Virgin Islands,AMRO,0,2421,0,24
03-02-2021,VI,United States Virgin Islands,AMRO,5,2426,0,24
04-02-2021,VI,United States Virgin Islands,AMRO,4,2430,0,24
05-02-2021,VI,United States Virgin Islands,AMRO,10,2440,0,24
06-02-2021,VI,United States Virgin Islands,AMRO,9,2449,0,24
07-02-2021,VI,United States Virgin Islands,AMRO,0,2449,0,24
08-02-2021,VI,United States Virgin Islands,AMRO,17,2466,0,24
09-02-2021,VI,United States Virgin Islands,AMRO,0,2466,0,24
10-02-2021,VI,United States Virgin Islands,AMRO,7,2473,0,24
11-02-2021,VI,United States Virgin Islands,AMRO,12,2485,0,24
12-02-2021,VI,United States Virgin Islands,AMRO,20,2505,1,25
13-02-2021,VI,United States Virgin Islands,AMRO,19,2524,0,25
14-02-2021,VI,United States Virgin Islands,AMRO,0,2524,0,25
15-02-2021,VI,United States Virgin Islands,AMRO,0,2524,0,25
16-02-2021,VI,United States Virgin Islands,AMRO,18,2542,0,25
17-02-2021,VI,United States Virgin Islands,AMRO,0,2542,0,25
18-02-2021,VI,United States Virgin Islands,AMRO,3,2545,0,25
19-02-2021,VI,United States Virgin Islands,AMRO,13,2558,0,25
20-02-2021,VI,United States Virgin Islands,AMRO,7,2565,0,25
21-02-2021,VI,United States Virgin Islands,AMRO,10,2575,0,25
22-02-2021,VI,United States Virgin Islands,AMRO,4,2579,0,25
23-02-2021,VI,United States Virgin Islands,AMRO,0,2579,0,25
24-02-2021,VI,United States Virgin Islands,AMRO,10,2589,0,25
25-02-2021,VI,United States Virgin Islands,AMRO,24,2613,0,25
26-02-2021,VI,United States Virgin Islands,AMRO,10,2623,0,25
27-02-2021,VI,United States Virgin Islands,AMRO,13,2636,0,25
28-02-2021,VI,United States Virgin Islands,AMRO,10,2646,0,25
01-03-2021,VI,United States Virgin Islands,AMRO,0,2646,0,25
02-03-2021,VI,United States Virgin Islands,AMRO,0,2646,0,25
03-03-2021,VI,United States Virgin Islands,AMRO,24,2670,0,25
04-03-2021,VI,United States Virgin Islands,AMRO,25,2695,0,25
05-03-2021,VI,United States Virgin Islands,AMRO,9,2704,0,25
06-03-2021,VI,United States Virgin Islands,AMRO,10,2714,0,25
07-03-2021,VI,United States Virgin Islands,AMRO,0,2714,0,25
08-03-2021,VI,United States Virgin Islands,AMRO,0,2714,0,25
09-03-2021,VI,United States Virgin Islands,AMRO,0,2714,0,25
10-03-2021,VI,United States Virgin Islands,AMRO,30,2744,0,25
11-03-2021,VI,United States Virgin Islands,AMRO,11,2755,0,25
12-03-2021,VI,United States Virgin Islands,AMRO,6,2761,0,25
13-03-2021,VI,United States Virgin Islands,AMRO,0,2761,0,25
14-03-2021,VI,United States Virgin Islands,AMRO,6,2767,0,25
15-03-2021,VI,United States Virgin Islands,AMRO,0,2767,0,25
16-03-2021,VI,United States Virgin Islands,AMRO,0,2767,0,25
17-03-2021,VI,United States Virgin Islands,AMRO,0,2767,0,25
18-03-2021,VI,United States Virgin Islands,AMRO,25,2792,0,25
19-03-2021,VI,United States Virgin Islands,AMRO,6,2798,0,25
20-03-2021,VI,United States Virgin Islands,AMRO,16,2814,0,25
21-03-2021,VI,United States Virgin Islands,AMRO,0,2814,0,25
22-03-2021,VI,United States Virgin Islands,AMRO,0,2814,0,25
23-03-2021,VI,United States Virgin Islands,AMRO,10,2824,0,25
24-03-2021,VI,United States Virgin Islands,AMRO,3,2827,0,25
25-03-2021,VI,United States Virgin Islands,AMRO,50,2877,0,25
26-03-2021,VI,United States Virgin Islands,AMRO,0,2877,0,25
27-03-2021,VI,United States Virgin Islands,AMRO,11,2888,1,26
28-03-2021,VI,United States Virgin Islands,AMRO,13,2901,0,26
29-03-2021,VI,United States Virgin Islands,AMRO,6,2907,0,26
30-03-2021,VI,United States Virgin Islands,AMRO,0,2907,0,26
31-03-2021,VI,United States Virgin Islands,AMRO,0,2907,0,26
01-04-2021,VI,United States Virgin Islands,AMRO,0,2907,0,26
02-04-2021,VI,United States Virgin Islands,AMRO,0,2907,0,26
03-04-2021,VI,United States Virgin Islands,AMRO,0,2907,0,26
04-04-2021,VI,United States Virgin Islands,AMRO,24,2931,0,26
05-04-2021,VI,United States Virgin Islands,AMRO,0,2931,0,26
06-04-2021,VI,United States Virgin Islands,AMRO,8,2939,0,26
07-04-2021,VI,United States Virgin Islands,AMRO,6,2945,0,26
08-04-2021,VI,United States Virgin Islands,AMRO,0,2945,0,26
09-04-2021,VI,United States Virgin Islands,AMRO,9,2954,0,26
10-04-2021,VI,United States Virgin Islands,AMRO,17,2971,0,26
11-04-2021,VI,United States Virgin Islands,AMRO,0,2971,0,26
12-04-2021,VI,United States Virgin Islands,AMRO,0,2971,0,26
13-04-2021,VI,United States Virgin Islands,AMRO,17,2988,0,26
14-04-2021,VI,United States Virgin Islands,AMRO,17,3005,0,26
15-04-2021,VI,United States Virgin Islands,AMRO,5,3010,0,26
16-04-2021,VI,United States Virgin Islands,AMRO,12,3022,0,26
17-04-2021,VI,United States Virgin Islands,AMRO,6,3028,0,26
18-04-2021,VI,United States Virgin Islands,AMRO,0,3028,0,26
19-04-2021,VI,United States Virgin Islands,AMRO,11,3039,1,27
20-04-2021,VI,United States Virgin Islands,AMRO,2,3041,0,27
21-04-2021,VI,United States Virgin Islands,AMRO,3,3044,0,27
22-04-2021,VI,United States Virgin Islands,AMRO,10,3054,0,27
23-04-2021,VI,United States Virgin Islands,AMRO,10,3064,0,27
24-04-2021,VI,United States Virgin Islands,AMRO,4,3068,0,27
25-04-2021,VI,United States Virgin Islands,AMRO,12,3080,0,27
26-04-2021,VI,United States Virgin Islands,AMRO,0,3080,0,27
27-04-2021,VI,United States Virgin Islands,AMRO,10,3090,0,27
28-04-2021,VI,United States Virgin Islands,AMRO,3,3093,0,27
29-04-2021,VI,United States Virgin Islands,AMRO,5,3098,0,27
30-04-2021,VI,United States Virgin Islands,AMRO,12,3110,0,27
01-05-2021,VI,United States Virgin Islands,AMRO,6,3116,0,27
02-05-2021,VI,United States Virgin Islands,AMRO,9,3125,0,27
03-05-2021,VI,United States Virgin Islands,AMRO,13,3138,0,27
04-05-2021,VI,United States Virgin Islands,AMRO,4,3142,0,27
05-05-2021,VI,United States Virgin Islands,AMRO,10,3152,0,27
06-05-2021,VI,United States Virgin Islands,AMRO,26,3178,0,27
07-05-2021,VI,United States Virgin Islands,AMRO,0,3178,0,27
08-05-2021,VI,United States Virgin Islands,AMRO,32,3210,0,27
09-05-2021,VI,United States Virgin Islands,AMRO,0,3210,0,27
10-05-2021,VI,United States Virgin Islands,AMRO,0,3210,0,27
11-05-2021,VI,United States Virgin Islands,AMRO,13,3223,0,27
12-05-2021,VI,United States Virgin Islands,AMRO,10,3233,0,27
13-05-2021,VI,United States Virgin Islands,AMRO,3,3236,0,27
14-05-2021,VI,United States Virgin Islands,AMRO,20,3256,0,27
15-05-2021,VI,United States Virgin Islands,AMRO,5,3261,0,27
16-05-2021,VI,United States Virgin Islands,AMRO,6,3267,0,27
17-05-2021,VI,United States Virgin Islands,AMRO,0,3267,0,27
18-05-2021,VI,United States Virgin Islands,AMRO,3,3270,0,27
19-05-2021,VI,United States Virgin Islands,AMRO,18,3288,0,27
20-05-2021,VI,United States Virgin Islands,AMRO,2,3290,0,27
21-05-2021,VI,United States Virgin Islands,AMRO,18,3308,0,27
22-05-2021,VI,United States Virgin Islands,AMRO,14,3322,0,27
23-05-2021,VI,United States Virgin Islands,AMRO,24,3346,0,27
24-05-2021,VI,United States Virgin Islands,AMRO,7,3353,0,27
25-05-2021,VI,United States Virgin Islands,AMRO,0,3353,0,27
26-05-2021,VI,United States Virgin Islands,AMRO,30,3383,0,27
27-05-2021,VI,United States Virgin Islands,AMRO,16,3399,0,27
28-05-2021,VI,United States Virgin Islands,AMRO,26,3425,0,27
29-05-2021,VI,United States Virgin Islands,AMRO,17,3442,0,27
30-05-2021,VI,United States Virgin Islands,AMRO,0,3442,0,27
01-01-2021,UY,Uruguay,AMRO,518,18480,6,174
02-01-2021,UY,Uruguay,AMRO,639,19119,7,181
03-01-2021,UY,Uruguay,AMRO,634,19753,12,193
04-01-2021,UY,Uruguay,AMRO,522,20275,8,201
05-01-2021,UY,Uruguay,AMRO,548,20823,3,204
06-01-2021,UY,Uruguay,AMRO,603,21426,7,211
07-01-2021,UY,Uruguay,AMRO,678,22104,6,217
08-01-2021,UY,Uruguay,AMRO,944,23048,4,221
09-01-2021,UY,Uruguay,AMRO,759,23807,10,231
10-01-2021,UY,Uruguay,AMRO,532,24339,9,240
11-01-2021,UY,Uruguay,AMRO,635,24974,8,248
12-01-2021,UY,Uruguay,AMRO,1212,26186,8,256
13-01-2021,UY,Uruguay,AMRO,715,26901,6,262
14-01-2021,UY,Uruguay,AMRO,945,27846,7,269
15-01-2021,UY,Uruguay,AMRO,629,28475,6,275
16-01-2021,UY,Uruguay,AMRO,1514,29989,5,280
17-01-2021,UY,Uruguay,AMRO,957,30946,11,291
18-01-2021,UY,Uruguay,AMRO,723,31669,7,298
19-01-2021,UY,Uruguay,AMRO,709,32378,13,311
20-01-2021,UY,Uruguay,AMRO,485,32863,8,319
21-01-2021,UY,Uruguay,AMRO,583,33446,11,330
22-01-2021,UY,Uruguay,AMRO,848,34294,6,336
23-01-2021,UY,Uruguay,AMRO,698,34992,11,347
24-01-2021,UY,Uruguay,AMRO,1178,36170,17,364
25-01-2021,UY,Uruguay,AMRO,797,36967,3,367
26-01-2021,UY,Uruguay,AMRO,666,37633,9,376
27-01-2021,UY,Uruguay,AMRO,408,38041,14,390
28-01-2021,UY,Uruguay,AMRO,639,38680,11,401
29-01-2021,UY,Uruguay,AMRO,648,39328,6,407
30-01-2021,UY,Uruguay,AMRO,559,39887,8,415
31-01-2021,UY,Uruguay,AMRO,642,40529,10,425
01-02-2021,UY,Uruguay,AMRO,652,41181,6,431
02-02-2021,UY,Uruguay,AMRO,557,41738,5,436
03-02-2021,UY,Uruguay,AMRO,390,42128,8,444
04-02-2021,UY,Uruguay,AMRO,539,42667,9,453
05-02-2021,UY,Uruguay,AMRO,548,43215,11,464
06-02-2021,UY,Uruguay,AMRO,589,43804,12,476
07-02-2021,UY,Uruguay,AMRO,499,44303,2,478
08-02-2021,UY,Uruguay,AMRO,509,44812,3,481
09-02-2021,UY,Uruguay,AMRO,499,45311,9,490
10-02-2021,UY,Uruguay,AMRO,339,45650,7,497
11-02-2021,UY,Uruguay,AMRO,503,46153,9,506
12-02-2021,UY,Uruguay,AMRO,625,46778,10,516
13-02-2021,UY,Uruguay,AMRO,476,47254,8,524
14-02-2021,UY,Uruguay,AMRO,574,47828,3,527
15-02-2021,UY,Uruguay,AMRO,631,48459,6,533
16-02-2021,UY,Uruguay,AMRO,450,48909,2,535
17-02-2021,UY,Uruguay,AMRO,451,49360,6,541
18-02-2021,UY,Uruguay,AMRO,365,49725,5,546
19-02-2021,UY,Uruguay,AMRO,483,50208,7,553
20-02-2021,UY,Uruguay,AMRO,544,50752,5,558
21-02-2021,UY,Uruguay,AMRO,625,51377,5,563
22-02-2021,UY,Uruguay,AMRO,786,52163,6,569
23-02-2021,UY,Uruguay,AMRO,652,52815,5,574
24-02-2021,UY,Uruguay,AMRO,495,53310,9,583
25-02-2021,UY,Uruguay,AMRO,663,53973,5,588
26-02-2021,UY,Uruguay,AMRO,901,54874,3,591
27-02-2021,UY,Uruguay,AMRO,821,55695,4,595
28-02-2021,UY,Uruguay,AMRO,847,56542,6,601
01-03-2021,UY,Uruguay,AMRO,820,57362,2,603
02-03-2021,UY,Uruguay,AMRO,632,57994,5,608
03-03-2021,UY,Uruguay,AMRO,595,58589,3,611
04-03-2021,UY,Uruguay,AMRO,582,59171,6,617
05-03-2021,UY,Uruguay,AMRO,903,60074,7,624
06-03-2021,UY,Uruguay,AMRO,871,60945,7,631
07-03-2021,UY,Uruguay,AMRO,984,61929,6,637
08-03-2021,UY,Uruguay,AMRO,1081,63010,8,645
09-03-2021,UY,Uruguay,AMRO,827,63837,6,651
10-03-2021,UY,Uruguay,AMRO,863,64700,7,658
11-03-2021,UY,Uruguay,AMRO,827,65527,8,666
12-03-2021,UY,Uruguay,AMRO,957,66484,12,678
13-03-2021,UY,Uruguay,AMRO,1233,67717,5,683
14-03-2021,UY,Uruguay,AMRO,1357,69074,6,689
15-03-2021,UY,Uruguay,AMRO,1059,70133,9,698
16-03-2021,UY,Uruguay,AMRO,1558,71691,14,712
17-03-2021,UY,Uruguay,AMRO,1171,72862,5,717
18-03-2021,UY,Uruguay,AMRO,908,73770,8,725
19-03-2021,UY,Uruguay,AMRO,1368,75138,15,740
20-03-2021,UY,Uruguay,AMRO,1678,76816,9,749
21-03-2021,UY,Uruguay,AMRO,1585,78401,11,760
22-03-2021,UY,Uruguay,AMRO,1522,79923,16,776
23-03-2021,UY,Uruguay,AMRO,1614,81537,16,792
24-03-2021,UY,Uruguay,AMRO,2675,84212,19,811
25-03-2021,UY,Uruguay,AMRO,1795,86007,16,827
26-03-2021,UY,Uruguay,AMRO,1805,87812,16,843
27-03-2021,UY,Uruguay,AMRO,1646,89458,13,856
28-03-2021,UY,Uruguay,AMRO,2885,92343,19,875
29-03-2021,UY,Uruguay,AMRO,2935,95278,26,901
30-03-2021,UY,Uruguay,AMRO,2128,97406,14,915
31-03-2021,UY,Uruguay,AMRO,2178,99584,13,928
01-04-2021,UY,Uruguay,AMRO,2877,102461,25,953
02-04-2021,UY,Uruguay,AMRO,3088,105549,21,974
03-04-2021,UY,Uruguay,AMRO,2639,108188,35,1009
04-04-2021,UY,Uruguay,AMRO,3380,111568,32,1041
05-04-2021,UY,Uruguay,AMRO,2336,113904,30,1071
06-04-2021,UY,Uruguay,AMRO,3853,117757,30,1101
07-04-2021,UY,Uruguay,AMRO,2201,119958,45,1146
08-04-2021,UY,Uruguay,AMRO,3105,123063,45,1191
09-04-2021,UY,Uruguay,AMRO,3924,126987,40,1231
10-04-2021,UY,Uruguay,AMRO,3670,130657,44,1275
11-04-2021,UY,Uruguay,AMRO,7289,137946,88,1363
12-04-2021,UY,Uruguay,AMRO,3434,141380,51,1414
13-04-2021,UY,Uruguay,AMRO,3262,144642,48,1462
14-04-2021,UY,Uruguay,AMRO,2531,147173,71,1533
15-04-2021,UY,Uruguay,AMRO,2257,149430,62,1595
16-04-2021,UY,Uruguay,AMRO,2659,152089,51,1646
17-04-2021,UY,Uruguay,AMRO,4410,156499,80,1726
18-04-2021,UY,Uruguay,AMRO,3070,159569,62,1788
19-04-2021,UY,Uruguay,AMRO,2831,162400,60,1848
20-04-2021,UY,Uruguay,AMRO,2344,164744,60,1908
21-04-2021,UY,Uruguay,AMRO,2289,167033,63,1971
22-04-2021,UY,Uruguay,AMRO,2294,169327,51,2022
23-04-2021,UY,Uruguay,AMRO,3274,172601,61,2083
24-04-2021,UY,Uruguay,AMRO,3290,175891,77,2160
25-04-2021,UY,Uruguay,AMRO,3646,179537,67,2227
26-04-2021,UY,Uruguay,AMRO,2789,182326,56,2283
27-04-2021,UY,Uruguay,AMRO,2539,184865,43,2326
28-04-2021,UY,Uruguay,AMRO,2484,187349,65,2391
29-04-2021,UY,Uruguay,AMRO,2747,190096,61,2452
30-04-2021,UY,Uruguay,AMRO,2931,193027,45,2497
01-05-2021,UY,Uruguay,AMRO,2707,195734,66,2563
02-05-2021,UY,Uruguay,AMRO,2694,198428,53,2616
03-05-2021,UY,Uruguay,AMRO,2480,200908,53,2669
04-05-2021,UY,Uruguay,AMRO,1584,202492,55,2724
05-05-2021,UY,Uruguay,AMRO,1628,204120,72,2796
06-05-2021,UY,Uruguay,AMRO,2826,206946,65,2861
07-05-2021,UY,Uruguay,AMRO,2921,209867,57,2918
08-05-2021,UY,Uruguay,AMRO,3582,213449,54,2972
09-05-2021,UY,Uruguay,AMRO,2697,216146,60,3032
10-05-2021,UY,Uruguay,AMRO,2654,218800,50,3082
11-05-2021,UY,Uruguay,AMRO,1883,220683,40,3122
12-05-2021,UY,Uruguay,AMRO,2187,222870,49,3171
13-05-2021,UY,Uruguay,AMRO,2977,225847,37,3208
14-05-2021,UY,Uruguay,AMRO,2255,228102,44,3252
15-05-2021,UY,Uruguay,AMRO,3799,231901,66,3318
16-05-2021,UY,Uruguay,AMRO,3305,235206,51,3369
17-05-2021,UY,Uruguay,AMRO,2873,238079,50,3419
18-05-2021,UY,Uruguay,AMRO,2433,240512,40,3459
19-05-2021,UY,Uruguay,AMRO,2394,242906,62,3521
20-05-2021,UY,Uruguay,AMRO,3120,246026,57,3578
21-05-2021,UY,Uruguay,AMRO,3339,249365,60,3638
22-05-2021,UY,Uruguay,AMRO,4576,253941,53,3691
23-05-2021,UY,Uruguay,AMRO,4599,258540,69,3760
24-05-2021,UY,Uruguay,AMRO,3469,262009,51,3811
25-05-2021,UY,Uruguay,AMRO,3089,265098,60,3871
26-05-2021,UY,Uruguay,AMRO,2790,267888,51,3922
27-05-2021,UY,Uruguay,AMRO,3971,271859,51,3973
28-05-2021,UY,Uruguay,AMRO,4576,276435,49,4022
29-05-2021,UY,Uruguay,AMRO,3937,280372,44,4066
30-05-2021,UY,Uruguay,AMRO,1826,282198,52,4118
01-01-2021,UZ,Uzbekistan,EURO,66,77126,0,614
02-01-2021,UZ,Uzbekistan,EURO,56,77182,0,614
03-01-2021,UZ,Uzbekistan,EURO,56,77238,0,614
04-01-2021,UZ,Uzbekistan,EURO,20,77258,0,614
05-01-2021,UZ,Uzbekistan,EURO,37,77295,0,614
06-01-2021,UZ,Uzbekistan,EURO,55,77350,1,615
07-01-2021,UZ,Uzbekistan,EURO,62,77412,0,615
08-01-2021,UZ,Uzbekistan,EURO,73,77485,1,616
09-01-2021,UZ,Uzbekistan,EURO,45,77530,0,616
10-01-2021,UZ,Uzbekistan,EURO,42,77572,1,617
11-01-2021,UZ,Uzbekistan,EURO,39,77611,0,617
12-01-2021,UZ,Uzbekistan,EURO,52,77663,0,617
13-01-2021,UZ,Uzbekistan,EURO,53,77716,1,618
14-01-2021,UZ,Uzbekistan,EURO,61,77777,0,618
15-01-2021,UZ,Uzbekistan,EURO,68,77845,1,619
16-01-2021,UZ,Uzbekistan,EURO,59,77904,0,619
17-01-2021,UZ,Uzbekistan,EURO,64,77968,0,619
18-01-2021,UZ,Uzbekistan,EURO,68,78036,0,619
19-01-2021,UZ,Uzbekistan,EURO,55,78091,1,620
20-01-2021,UZ,Uzbekistan,EURO,72,78163,0,620
21-01-2021,UZ,Uzbekistan,EURO,56,78219,0,620
22-01-2021,UZ,Uzbekistan,EURO,53,78272,0,620
23-01-2021,UZ,Uzbekistan,EURO,45,78317,1,621
24-01-2021,UZ,Uzbekistan,EURO,58,78375,0,621
25-01-2021,UZ,Uzbekistan,EURO,54,78429,0,621
26-01-2021,UZ,Uzbekistan,EURO,42,78471,0,621
27-01-2021,UZ,Uzbekistan,EURO,39,78510,0,621
28-01-2021,UZ,Uzbekistan,EURO,46,78556,0,621
29-01-2021,UZ,Uzbekistan,EURO,46,78602,0,621
30-01-2021,UZ,Uzbekistan,EURO,70,78672,0,621
31-01-2021,UZ,Uzbekistan,EURO,39,78711,0,621
01-02-2021,UZ,Uzbekistan,EURO,44,78755,0,621
02-02-2021,UZ,Uzbekistan,EURO,46,78801,0,621
03-02-2021,UZ,Uzbekistan,EURO,58,78859,0,621
04-02-2021,UZ,Uzbekistan,EURO,57,78916,0,621
05-02-2021,UZ,Uzbekistan,EURO,73,78989,0,621
06-02-2021,UZ,Uzbekistan,EURO,56,79045,0,621
07-02-2021,UZ,Uzbekistan,EURO,53,79098,0,621
08-02-2021,UZ,Uzbekistan,EURO,64,79162,0,621
09-02-2021,UZ,Uzbekistan,EURO,42,79204,0,621
10-02-2021,UZ,Uzbekistan,EURO,33,79237,0,621
11-02-2021,UZ,Uzbekistan,EURO,66,79303,1,622
12-02-2021,UZ,Uzbekistan,EURO,37,79340,0,622
13-02-2021,UZ,Uzbekistan,EURO,41,79381,0,622
14-02-2021,UZ,Uzbekistan,EURO,35,79416,0,622
15-02-2021,UZ,Uzbekistan,EURO,26,79442,0,622
16-02-2021,UZ,Uzbekistan,EURO,19,79461,0,622
17-02-2021,UZ,Uzbekistan,EURO,36,79497,0,622
18-02-2021,UZ,Uzbekistan,EURO,51,79548,0,622
19-02-2021,UZ,Uzbekistan,EURO,50,79598,0,622
20-02-2021,UZ,Uzbekistan,EURO,34,79632,0,622
21-02-2021,UZ,Uzbekistan,EURO,22,79654,0,622
22-02-2021,UZ,Uzbekistan,EURO,27,79681,0,622
23-02-2021,UZ,Uzbekistan,EURO,36,79717,0,622
24-02-2021,UZ,Uzbekistan,EURO,32,79749,0,622
25-02-2021,UZ,Uzbekistan,EURO,24,79773,0,622
26-02-2021,UZ,Uzbekistan,EURO,31,79804,0,622
27-02-2021,UZ,Uzbekistan,EURO,32,79836,0,622
28-02-2021,UZ,Uzbekistan,EURO,50,79886,0,622
01-03-2021,UZ,Uzbekistan,EURO,40,79926,0,622
02-03-2021,UZ,Uzbekistan,EURO,35,79961,0,622
03-03-2021,UZ,Uzbekistan,EURO,45,80006,0,622
04-03-2021,UZ,Uzbekistan,EURO,29,80035,0,622
05-03-2021,UZ,Uzbekistan,EURO,46,80081,0,622
06-03-2021,UZ,Uzbekistan,EURO,44,80125,0,622
07-03-2021,UZ,Uzbekistan,EURO,51,80176,0,622
08-03-2021,UZ,Uzbekistan,EURO,43,80219,0,622
09-03-2021,UZ,Uzbekistan,EURO,28,80247,0,622
10-03-2021,UZ,Uzbekistan,EURO,21,80268,0,622
11-03-2021,UZ,Uzbekistan,EURO,79,80347,0,622
12-03-2021,UZ,Uzbekistan,EURO,45,80392,0,622
13-03-2021,UZ,Uzbekistan,EURO,89,80481,0,622
14-03-2021,UZ,Uzbekistan,EURO,86,80567,0,622
15-03-2021,UZ,Uzbekistan,EURO,111,80678,0,622
16-03-2021,UZ,Uzbekistan,EURO,65,80743,0,622
17-03-2021,UZ,Uzbekistan,EURO,115,80858,0,622
18-03-2021,UZ,Uzbekistan,EURO,113,80971,0,622
19-03-2021,UZ,Uzbekistan,EURO,124,81095,0,622
20-03-2021,UZ,Uzbekistan,EURO,126,81221,0,622
21-03-2021,UZ,Uzbekistan,EURO,118,81339,0,622
22-03-2021,UZ,Uzbekistan,EURO,107,81446,0,622
23-03-2021,UZ,Uzbekistan,EURO,113,81559,0,622
24-03-2021,UZ,Uzbekistan,EURO,119,81678,1,623
25-03-2021,UZ,Uzbekistan,EURO,138,81816,1,624
26-03-2021,UZ,Uzbekistan,EURO,144,81960,0,624
27-03-2021,UZ,Uzbekistan,EURO,186,82146,1,625
28-03-2021,UZ,Uzbekistan,EURO,194,82340,1,626
29-03-2021,UZ,Uzbekistan,EURO,196,82536,0,626
30-03-2021,UZ,Uzbekistan,EURO,146,82682,2,628
31-03-2021,UZ,Uzbekistan,EURO,187,82869,1,629
01-04-2021,UZ,Uzbekistan,EURO,181,83050,1,630
02-04-2021,UZ,Uzbekistan,EURO,189,83239,0,630
03-04-2021,UZ,Uzbekistan,EURO,196,83435,0,630
04-04-2021,UZ,Uzbekistan,EURO,188,83623,1,631
05-04-2021,UZ,Uzbekistan,EURO,179,83802,0,631
06-04-2021,UZ,Uzbekistan,EURO,133,83935,1,632
07-04-2021,UZ,Uzbekistan,EURO,192,84127,1,633
08-04-2021,UZ,Uzbekistan,EURO,195,84322,1,634
09-04-2021,UZ,Uzbekistan,EURO,207,84529,0,634
10-04-2021,UZ,Uzbekistan,EURO,195,84724,0,634
11-04-2021,UZ,Uzbekistan,EURO,198,84922,0,634
12-04-2021,UZ,Uzbekistan,EURO,192,85114,0,634
13-04-2021,UZ,Uzbekistan,EURO,177,85291,0,634
14-04-2021,UZ,Uzbekistan,EURO,212,85503,0,634
15-04-2021,UZ,Uzbekistan,EURO,227,85730,0,634
16-04-2021,UZ,Uzbekistan,EURO,292,86022,1,635
17-04-2021,UZ,Uzbekistan,EURO,316,86338,0,635
18-04-2021,UZ,Uzbekistan,EURO,342,86680,2,637
19-04-2021,UZ,Uzbekistan,EURO,302,86982,1,638
20-04-2021,UZ,Uzbekistan,EURO,243,87225,1,639
21-04-2021,UZ,Uzbekistan,EURO,326,87551,1,640
22-04-2021,UZ,Uzbekistan,EURO,384,87935,0,640
23-04-2021,UZ,Uzbekistan,EURO,345,88280,1,641
24-04-2021,UZ,Uzbekistan,EURO,399,88679,1,642
25-04-2021,UZ,Uzbekistan,EURO,348,89027,1,643
26-04-2021,UZ,Uzbekistan,EURO,328,89355,2,645
27-04-2021,UZ,Uzbekistan,EURO,275,89630,1,646
28-04-2021,UZ,Uzbekistan,EURO,378,90008,0,646
29-04-2021,UZ,Uzbekistan,EURO,398,90406,1,647
30-04-2021,UZ,Uzbekistan,EURO,402,90808,2,649
01-05-2021,UZ,Uzbekistan,EURO,442,91250,1,650
02-05-2021,UZ,Uzbekistan,EURO,393,91643,2,652
03-05-2021,UZ,Uzbekistan,EURO,363,92006,1,653
04-05-2021,UZ,Uzbekistan,EURO,314,92320,2,655
05-05-2021,UZ,Uzbekistan,EURO,404,92724,0,655
06-05-2021,UZ,Uzbekistan,EURO,452,93176,2,657
07-05-2021,UZ,Uzbekistan,EURO,421,93597,3,660
08-05-2021,UZ,Uzbekistan,EURO,381,93978,2,662
09-05-2021,UZ,Uzbekistan,EURO,419,94397,0,662
10-05-2021,UZ,Uzbekistan,EURO,362,94759,0,662
11-05-2021,UZ,Uzbekistan,EURO,313,95072,2,664
12-05-2021,UZ,Uzbekistan,EURO,395,95467,2,666
13-05-2021,UZ,Uzbekistan,EURO,359,95826,1,667
14-05-2021,UZ,Uzbekistan,EURO,291,96117,0,667
15-05-2021,UZ,Uzbekistan,EURO,251,96368,0,667
16-05-2021,UZ,Uzbekistan,EURO,302,96670,1,668
17-05-2021,UZ,Uzbekistan,EURO,223,96893,2,670
18-05-2021,UZ,Uzbekistan,EURO,175,97068,2,672
19-05-2021,UZ,Uzbekistan,EURO,212,97280,2,674
20-05-2021,UZ,Uzbekistan,EURO,263,97543,2,676
21-05-2021,UZ,Uzbekistan,EURO,313,97856,2,678
22-05-2021,UZ,Uzbekistan,EURO,308,98164,2,680
23-05-2021,UZ,Uzbekistan,EURO,287,98451,0,680
24-05-2021,UZ,Uzbekistan,EURO,206,98657,0,680
25-05-2021,UZ,Uzbekistan,EURO,192,98849,2,682
26-05-2021,UZ,Uzbekistan,EURO,215,99064,2,684
27-05-2021,UZ,Uzbekistan,EURO,280,99344,1,685
28-05-2021,UZ,Uzbekistan,EURO,236,99580,2,687
29-05-2021,UZ,Uzbekistan,EURO,264,99844,1,688
30-05-2021,UZ,Uzbekistan,EURO,280,100124,2,690
01-01-2021,VU,Vanuatu,WPRO,0,1,0,0
02-01-2021,VU,Vanuatu,WPRO,0,1,0,0
03-01-2021,VU,Vanuatu,WPRO,0,1,0,0
04-01-2021,VU,Vanuatu,WPRO,0,1,0,0
05-01-2021,VU,Vanuatu,WPRO,0,1,0,0
06-01-2021,VU,Vanuatu,WPRO,0,1,0,0
07-01-2021,VU,Vanuatu,WPRO,0,1,0,0
08-01-2021,VU,Vanuatu,WPRO,0,1,0,0
09-01-2021,VU,Vanuatu,WPRO,0,1,0,0
10-01-2021,VU,Vanuatu,WPRO,0,1,0,0
11-01-2021,VU,Vanuatu,WPRO,0,1,0,0
12-01-2021,VU,Vanuatu,WPRO,0,1,0,0
13-01-2021,VU,Vanuatu,WPRO,0,1,0,0
14-01-2021,VU,Vanuatu,WPRO,0,1,0,0
15-01-2021,VU,Vanuatu,WPRO,0,1,0,0
16-01-2021,VU,Vanuatu,WPRO,0,1,0,0
17-01-2021,VU,Vanuatu,WPRO,0,1,0,0
18-01-2021,VU,Vanuatu,WPRO,0,1,0,0
19-01-2021,VU,Vanuatu,WPRO,0,1,0,0
20-01-2021,VU,Vanuatu,WPRO,0,1,0,0
21-01-2021,VU,Vanuatu,WPRO,0,1,0,0
22-01-2021,VU,Vanuatu,WPRO,0,1,0,0
23-01-2021,VU,Vanuatu,WPRO,0,1,0,0
24-01-2021,VU,Vanuatu,WPRO,0,1,0,0
25-01-2021,VU,Vanuatu,WPRO,0,1,0,0
26-01-2021,VU,Vanuatu,WPRO,0,1,0,0
27-01-2021,VU,Vanuatu,WPRO,0,1,0,0
28-01-2021,VU,Vanuatu,WPRO,0,1,0,0
29-01-2021,VU,Vanuatu,WPRO,0,1,0,0
30-01-2021,VU,Vanuatu,WPRO,0,1,0,0
31-01-2021,VU,Vanuatu,WPRO,0,1,0,0
01-02-2021,VU,Vanuatu,WPRO,0,1,0,0
02-02-2021,VU,Vanuatu,WPRO,0,1,0,0
03-02-2021,VU,Vanuatu,WPRO,0,1,0,0
04-02-2021,VU,Vanuatu,WPRO,0,1,0,0
05-02-2021,VU,Vanuatu,WPRO,0,1,0,0
06-02-2021,VU,Vanuatu,WPRO,0,1,0,0
07-02-2021,VU,Vanuatu,WPRO,0,1,0,0
08-02-2021,VU,Vanuatu,WPRO,0,1,0,0
09-02-2021,VU,Vanuatu,WPRO,0,1,0,0
10-02-2021,VU,Vanuatu,WPRO,0,1,0,0
11-02-2021,VU,Vanuatu,WPRO,0,1,0,0
12-02-2021,VU,Vanuatu,WPRO,0,1,0,0
13-02-2021,VU,Vanuatu,WPRO,0,1,0,0
14-02-2021,VU,Vanuatu,WPRO,0,1,0,0
15-02-2021,VU,Vanuatu,WPRO,0,1,0,0
16-02-2021,VU,Vanuatu,WPRO,0,1,0,0
17-02-2021,VU,Vanuatu,WPRO,0,1,0,0
18-02-2021,VU,Vanuatu,WPRO,0,1,0,0
19-02-2021,VU,Vanuatu,WPRO,0,1,0,0
20-02-2021,VU,Vanuatu,WPRO,0,1,0,0
21-02-2021,VU,Vanuatu,WPRO,0,1,0,0
22-02-2021,VU,Vanuatu,WPRO,0,1,0,0
23-02-2021,VU,Vanuatu,WPRO,0,1,0,0
24-02-2021,VU,Vanuatu,WPRO,0,1,0,0
25-02-2021,VU,Vanuatu,WPRO,0,1,0,0
26-02-2021,VU,Vanuatu,WPRO,0,1,0,0
27-02-2021,VU,Vanuatu,WPRO,0,1,0,0
28-02-2021,VU,Vanuatu,WPRO,0,1,0,0
01-03-2021,VU,Vanuatu,WPRO,0,1,0,0
02-03-2021,VU,Vanuatu,WPRO,0,1,0,0
03-03-2021,VU,Vanuatu,WPRO,0,1,0,0
04-03-2021,VU,Vanuatu,WPRO,0,1,0,0
05-03-2021,VU,Vanuatu,WPRO,0,1,0,0
06-03-2021,VU,Vanuatu,WPRO,0,1,0,0
07-03-2021,VU,Vanuatu,WPRO,0,1,0,0
08-03-2021,VU,Vanuatu,WPRO,2,3,0,0
09-03-2021,VU,Vanuatu,WPRO,0,3,0,0
10-03-2021,VU,Vanuatu,WPRO,0,3,0,0
11-03-2021,VU,Vanuatu,WPRO,0,3,0,0
12-03-2021,VU,Vanuatu,WPRO,0,3,0,0
13-03-2021,VU,Vanuatu,WPRO,0,3,0,0
14-03-2021,VU,Vanuatu,WPRO,0,3,0,0
15-03-2021,VU,Vanuatu,WPRO,0,3,0,0
16-03-2021,VU,Vanuatu,WPRO,0,3,0,0
17-03-2021,VU,Vanuatu,WPRO,0,3,0,0
18-03-2021,VU,Vanuatu,WPRO,0,3,0,0
19-03-2021,VU,Vanuatu,WPRO,0,3,0,0
20-03-2021,VU,Vanuatu,WPRO,0,3,0,0
21-03-2021,VU,Vanuatu,WPRO,0,3,0,0
22-03-2021,VU,Vanuatu,WPRO,0,3,0,0
23-03-2021,VU,Vanuatu,WPRO,0,3,0,0
24-03-2021,VU,Vanuatu,WPRO,0,3,0,0
25-03-2021,VU,Vanuatu,WPRO,0,3,0,0
26-03-2021,VU,Vanuatu,WPRO,0,3,0,0
27-03-2021,VU,Vanuatu,WPRO,0,3,0,0
28-03-2021,VU,Vanuatu,WPRO,0,3,0,0
29-03-2021,VU,Vanuatu,WPRO,0,3,0,0
30-03-2021,VU,Vanuatu,WPRO,0,3,0,0
31-03-2021,VU,Vanuatu,WPRO,0,3,0,0
01-04-2021,VU,Vanuatu,WPRO,0,3,0,0
02-04-2021,VU,Vanuatu,WPRO,0,3,0,0
03-04-2021,VU,Vanuatu,WPRO,0,3,0,0
04-04-2021,VU,Vanuatu,WPRO,0,3,0,0
05-04-2021,VU,Vanuatu,WPRO,0,3,0,0
06-04-2021,VU,Vanuatu,WPRO,0,3,0,0
07-04-2021,VU,Vanuatu,WPRO,0,3,0,0
08-04-2021,VU,Vanuatu,WPRO,0,3,0,0
09-04-2021,VU,Vanuatu,WPRO,0,3,0,0
10-04-2021,VU,Vanuatu,WPRO,0,3,0,0
11-04-2021,VU,Vanuatu,WPRO,0,3,0,0
12-04-2021,VU,Vanuatu,WPRO,0,3,0,0
13-04-2021,VU,Vanuatu,WPRO,0,3,0,0
14-04-2021,VU,Vanuatu,WPRO,0,3,0,0
15-04-2021,VU,Vanuatu,WPRO,0,3,0,0
16-04-2021,VU,Vanuatu,WPRO,0,3,0,0
17-04-2021,VU,Vanuatu,WPRO,0,3,0,0
18-04-2021,VU,Vanuatu,WPRO,0,3,0,0
19-04-2021,VU,Vanuatu,WPRO,0,3,0,0
20-04-2021,VU,Vanuatu,WPRO,0,3,0,0
21-04-2021,VU,Vanuatu,WPRO,0,3,0,0
22-04-2021,VU,Vanuatu,WPRO,0,3,0,0
23-04-2021,VU,Vanuatu,WPRO,0,3,0,0
24-04-2021,VU,Vanuatu,WPRO,0,3,0,0
25-04-2021,VU,Vanuatu,WPRO,0,3,0,0
26-04-2021,VU,Vanuatu,WPRO,0,3,0,0
27-04-2021,VU,Vanuatu,WPRO,0,3,0,0
28-04-2021,VU,Vanuatu,WPRO,0,3,0,0
29-04-2021,VU,Vanuatu,WPRO,0,3,0,0
30-04-2021,VU,Vanuatu,WPRO,0,3,0,0
01-05-2021,VU,Vanuatu,WPRO,0,3,0,0
02-05-2021,VU,Vanuatu,WPRO,0,3,0,0
03-05-2021,VU,Vanuatu,WPRO,0,3,0,0
04-05-2021,VU,Vanuatu,WPRO,0,3,0,0
05-05-2021,VU,Vanuatu,WPRO,0,3,0,0
06-05-2021,VU,Vanuatu,WPRO,0,3,0,0
07-05-2021,VU,Vanuatu,WPRO,0,3,0,0
08-05-2021,VU,Vanuatu,WPRO,0,3,0,0
09-05-2021,VU,Vanuatu,WPRO,0,3,0,0
10-05-2021,VU,Vanuatu,WPRO,0,3,0,0
11-05-2021,VU,Vanuatu,WPRO,0,3,0,0
12-05-2021,VU,Vanuatu,WPRO,0,3,0,0
13-05-2021,VU,Vanuatu,WPRO,0,3,0,0
14-05-2021,VU,Vanuatu,WPRO,0,3,0,0
15-05-2021,VU,Vanuatu,WPRO,0,3,0,0
16-05-2021,VU,Vanuatu,WPRO,0,3,0,0
17-05-2021,VU,Vanuatu,WPRO,0,3,0,0
18-05-2021,VU,Vanuatu,WPRO,0,3,0,0
19-05-2021,VU,Vanuatu,WPRO,0,3,0,0
20-05-2021,VU,Vanuatu,WPRO,0,3,0,0
21-05-2021,VU,Vanuatu,WPRO,0,3,0,0
22-05-2021,VU,Vanuatu,WPRO,0,3,0,0
23-05-2021,VU,Vanuatu,WPRO,0,3,0,0
24-05-2021,VU,Vanuatu,WPRO,0,3,0,0
25-05-2021,VU,Vanuatu,WPRO,0,3,0,0
26-05-2021,VU,Vanuatu,WPRO,0,3,0,0
27-05-2021,VU,Vanuatu,WPRO,0,3,0,0
28-05-2021,VU,Vanuatu,WPRO,0,3,0,0
29-05-2021,VU,Vanuatu,WPRO,0,3,0,0
30-05-2021,VU,Vanuatu,WPRO,0,3,0,0
01-01-2021,VE,Venezuela (Bolivarian Republic of),AMRO,260,113121,4,1025
02-01-2021,VE,Venezuela (Bolivarian Republic of),AMRO,441,113562,3,1028
03-01-2021,VE,Venezuela (Bolivarian Republic of),AMRO,0,113562,0,1028
04-01-2021,VE,Venezuela (Bolivarian Republic of),AMRO,521,114083,4,1032
05-01-2021,VE,Venezuela (Bolivarian Republic of),AMRO,147,114230,2,1034
06-01-2021,VE,Venezuela (Bolivarian Republic of),AMRO,177,114407,4,1038
07-01-2021,VE,Venezuela (Bolivarian Republic of),AMRO,255,114662,4,1042
08-01-2021,VE,Venezuela (Bolivarian Republic of),AMRO,246,114908,5,1047
09-01-2021,VE,Venezuela (Bolivarian Republic of),AMRO,414,115322,5,1052
10-01-2021,VE,Venezuela (Bolivarian Republic of),AMRO,345,115667,4,1056
11-01-2021,VE,Venezuela (Bolivarian Republic of),AMRO,505,116172,5,1061
12-01-2021,VE,Venezuela (Bolivarian Republic of),AMRO,438,116610,6,1067
13-01-2021,VE,Venezuela (Bolivarian Republic of),AMRO,373,116983,6,1073
14-01-2021,VE,Venezuela (Bolivarian Republic of),AMRO,316,117299,5,1078
15-01-2021,VE,Venezuela (Bolivarian Republic of),AMRO,512,117811,6,1084
16-01-2021,VE,Venezuela (Bolivarian Republic of),AMRO,604,118415,6,1090
17-01-2021,VE,Venezuela (Bolivarian Republic of),AMRO,441,118856,5,1095
18-01-2021,VE,Venezuela (Bolivarian Republic of),AMRO,450,119306,6,1101
19-01-2021,VE,Venezuela (Bolivarian Republic of),AMRO,497,119803,5,1106
20-01-2021,VE,Venezuela (Bolivarian Republic of),AMRO,641,120444,6,1112
21-01-2021,VE,Venezuela (Bolivarian Republic of),AMRO,673,121117,4,1116
22-01-2021,VE,Venezuela (Bolivarian Republic of),AMRO,574,121691,6,1122
23-01-2021,VE,Venezuela (Bolivarian Republic of),AMRO,569,122260,7,1129
24-01-2021,VE,Venezuela (Bolivarian Republic of),AMRO,535,122795,7,1136
25-01-2021,VE,Venezuela (Bolivarian Republic of),AMRO,450,123245,6,1142
26-01-2021,VE,Venezuela (Bolivarian Republic of),AMRO,464,123709,6,1148
27-01-2021,VE,Venezuela (Bolivarian Republic of),AMRO,403,124112,6,1154
28-01-2021,VE,Venezuela (Bolivarian Republic of),AMRO,413,124525,5,1159
29-01-2021,VE,Venezuela (Bolivarian Republic of),AMRO,433,124958,6,1165
30-01-2021,VE,Venezuela (Bolivarian Republic of),AMRO,406,125364,6,1171
31-01-2021,VE,Venezuela (Bolivarian Republic of),AMRO,412,125776,6,1177
01-02-2021,VE,Venezuela (Bolivarian Republic of),AMRO,547,126323,6,1183
02-02-2021,VE,Venezuela (Bolivarian Republic of),AMRO,604,126927,6,1189
03-02-2021,VE,Venezuela (Bolivarian Republic of),AMRO,419,127346,7,1196
04-02-2021,VE,Venezuela (Bolivarian Republic of),AMRO,406,127752,6,1202
05-02-2021,VE,Venezuela (Bolivarian Republic of),AMRO,563,128315,7,1209
06-02-2021,VE,Venezuela (Bolivarian Republic of),AMRO,460,128775,7,1216
07-02-2021,VE,Venezuela (Bolivarian Republic of),AMRO,456,129231,7,1223
08-02-2021,VE,Venezuela (Bolivarian Republic of),AMRO,412,129643,5,1228
09-02-2021,VE,Venezuela (Bolivarian Republic of),AMRO,473,130116,5,1233
10-02-2021,VE,Venezuela (Bolivarian Republic of),AMRO,480,130596,7,1240
11-02-2021,VE,Venezuela (Bolivarian Republic of),AMRO,500,131096,7,1247
12-02-2021,VE,Venezuela (Bolivarian Republic of),AMRO,380,131476,6,1253
13-02-2021,VE,Venezuela (Bolivarian Republic of),AMRO,352,131828,7,1260
14-02-2021,VE,Venezuela (Bolivarian Republic of),AMRO,431,132259,7,1267
15-02-2021,VE,Venezuela (Bolivarian Republic of),AMRO,484,132743,6,1273
16-02-2021,VE,Venezuela (Bolivarian Republic of),AMRO,475,133218,6,1279
17-02-2021,VE,Venezuela (Bolivarian Republic of),AMRO,359,133577,6,1285
18-02-2021,VE,Venezuela (Bolivarian Republic of),AMRO,350,133927,7,1292
19-02-2021,VE,Venezuela (Bolivarian Republic of),AMRO,392,134319,5,1297
20-02-2021,VE,Venezuela (Bolivarian Republic of),AMRO,462,134781,6,1303
21-02-2021,VE,Venezuela (Bolivarian Republic of),AMRO,333,135114,5,1308
22-02-2021,VE,Venezuela (Bolivarian Republic of),AMRO,489,135603,4,1312
23-02-2021,VE,Venezuela (Bolivarian Republic of),AMRO,465,136068,4,1316
24-02-2021,VE,Venezuela (Bolivarian Republic of),AMRO,477,136545,4,1320
25-02-2021,VE,Venezuela (Bolivarian Republic of),AMRO,441,136986,5,1325
26-02-2021,VE,Venezuela (Bolivarian Republic of),AMRO,459,137445,6,1331
27-02-2021,VE,Venezuela (Bolivarian Republic of),AMRO,426,137871,3,1334
28-02-2021,VE,Venezuela (Bolivarian Republic of),AMRO,424,138295,4,1338
01-03-2021,VE,Venezuela (Bolivarian Republic of),AMRO,444,138739,0,1338
02-03-2021,VE,Venezuela (Bolivarian Republic of),AMRO,377,139116,6,1344
03-03-2021,VE,Venezuela (Bolivarian Republic of),AMRO,429,139545,4,1348
04-03-2021,VE,Venezuela (Bolivarian Republic of),AMRO,389,139934,5,1353
05-03-2021,VE,Venezuela (Bolivarian Republic of),AMRO,449,140383,5,1358
06-03-2021,VE,Venezuela (Bolivarian Republic of),AMRO,577,140960,6,1364
07-03-2021,VE,Venezuela (Bolivarian Republic of),AMRO,396,141356,7,1371
08-03-2021,VE,Venezuela (Bolivarian Republic of),AMRO,529,141885,7,1378
09-03-2021,VE,Venezuela (Bolivarian Republic of),AMRO,453,142338,6,1384
10-03-2021,VE,Venezuela (Bolivarian Republic of),AMRO,436,142774,7,1391
11-03-2021,VE,Venezuela (Bolivarian Republic of),AMRO,547,143321,8,1399
12-03-2021,VE,Venezuela (Bolivarian Republic of),AMRO,475,143796,8,1407
13-03-2021,VE,Venezuela (Bolivarian Republic of),AMRO,481,144277,8,1415
14-03-2021,VE,Venezuela (Bolivarian Republic of),AMRO,509,144786,7,1422
15-03-2021,VE,Venezuela (Bolivarian Republic of),AMRO,593,145379,8,1430
16-03-2021,VE,Venezuela (Bolivarian Republic of),AMRO,574,145953,7,1437
17-03-2021,VE,Venezuela (Bolivarian Republic of),AMRO,535,146488,7,1444
18-03-2021,VE,Venezuela (Bolivarian Republic of),AMRO,540,147028,7,1451
19-03-2021,VE,Venezuela (Bolivarian Republic of),AMRO,549,147577,8,1459
20-03-2021,VE,Venezuela (Bolivarian Republic of),AMRO,631,148208,8,1467
21-03-2021,VE,Venezuela (Bolivarian Republic of),AMRO,937,149145,8,1475
22-03-2021,VE,Venezuela (Bolivarian Republic of),AMRO,1161,150306,8,1483
23-03-2021,VE,Venezuela (Bolivarian Republic of),AMRO,817,151123,10,1493
24-03-2021,VE,Venezuela (Bolivarian Republic of),AMRO,771,151894,9,1502
25-03-2021,VE,Venezuela (Bolivarian Republic of),AMRO,614,152508,9,1511
26-03-2021,VE,Venezuela (Bolivarian Republic of),AMRO,807,153315,10,1521
27-03-2021,VE,Venezuela (Bolivarian Republic of),AMRO,850,154165,11,1532
28-03-2021,VE,Venezuela (Bolivarian Republic of),AMRO,740,154905,11,1543
29-03-2021,VE,Venezuela (Bolivarian Republic of),AMRO,758,155663,12,1555
30-03-2021,VE,Venezuela (Bolivarian Republic of),AMRO,992,156655,10,1565
31-03-2021,VE,Venezuela (Bolivarian Republic of),AMRO,1288,157943,12,1577
01-04-2021,VE,Venezuela (Bolivarian Republic of),AMRO,1206,159149,12,1589
02-04-2021,VE,Venezuela (Bolivarian Republic of),AMRO,1348,160497,13,1602
03-04-2021,VE,Venezuela (Bolivarian Republic of),AMRO,1254,161751,13,1615
04-04-2021,VE,Venezuela (Bolivarian Republic of),AMRO,979,162730,14,1629
05-04-2021,VE,Venezuela (Bolivarian Republic of),AMRO,1607,164337,18,1647
06-04-2021,VE,Venezuela (Bolivarian Republic of),AMRO,1786,166123,15,1662
07-04-2021,VE,Venezuela (Bolivarian Republic of),AMRO,1425,167548,16,1678
08-04-2021,VE,Venezuela (Bolivarian Republic of),AMRO,1526,169074,15,1693
09-04-2021,VE,Venezuela (Bolivarian Republic of),AMRO,1115,170189,12,1705
10-04-2021,VE,Venezuela (Bolivarian Republic of),AMRO,1184,171373,15,1720
11-04-2021,VE,Venezuela (Bolivarian Republic of),AMRO,1088,172461,19,1739
12-04-2021,VE,Venezuela (Bolivarian Republic of),AMRO,1325,173786,20,1759
13-04-2021,VE,Venezuela (Bolivarian Republic of),AMRO,1101,174887,19,1778
14-04-2021,VE,Venezuela (Bolivarian Republic of),AMRO,925,175812,17,1795
15-04-2021,VE,Venezuela (Bolivarian Republic of),AMRO,1160,176972,20,1815
16-04-2021,VE,Venezuela (Bolivarian Republic of),AMRO,1122,178094,19,1834
17-04-2021,VE,Venezuela (Bolivarian Republic of),AMRO,1271,179365,19,1853
18-04-2021,VE,Venezuela (Bolivarian Republic of),AMRO,1244,180609,17,1870
19-04-2021,VE,Venezuela (Bolivarian Republic of),AMRO,1294,181903,18,1888
20-04-2021,VE,Venezuela (Bolivarian Republic of),AMRO,1287,183190,17,1905
21-04-2021,VE,Venezuela (Bolivarian Republic of),AMRO,1405,184595,20,1925
22-04-2021,VE,Venezuela (Bolivarian Republic of),AMRO,1141,185736,19,1944
23-04-2021,VE,Venezuela (Bolivarian Republic of),AMRO,1009,186745,21,1965
24-04-2021,VE,Venezuela (Bolivarian Republic of),AMRO,1318,188063,22,1987
25-04-2021,VE,Venezuela (Bolivarian Republic of),AMRO,1318,189381,22,2009
26-04-2021,VE,Venezuela (Bolivarian Republic of),AMRO,1142,190523,19,2028
27-04-2021,VE,Venezuela (Bolivarian Republic of),AMRO,995,191518,19,2047
28-04-2021,VE,Venezuela (Bolivarian Republic of),AMRO,980,192498,18,2065
29-04-2021,VE,Venezuela (Bolivarian Republic of),AMRO,1223,193721,17,2082
30-04-2021,VE,Venezuela (Bolivarian Republic of),AMRO,1238,194959,17,2099
01-05-2021,VE,Venezuela (Bolivarian Republic of),AMRO,1427,196386,18,2117
02-05-2021,VE,Venezuela (Bolivarian Republic of),AMRO,1297,197683,19,2136
03-05-2021,VE,Venezuela (Bolivarian Republic of),AMRO,1182,198865,19,2155
04-05-2021,VE,Venezuela (Bolivarian Republic of),AMRO,1202,200067,17,2172
05-05-2021,VE,Venezuela (Bolivarian Republic of),AMRO,864,200931,17,2189
06-05-2021,VE,Venezuela (Bolivarian Republic of),AMRO,876,201807,19,2208
07-05-2021,VE,Venezuela (Bolivarian Republic of),AMRO,951,202758,18,2226
08-05-2021,VE,Venezuela (Bolivarian Republic of),AMRO,1299,204057,18,2244
09-05-2021,VE,Venezuela (Bolivarian Republic of),AMRO,1124,205181,19,2263
10-05-2021,VE,Venezuela (Bolivarian Republic of),AMRO,1368,206549,17,2280
11-05-2021,VE,Venezuela (Bolivarian Republic of),AMRO,1321,207870,11,2291
12-05-2021,VE,Venezuela (Bolivarian Republic of),AMRO,1292,209162,13,2304
13-05-2021,VE,Venezuela (Bolivarian Republic of),AMRO,954,210116,16,2320
14-05-2021,VE,Venezuela (Bolivarian Republic of),AMRO,832,210948,17,2337
15-05-2021,VE,Venezuela (Bolivarian Republic of),AMRO,890,211838,15,2352
16-05-2021,VE,Venezuela (Bolivarian Republic of),AMRO,1160,212998,14,2366
17-05-2021,VE,Venezuela (Bolivarian Republic of),AMRO,1233,214231,16,2382
18-05-2021,VE,Venezuela (Bolivarian Republic of),AMRO,1070,215301,14,2396
19-05-2021,VE,Venezuela (Bolivarian Republic of),AMRO,1114,216415,15,2411
20-05-2021,VE,Venezuela (Bolivarian Republic of),AMRO,1188,217603,17,2428
21-05-2021,VE,Venezuela (Bolivarian Republic of),AMRO,1211,218814,18,2446
22-05-2021,VE,Venezuela (Bolivarian Republic of),AMRO,1050,219864,19,2465
23-05-2021,VE,Venezuela (Bolivarian Republic of),AMRO,1178,221042,18,2483
24-05-2021,VE,Venezuela (Bolivarian Republic of),AMRO,1010,222052,16,2499
25-05-2021,VE,Venezuela (Bolivarian Republic of),AMRO,1293,223345,14,2513
26-05-2021,VE,Venezuela (Bolivarian Republic of),AMRO,1474,224819,15,2528
27-05-2021,VE,Venezuela (Bolivarian Republic of),AMRO,1317,226136,16,2544
28-05-2021,VE,Venezuela (Bolivarian Republic of),AMRO,1271,227407,15,2559
29-05-2021,VE,Venezuela (Bolivarian Republic of),AMRO,1421,228828,17,2576
30-05-2021,VE,Venezuela (Bolivarian Republic of),AMRO,1319,230147,19,2595
01-01-2021,VN,Viet Nam,WPRO,9,1465,0,35
02-01-2021,VN,Viet Nam,WPRO,9,1474,0,35
03-01-2021,VN,Viet Nam,WPRO,8,1482,0,35
04-01-2021,VN,Viet Nam,WPRO,12,1494,0,35
05-01-2021,VN,Viet Nam,WPRO,3,1497,0,35
06-01-2021,VN,Viet Nam,WPRO,7,1504,0,35
07-01-2021,VN,Viet Nam,WPRO,1,1505,0,35
08-01-2021,VN,Viet Nam,WPRO,4,1509,0,35
09-01-2021,VN,Viet Nam,WPRO,3,1512,0,35
10-01-2021,VN,Viet Nam,WPRO,1,1513,0,35
11-01-2021,VN,Viet Nam,WPRO,1,1514,0,35
12-01-2021,VN,Viet Nam,WPRO,1,1515,0,35
13-01-2021,VN,Viet Nam,WPRO,5,1520,0,35
14-01-2021,VN,Viet Nam,WPRO,1,1521,0,35
15-01-2021,VN,Viet Nam,WPRO,10,1531,0,35
16-01-2021,VN,Viet Nam,WPRO,5,1536,0,35
17-01-2021,VN,Viet Nam,WPRO,1,1537,0,35
18-01-2021,VN,Viet Nam,WPRO,0,1537,0,35
19-01-2021,VN,Viet Nam,WPRO,2,1539,0,35
20-01-2021,VN,Viet Nam,WPRO,1,1540,0,35
21-01-2021,VN,Viet Nam,WPRO,4,1544,0,35
22-01-2021,VN,Viet Nam,WPRO,2,1546,0,35
23-01-2021,VN,Viet Nam,WPRO,2,1548,0,35
24-01-2021,VN,Viet Nam,WPRO,0,1548,0,35
25-01-2021,VN,Viet Nam,WPRO,0,1548,0,35
26-01-2021,VN,Viet Nam,WPRO,1,1549,0,35
27-01-2021,VN,Viet Nam,WPRO,2,1551,0,35
28-01-2021,VN,Viet Nam,WPRO,2,1553,0,35
29-01-2021,VN,Viet Nam,WPRO,98,1651,0,35
30-01-2021,VN,Viet Nam,WPRO,88,1739,0,35
31-01-2021,VN,Viet Nam,WPRO,42,1781,0,35
01-02-2021,VN,Viet Nam,WPRO,38,1819,0,35
02-02-2021,VN,Viet Nam,WPRO,32,1851,0,35
03-02-2021,VN,Viet Nam,WPRO,40,1891,0,35
04-02-2021,VN,Viet Nam,WPRO,57,1948,0,35
05-02-2021,VN,Viet Nam,WPRO,9,1957,0,35
06-02-2021,VN,Viet Nam,WPRO,19,1976,0,35
07-02-2021,VN,Viet Nam,WPRO,9,1985,0,35
08-02-2021,VN,Viet Nam,WPRO,20,2005,0,35
09-02-2021,VN,Viet Nam,WPRO,48,2053,0,35
10-02-2021,VN,Viet Nam,WPRO,17,2070,0,35
11-02-2021,VN,Viet Nam,WPRO,39,2109,0,35
12-02-2021,VN,Viet Nam,WPRO,31,2140,0,35
13-02-2021,VN,Viet Nam,WPRO,2,2142,0,35
14-02-2021,VN,Viet Nam,WPRO,53,2195,0,35
15-02-2021,VN,Viet Nam,WPRO,34,2229,0,35
16-02-2021,VN,Viet Nam,WPRO,42,2271,0,35
17-02-2021,VN,Viet Nam,WPRO,40,2311,0,35
18-02-2021,VN,Viet Nam,WPRO,18,2329,0,35
19-02-2021,VN,Viet Nam,WPRO,18,2347,0,35
20-02-2021,VN,Viet Nam,WPRO,15,2362,0,35
21-02-2021,VN,Viet Nam,WPRO,6,2368,0,35
22-02-2021,VN,Viet Nam,WPRO,15,2383,0,35
23-02-2021,VN,Viet Nam,WPRO,12,2395,0,35
24-02-2021,VN,Viet Nam,WPRO,8,2403,0,35
25-02-2021,VN,Viet Nam,WPRO,9,2412,0,35
26-02-2021,VN,Viet Nam,WPRO,9,2421,0,35
27-02-2021,VN,Viet Nam,WPRO,5,2426,0,35
28-02-2021,VN,Viet Nam,WPRO,6,2432,0,35
01-03-2021,VN,Viet Nam,WPRO,16,2448,0,35
02-03-2021,VN,Viet Nam,WPRO,24,2472,0,35
03-03-2021,VN,Viet Nam,WPRO,3,2475,0,35
04-03-2021,VN,Viet Nam,WPRO,7,2482,0,35
05-03-2021,VN,Viet Nam,WPRO,6,2488,0,35
06-03-2021,VN,Viet Nam,WPRO,13,2501,0,35
07-03-2021,VN,Viet Nam,WPRO,8,2509,0,35
08-03-2021,VN,Viet Nam,WPRO,3,2512,0,35
09-03-2021,VN,Viet Nam,WPRO,12,2524,0,35
10-03-2021,VN,Viet Nam,WPRO,2,2526,0,35
11-03-2021,VN,Viet Nam,WPRO,3,2529,0,35
12-03-2021,VN,Viet Nam,WPRO,6,2535,0,35
13-03-2021,VN,Viet Nam,WPRO,15,2550,0,35
14-03-2021,VN,Viet Nam,WPRO,3,2553,0,35
15-03-2021,VN,Viet Nam,WPRO,1,2554,0,35
16-03-2021,VN,Viet Nam,WPRO,5,2559,0,35
17-03-2021,VN,Viet Nam,WPRO,1,2560,0,35
18-03-2021,VN,Viet Nam,WPRO,7,2567,0,35
19-03-2021,VN,Viet Nam,WPRO,3,2570,0,35
20-03-2021,VN,Viet Nam,WPRO,1,2571,0,35
21-03-2021,VN,Viet Nam,WPRO,1,2572,0,35
22-03-2021,VN,Viet Nam,WPRO,0,2572,0,35
23-03-2021,VN,Viet Nam,WPRO,3,2575,0,35
24-03-2021,VN,Viet Nam,WPRO,1,2576,0,35
25-03-2021,VN,Viet Nam,WPRO,0,2576,0,35
26-03-2021,VN,Viet Nam,WPRO,5,2581,0,35
27-03-2021,VN,Viet Nam,WPRO,5,2586,0,35
28-03-2021,VN,Viet Nam,WPRO,4,2590,0,35
29-03-2021,VN,Viet Nam,WPRO,1,2591,0,35
30-03-2021,VN,Viet Nam,WPRO,3,2594,0,35
31-03-2021,VN,Viet Nam,WPRO,0,2594,0,35
01-04-2021,VN,Viet Nam,WPRO,9,2603,0,35
02-04-2021,VN,Viet Nam,WPRO,14,2617,0,35
03-04-2021,VN,Viet Nam,WPRO,3,2620,0,35
04-04-2021,VN,Viet Nam,WPRO,9,2629,0,35
05-04-2021,VN,Viet Nam,WPRO,2,2631,0,35
06-04-2021,VN,Viet Nam,WPRO,6,2637,0,35
07-04-2021,VN,Viet Nam,WPRO,11,2648,0,35
08-04-2021,VN,Viet Nam,WPRO,11,2659,0,35
09-04-2021,VN,Viet Nam,WPRO,10,2669,0,35
10-04-2021,VN,Viet Nam,WPRO,14,2683,0,35
11-04-2021,VN,Viet Nam,WPRO,9,2692,0,35
12-04-2021,VN,Viet Nam,WPRO,4,2696,0,35
13-04-2021,VN,Viet Nam,WPRO,11,2707,0,35
14-04-2021,VN,Viet Nam,WPRO,10,2717,0,35
15-04-2021,VN,Viet Nam,WPRO,20,2737,0,35
16-04-2021,VN,Viet Nam,WPRO,21,2758,0,35
17-04-2021,VN,Viet Nam,WPRO,15,2773,0,35
18-04-2021,VN,Viet Nam,WPRO,8,2781,0,35
19-04-2021,VN,Viet Nam,WPRO,4,2785,0,35
20-04-2021,VN,Viet Nam,WPRO,6,2791,0,35
21-04-2021,VN,Viet Nam,WPRO,10,2801,0,35
22-04-2021,VN,Viet Nam,WPRO,11,2812,0,35
23-04-2021,VN,Viet Nam,WPRO,12,2824,0,35
24-04-2021,VN,Viet Nam,WPRO,8,2832,0,35
25-04-2021,VN,Viet Nam,WPRO,1,2833,0,35
26-04-2021,VN,Viet Nam,WPRO,13,2846,0,35
27-04-2021,VN,Viet Nam,WPRO,6,2852,0,35
28-04-2021,VN,Viet Nam,WPRO,5,2857,0,35
29-04-2021,VN,Viet Nam,WPRO,8,2865,0,35
30-04-2021,VN,Viet Nam,WPRO,49,2914,0,35
01-05-2021,VN,Viet Nam,WPRO,14,2928,0,35
02-05-2021,VN,Viet Nam,WPRO,14,2942,0,35
03-05-2021,VN,Viet Nam,WPRO,20,2962,0,35
04-05-2021,VN,Viet Nam,WPRO,23,2985,0,35
05-05-2021,VN,Viet Nam,WPRO,11,2996,0,35
06-05-2021,VN,Viet Nam,WPRO,34,3030,0,35
07-05-2021,VN,Viet Nam,WPRO,61,3091,0,35
08-05-2021,VN,Viet Nam,WPRO,61,3152,0,35
09-05-2021,VN,Viet Nam,WPRO,93,3245,0,35
10-05-2021,VN,Viet Nam,WPRO,167,3412,0,35
11-05-2021,VN,Viet Nam,WPRO,77,3489,0,35
12-05-2021,VN,Viet Nam,WPRO,82,3571,0,35
13-05-2021,VN,Viet Nam,WPRO,87,3658,0,35
14-05-2021,VN,Viet Nam,WPRO,82,3740,0,35
15-05-2021,VN,Viet Nam,WPRO,96,3836,0,35
16-05-2021,VN,Viet Nam,WPRO,276,4112,1,36
17-05-2021,VN,Viet Nam,WPRO,100,4212,1,37
18-05-2021,VN,Viet Nam,WPRO,166,4378,0,37
19-05-2021,VN,Viet Nam,WPRO,165,4543,0,37
20-05-2021,VN,Viet Nam,WPRO,177,4720,1,38
21-05-2021,VN,Viet Nam,WPRO,113,4833,1,39
22-05-2021,VN,Viet Nam,WPRO,128,4961,2,41
23-05-2021,VN,Viet Nam,WPRO,158,5119,0,41
24-05-2021,VN,Viet Nam,WPRO,156,5275,2,43
25-05-2021,VN,Viet Nam,WPRO,186,5461,1,44
26-05-2021,VN,Viet Nam,WPRO,470,5931,0,44
27-05-2021,VN,Viet Nam,WPRO,180,6111,1,45
28-05-2021,VN,Viet Nam,WPRO,245,6356,1,46
29-05-2021,VN,Viet Nam,WPRO,301,6657,1,47
30-05-2021,VN,Viet Nam,WPRO,251,6908,0,47
01-01-2021,WF,Wallis and Futuna,WPRO,0,4,0,0
02-01-2021,WF,Wallis and Futuna,WPRO,0,4,0,0
03-01-2021,WF,Wallis and Futuna,WPRO,0,4,0,0
04-01-2021,WF,Wallis and Futuna,WPRO,0,4,0,0
05-01-2021,WF,Wallis and Futuna,WPRO,0,4,0,0
06-01-2021,WF,Wallis and Futuna,WPRO,0,4,0,0
07-01-2021,WF,Wallis and Futuna,WPRO,0,4,0,0
08-01-2021,WF,Wallis and Futuna,WPRO,0,4,0,0
09-01-2021,WF,Wallis and Futuna,WPRO,0,4,0,0
10-01-2021,WF,Wallis and Futuna,WPRO,0,4,0,0
11-01-2021,WF,Wallis and Futuna,WPRO,0,4,0,0
12-01-2021,WF,Wallis and Futuna,WPRO,0,4,0,0
13-01-2021,WF,Wallis and Futuna,WPRO,0,4,0,0
14-01-2021,WF,Wallis and Futuna,WPRO,0,4,0,0
15-01-2021,WF,Wallis and Futuna,WPRO,0,4,0,0
16-01-2021,WF,Wallis and Futuna,WPRO,0,4,0,0
17-01-2021,WF,Wallis and Futuna,WPRO,0,4,0,0
18-01-2021,WF,Wallis and Futuna,WPRO,0,4,0,0
19-01-2021,WF,Wallis and Futuna,WPRO,0,4,0,0
20-01-2021,WF,Wallis and Futuna,WPRO,0,4,0,0
21-01-2021,WF,Wallis and Futuna,WPRO,0,4,0,0
22-01-2021,WF,Wallis and Futuna,WPRO,0,4,0,0
23-01-2021,WF,Wallis and Futuna,WPRO,0,4,0,0
24-01-2021,WF,Wallis and Futuna,WPRO,0,4,0,0
25-01-2021,WF,Wallis and Futuna,WPRO,1,5,0,0
26-01-2021,WF,Wallis and Futuna,WPRO,0,5,0,0
27-01-2021,WF,Wallis and Futuna,WPRO,0,5,0,0
28-01-2021,WF,Wallis and Futuna,WPRO,0,5,0,0
29-01-2021,WF,Wallis and Futuna,WPRO,0,5,0,0
30-01-2021,WF,Wallis and Futuna,WPRO,0,5,0,0
31-01-2021,WF,Wallis and Futuna,WPRO,0,5,0,0
01-02-2021,WF,Wallis and Futuna,WPRO,0,5,0,0
02-02-2021,WF,Wallis and Futuna,WPRO,0,5,0,0
03-02-2021,WF,Wallis and Futuna,WPRO,0,5,0,0
04-02-2021,WF,Wallis and Futuna,WPRO,0,5,0,0
05-02-2021,WF,Wallis and Futuna,WPRO,0,5,0,0
06-02-2021,WF,Wallis and Futuna,WPRO,0,5,0,0
07-02-2021,WF,Wallis and Futuna,WPRO,0,5,0,0
08-02-2021,WF,Wallis and Futuna,WPRO,4,9,0,0
09-02-2021,WF,Wallis and Futuna,WPRO,0,9,0,0
10-02-2021,WF,Wallis and Futuna,WPRO,0,9,0,0
11-02-2021,WF,Wallis and Futuna,WPRO,0,9,0,0
12-02-2021,WF,Wallis and Futuna,WPRO,0,9,0,0
13-02-2021,WF,Wallis and Futuna,WPRO,0,9,0,0
14-02-2021,WF,Wallis and Futuna,WPRO,0,9,0,0
15-02-2021,WF,Wallis and Futuna,WPRO,0,9,0,0
16-02-2021,WF,Wallis and Futuna,WPRO,0,9,0,0
17-02-2021,WF,Wallis and Futuna,WPRO,0,9,0,0
18-02-2021,WF,Wallis and Futuna,WPRO,0,9,0,0
19-02-2021,WF,Wallis and Futuna,WPRO,0,9,0,0
20-02-2021,WF,Wallis and Futuna,WPRO,0,9,0,0
21-02-2021,WF,Wallis and Futuna,WPRO,0,9,0,0
22-02-2021,WF,Wallis and Futuna,WPRO,0,9,0,0
23-02-2021,WF,Wallis and Futuna,WPRO,0,9,0,0
24-02-2021,WF,Wallis and Futuna,WPRO,0,9,0,0
25-02-2021,WF,Wallis and Futuna,WPRO,0,9,0,0
26-02-2021,WF,Wallis and Futuna,WPRO,0,9,0,0
27-02-2021,WF,Wallis and Futuna,WPRO,0,9,0,0
28-02-2021,WF,Wallis and Futuna,WPRO,0,9,0,0
01-03-2021,WF,Wallis and Futuna,WPRO,0,9,0,0
02-03-2021,WF,Wallis and Futuna,WPRO,0,9,0,0
03-03-2021,WF,Wallis and Futuna,WPRO,0,9,0,0
04-03-2021,WF,Wallis and Futuna,WPRO,0,9,0,0
05-03-2021,WF,Wallis and Futuna,WPRO,0,9,0,0
06-03-2021,WF,Wallis and Futuna,WPRO,0,9,0,0
07-03-2021,WF,Wallis and Futuna,WPRO,1,10,0,0
08-03-2021,WF,Wallis and Futuna,WPRO,27,37,0,0
09-03-2021,WF,Wallis and Futuna,WPRO,37,74,0,0
10-03-2021,WF,Wallis and Futuna,WPRO,16,90,0,0
11-03-2021,WF,Wallis and Futuna,WPRO,44,134,0,0
12-03-2021,WF,Wallis and Futuna,WPRO,20,154,0,0
13-03-2021,WF,Wallis and Futuna,WPRO,1,155,0,0
14-03-2021,WF,Wallis and Futuna,WPRO,21,176,0,0
15-03-2021,WF,Wallis and Futuna,WPRO,11,187,0,0
16-03-2021,WF,Wallis and Futuna,WPRO,8,195,0,0
17-03-2021,WF,Wallis and Futuna,WPRO,47,242,0,0
18-03-2021,WF,Wallis and Futuna,WPRO,28,270,0,0
19-03-2021,WF,Wallis and Futuna,WPRO,15,285,0,0
20-03-2021,WF,Wallis and Futuna,WPRO,15,300,0,0
21-03-2021,WF,Wallis and Futuna,WPRO,11,311,1,1
22-03-2021,WF,Wallis and Futuna,WPRO,6,317,0,1
23-03-2021,WF,Wallis and Futuna,WPRO,10,327,0,1
24-03-2021,WF,Wallis and Futuna,WPRO,11,338,1,2
25-03-2021,WF,Wallis and Futuna,WPRO,12,350,1,3
26-03-2021,WF,Wallis and Futuna,WPRO,11,361,0,3
27-03-2021,WF,Wallis and Futuna,WPRO,6,367,1,4
28-03-2021,WF,Wallis and Futuna,WPRO,9,376,0,4
29-03-2021,WF,Wallis and Futuna,WPRO,7,383,0,4
30-03-2021,WF,Wallis and Futuna,WPRO,11,394,0,4
31-03-2021,WF,Wallis and Futuna,WPRO,7,401,0,4
01-04-2021,WF,Wallis and Futuna,WPRO,11,412,0,4
02-04-2021,WF,Wallis and Futuna,WPRO,6,418,0,4
03-04-2021,WF,Wallis and Futuna,WPRO,1,419,0,4
04-04-2021,WF,Wallis and Futuna,WPRO,6,425,0,4
05-04-2021,WF,Wallis and Futuna,WPRO,0,425,0,4
06-04-2021,WF,Wallis and Futuna,WPRO,4,429,0,4
07-04-2021,WF,Wallis and Futuna,WPRO,2,431,0,4
08-04-2021,WF,Wallis and Futuna,WPRO,1,432,0,4
09-04-2021,WF,Wallis and Futuna,WPRO,6,438,1,5
10-04-2021,WF,Wallis and Futuna,WPRO,1,439,0,5
11-04-2021,WF,Wallis and Futuna,WPRO,2,441,0,5
12-04-2021,WF,Wallis and Futuna,WPRO,0,441,0,5
13-04-2021,WF,Wallis and Futuna,WPRO,5,446,0,5
14-04-2021,WF,Wallis and Futuna,WPRO,0,446,0,5
15-04-2021,WF,Wallis and Futuna,WPRO,0,446,0,5
16-04-2021,WF,Wallis and Futuna,WPRO,0,446,0,5
17-04-2021,WF,Wallis and Futuna,WPRO,1,447,0,5
18-04-2021,WF,Wallis and Futuna,WPRO,0,447,0,5
19-04-2021,WF,Wallis and Futuna,WPRO,0,447,0,5
20-04-2021,WF,Wallis and Futuna,WPRO,0,447,0,5
21-04-2021,WF,Wallis and Futuna,WPRO,1,448,0,5
22-04-2021,WF,Wallis and Futuna,WPRO,1,449,0,5
23-04-2021,WF,Wallis and Futuna,WPRO,0,449,0,5
24-04-2021,WF,Wallis and Futuna,WPRO,0,449,0,5
25-04-2021,WF,Wallis and Futuna,WPRO,0,449,0,5
26-04-2021,WF,Wallis and Futuna,WPRO,0,449,0,5
27-04-2021,WF,Wallis and Futuna,WPRO,2,451,0,5
28-04-2021,WF,Wallis and Futuna,WPRO,1,452,0,5
29-04-2021,WF,Wallis and Futuna,WPRO,0,452,0,5
30-04-2021,WF,Wallis and Futuna,WPRO,1,453,2,7
01-05-2021,WF,Wallis and Futuna,WPRO,0,453,0,7
02-05-2021,WF,Wallis and Futuna,WPRO,0,453,0,7
03-05-2021,WF,Wallis and Futuna,WPRO,0,453,0,7
04-05-2021,WF,Wallis and Futuna,WPRO,0,453,0,7
05-05-2021,WF,Wallis and Futuna,WPRO,0,453,0,7
06-05-2021,WF,Wallis and Futuna,WPRO,0,453,0,7
07-05-2021,WF,Wallis and Futuna,WPRO,1,454,0,7
08-05-2021,WF,Wallis and Futuna,WPRO,0,454,0,7
09-05-2021,WF,Wallis and Futuna,WPRO,0,454,0,7
10-05-2021,WF,Wallis and Futuna,WPRO,0,454,0,7
11-05-2021,WF,Wallis and Futuna,WPRO,0,454,0,7
12-05-2021,WF,Wallis and Futuna,WPRO,0,454,0,7
13-05-2021,WF,Wallis and Futuna,WPRO,0,454,0,7
14-05-2021,WF,Wallis and Futuna,WPRO,0,454,0,7
15-05-2021,WF,Wallis and Futuna,WPRO,0,454,0,7
16-05-2021,WF,Wallis and Futuna,WPRO,0,454,0,7
17-05-2021,WF,Wallis and Futuna,WPRO,0,454,0,7
18-05-2021,WF,Wallis and Futuna,WPRO,0,454,0,7
19-05-2021,WF,Wallis and Futuna,WPRO,0,454,0,7
20-05-2021,WF,Wallis and Futuna,WPRO,0,454,0,7
21-05-2021,WF,Wallis and Futuna,WPRO,0,454,0,7
22-05-2021,WF,Wallis and Futuna,WPRO,0,454,0,7
23-05-2021,WF,Wallis and Futuna,WPRO,0,454,0,7
24-05-2021,WF,Wallis and Futuna,WPRO,0,454,0,7
25-05-2021,WF,Wallis and Futuna,WPRO,0,454,0,7
26-05-2021,WF,Wallis and Futuna,WPRO,0,454,0,7
27-05-2021,WF,Wallis and Futuna,WPRO,0,454,0,7
28-05-2021,WF,Wallis and Futuna,WPRO,0,454,0,7
29-05-2021,WF,Wallis and Futuna,WPRO,0,454,0,7
30-05-2021,WF,Wallis and Futuna,WPRO,0,454,0,7
01-01-2021,YE,Yemen,EMRO,2,2103,0,611
02-01-2021,YE,Yemen,EMRO,2,2105,0,611
03-01-2021,YE,Yemen,EMRO,0,2105,0,611
04-01-2021,YE,Yemen,EMRO,0,2105,0,611
05-01-2021,YE,Yemen,EMRO,0,2105,0,611
06-01-2021,YE,Yemen,EMRO,0,2105,0,611
07-01-2021,YE,Yemen,EMRO,1,2106,0,611
08-01-2021,YE,Yemen,EMRO,2,2108,0,611
09-01-2021,YE,Yemen,EMRO,0,2108,0,611
10-01-2021,YE,Yemen,EMRO,0,2108,0,611
11-01-2021,YE,Yemen,EMRO,0,2108,1,612
12-01-2021,YE,Yemen,EMRO,1,2109,1,613
13-01-2021,YE,Yemen,EMRO,2,2111,0,613
14-01-2021,YE,Yemen,EMRO,2,2113,0,613
15-01-2021,YE,Yemen,EMRO,1,2114,0,613
16-01-2021,YE,Yemen,EMRO,1,2115,0,613
17-01-2021,YE,Yemen,EMRO,1,2116,0,613
18-01-2021,YE,Yemen,EMRO,0,2116,0,613
19-01-2021,YE,Yemen,EMRO,1,2117,0,613
20-01-2021,YE,Yemen,EMRO,2,2119,0,613
21-01-2021,YE,Yemen,EMRO,0,2119,0,613
22-01-2021,YE,Yemen,EMRO,0,2119,2,615
23-01-2021,YE,Yemen,EMRO,3,2122,0,615
24-01-2021,YE,Yemen,EMRO,0,2122,1,616
25-01-2021,YE,Yemen,EMRO,0,2122,0,616
26-01-2021,YE,Yemen,EMRO,0,2122,0,616
27-01-2021,YE,Yemen,EMRO,1,2123,0,616
28-01-2021,YE,Yemen,EMRO,1,2124,0,616
29-01-2021,YE,Yemen,EMRO,0,2124,0,616
30-01-2021,YE,Yemen,EMRO,0,2124,0,616
31-01-2021,YE,Yemen,EMRO,0,2124,0,616
01-02-2021,YE,Yemen,EMRO,1,2125,0,616
02-02-2021,YE,Yemen,EMRO,1,2126,0,616
03-02-2021,YE,Yemen,EMRO,0,2126,0,616
04-02-2021,YE,Yemen,EMRO,0,2126,0,616
05-02-2021,YE,Yemen,EMRO,0,2126,0,616
06-02-2021,YE,Yemen,EMRO,1,2127,0,616
07-02-2021,YE,Yemen,EMRO,4,2131,0,616
08-02-2021,YE,Yemen,EMRO,0,2131,0,616
09-02-2021,YE,Yemen,EMRO,3,2134,0,616
10-02-2021,YE,Yemen,EMRO,1,2135,0,616
11-02-2021,YE,Yemen,EMRO,2,2137,1,617
12-02-2021,YE,Yemen,EMRO,1,2138,0,617
13-02-2021,YE,Yemen,EMRO,2,2140,0,617
14-02-2021,YE,Yemen,EMRO,0,2140,0,617
15-02-2021,YE,Yemen,EMRO,9,2149,1,618
16-02-2021,YE,Yemen,EMRO,0,2149,0,618
17-02-2021,YE,Yemen,EMRO,3,2152,1,619
18-02-2021,YE,Yemen,EMRO,3,2155,0,619
19-02-2021,YE,Yemen,EMRO,3,2158,0,619
20-02-2021,YE,Yemen,EMRO,3,2161,0,619
21-02-2021,YE,Yemen,EMRO,0,2161,0,619
22-02-2021,YE,Yemen,EMRO,8,2169,1,620
23-02-2021,YE,Yemen,EMRO,11,2180,0,620
24-02-2021,YE,Yemen,EMRO,11,2191,1,621
25-02-2021,YE,Yemen,EMRO,34,2225,4,625
26-02-2021,YE,Yemen,EMRO,34,2259,3,628
27-02-2021,YE,Yemen,EMRO,12,2271,2,630
28-02-2021,YE,Yemen,EMRO,2,2273,2,632
01-03-2021,YE,Yemen,EMRO,16,2289,3,635
02-03-2021,YE,Yemen,EMRO,25,2314,0,635
03-03-2021,YE,Yemen,EMRO,32,2346,6,641
04-03-2021,YE,Yemen,EMRO,21,2367,3,644
05-03-2021,YE,Yemen,EMRO,12,2379,2,646
06-03-2021,YE,Yemen,EMRO,36,2415,3,649
07-03-2021,YE,Yemen,EMRO,33,2448,2,651
08-03-2021,YE,Yemen,EMRO,29,2477,1,652
09-03-2021,YE,Yemen,EMRO,72,2549,2,654
10-03-2021,YE,Yemen,EMRO,41,2590,1,655
11-03-2021,YE,Yemen,EMRO,41,2631,7,662
12-03-2021,YE,Yemen,EMRO,40,2671,6,668
13-03-2021,YE,Yemen,EMRO,62,2733,12,680
14-03-2021,YE,Yemen,EMRO,42,2775,4,684
15-03-2021,YE,Yemen,EMRO,65,2840,6,690
16-03-2021,YE,Yemen,EMRO,72,2912,9,699
17-03-2021,YE,Yemen,EMRO,61,2973,9,708
18-03-2021,YE,Yemen,EMRO,68,3041,6,714
19-03-2021,YE,Yemen,EMRO,89,3130,10,724
20-03-2021,YE,Yemen,EMRO,91,3221,10,734
21-03-2021,YE,Yemen,EMRO,61,3282,4,738
22-03-2021,YE,Yemen,EMRO,140,3422,14,752
23-03-2021,YE,Yemen,EMRO,98,3520,20,772
24-03-2021,YE,Yemen,EMRO,96,3616,14,786
25-03-2021,YE,Yemen,EMRO,91,3707,15,801
26-03-2021,YE,Yemen,EMRO,113,3820,10,811
27-03-2021,YE,Yemen,EMRO,84,3904,10,821
28-03-2021,YE,Yemen,EMRO,69,3973,12,833
29-03-2021,YE,Yemen,EMRO,64,4037,19,852
30-03-2021,YE,Yemen,EMRO,82,4119,12,864
31-03-2021,YE,Yemen,EMRO,132,4251,19,883
01-04-2021,YE,Yemen,EMRO,110,4361,6,889
02-04-2021,YE,Yemen,EMRO,174,4535,18,907
03-04-2021,YE,Yemen,EMRO,89,4624,10,917
04-04-2021,YE,Yemen,EMRO,77,4701,16,933
05-04-2021,YE,Yemen,EMRO,101,4802,14,947
06-04-2021,YE,Yemen,EMRO,83,4885,9,956
07-04-2021,YE,Yemen,EMRO,94,4979,21,977
08-04-2021,YE,Yemen,EMRO,72,5051,10,987
09-04-2021,YE,Yemen,EMRO,86,5137,18,1005
10-04-2021,YE,Yemen,EMRO,100,5237,18,1023
11-04-2021,YE,Yemen,EMRO,43,5280,9,1032
12-04-2021,YE,Yemen,EMRO,81,5361,18,1050
13-04-2021,YE,Yemen,EMRO,89,5450,19,1069
14-04-2021,YE,Yemen,EMRO,61,5511,5,1074
15-04-2021,YE,Yemen,EMRO,75,5586,10,1084
16-04-2021,YE,Yemen,EMRO,75,5661,14,1098
17-04-2021,YE,Yemen,EMRO,58,5719,11,1109
18-04-2021,YE,Yemen,EMRO,55,5774,11,1120
19-04-2021,YE,Yemen,EMRO,42,5816,7,1127
20-04-2021,YE,Yemen,EMRO,46,5862,6,1133
21-04-2021,YE,Yemen,EMRO,60,5922,6,1139
22-04-2021,YE,Yemen,EMRO,42,5964,9,1148
23-04-2021,YE,Yemen,EMRO,60,6024,10,1158
24-04-2021,YE,Yemen,EMRO,36,6060,8,1166
25-04-2021,YE,Yemen,EMRO,49,6109,10,1176
26-04-2021,YE,Yemen,EMRO,32,6141,12,1188
27-04-2021,YE,Yemen,EMRO,46,6187,18,1206
28-04-2021,YE,Yemen,EMRO,37,6224,2,1208
29-04-2021,YE,Yemen,EMRO,43,6267,9,1217
30-04-2021,YE,Yemen,EMRO,31,6298,6,1223
01-05-2021,YE,Yemen,EMRO,23,6321,4,1227
02-05-2021,YE,Yemen,EMRO,8,6329,3,1230
03-05-2021,YE,Yemen,EMRO,16,6345,4,1234
04-05-2021,YE,Yemen,EMRO,22,6367,6,1240
05-05-2021,YE,Yemen,EMRO,27,6394,1,1241
06-05-2021,YE,Yemen,EMRO,24,6418,20,1261
07-05-2021,YE,Yemen,EMRO,12,6430,5,1266
08-05-2021,YE,Yemen,EMRO,20,6450,4,1270
09-05-2021,YE,Yemen,EMRO,16,6466,1,1271
10-05-2021,YE,Yemen,EMRO,20,6486,1,1272
11-05-2021,YE,Yemen,EMRO,3,6489,4,1276
12-05-2021,YE,Yemen,EMRO,7,6496,1,1277
13-05-2021,YE,Yemen,EMRO,6,6502,1,1278
14-05-2021,YE,Yemen,EMRO,9,6511,1,1279
15-05-2021,YE,Yemen,EMRO,16,6527,7,1286
16-05-2021,YE,Yemen,EMRO,15,6542,0,1286
17-05-2021,YE,Yemen,EMRO,5,6547,4,1290
18-05-2021,YE,Yemen,EMRO,25,6572,5,1295
19-05-2021,YE,Yemen,EMRO,18,6590,3,1298
20-05-2021,YE,Yemen,EMRO,7,6597,1,1299
21-05-2021,YE,Yemen,EMRO,20,6617,3,1302
22-05-2021,YE,Yemen,EMRO,19,6636,1,1303
23-05-2021,YE,Yemen,EMRO,17,6653,2,1305
24-05-2021,YE,Yemen,EMRO,9,6662,3,1308
25-05-2021,YE,Yemen,EMRO,4,6666,3,1311
26-05-2021,YE,Yemen,EMRO,8,6674,1,1312
27-05-2021,YE,Yemen,EMRO,18,6692,2,1314
28-05-2021,YE,Yemen,EMRO,8,6700,2,1316
29-05-2021,YE,Yemen,EMRO,27,6727,1,1317
30-05-2021,YE,Yemen,EMRO,8,6735,3,1320
01-01-2021,ZM,Zambia,AFRO,263,20725,2,388
02-01-2021,ZM,Zambia,AFRO,0,20725,0,388
03-01-2021,ZM,Zambia,AFRO,505,21230,4,392
04-01-2021,ZM,Zambia,AFRO,353,21583,2,394
05-01-2021,ZM,Zambia,AFRO,410,21993,4,398
06-01-2021,ZM,Zambia,AFRO,652,22645,14,412
07-01-2021,ZM,Zambia,AFRO,850,23495,5,417
08-01-2021,ZM,Zambia,AFRO,802,24297,6,423
09-01-2021,ZM,Zambia,AFRO,1029,25326,18,441
10-01-2021,ZM,Zambia,AFRO,1241,26567,23,464
11-01-2021,ZM,Zambia,AFRO,1161,27728,5,469
12-01-2021,ZM,Zambia,AFRO,868,28596,2,471
13-01-2021,ZM,Zambia,AFRO,1161,29757,24,495
14-01-2021,ZM,Zambia,AFRO,1343,31100,14,509
15-01-2021,ZM,Zambia,AFRO,1700,32800,5,514
16-01-2021,ZM,Zambia,AFRO,1478,34278,13,527
17-01-2021,ZM,Zambia,AFRO,1796,36074,5,532
18-01-2021,ZM,Zambia,AFRO,1531,37605,14,546
19-01-2021,ZM,Zambia,AFRO,602,38207,13,559
20-01-2021,ZM,Zambia,AFRO,1308,39515,19,578
21-01-2021,ZM,Zambia,AFRO,1434,40949,7,585
22-01-2021,ZM,Zambia,AFRO,1264,42213,12,597
23-01-2021,ZM,Zambia,AFRO,1120,43333,13,610
24-01-2021,ZM,Zambia,AFRO,1259,44592,17,627
25-01-2021,ZM,Zambia,AFRO,745,45337,12,639
26-01-2021,ZM,Zambia,AFRO,809,46146,21,660
27-01-2021,ZM,Zambia,AFRO,1476,47622,12,672
28-01-2021,ZM,Zambia,AFRO,1289,48911,16,688
29-01-2021,ZM,Zambia,AFRO,1408,50319,17,705
30-01-2021,ZM,Zambia,AFRO,1305,51624,23,728
31-01-2021,ZM,Zambia,AFRO,1728,53352,17,745
01-02-2021,ZM,Zambia,AFRO,865,54217,18,763
02-02-2021,ZM,Zambia,AFRO,825,55042,17,780
03-02-2021,ZM,Zambia,AFRO,1191,56233,14,794
04-02-2021,ZM,Zambia,AFRO,1256,57489,10,804
05-02-2021,ZM,Zambia,AFRO,1514,59003,8,812
06-02-2021,ZM,Zambia,AFRO,1424,60427,16,828
07-02-2021,ZM,Zambia,AFRO,1000,61427,11,839
08-02-2021,ZM,Zambia,AFRO,1236,62663,14,853
09-02-2021,ZM,Zambia,AFRO,0,62663,0,853
10-02-2021,ZM,Zambia,AFRO,1947,64610,28,881
11-02-2021,ZM,Zambia,AFRO,963,65573,20,901
12-02-2021,ZM,Zambia,AFRO,1025,66598,13,914
13-02-2021,ZM,Zambia,AFRO,1083,67681,17,931
14-02-2021,ZM,Zambia,AFRO,773,68454,9,940
15-02-2021,ZM,Zambia,AFRO,983,69437,11,951
16-02-2021,ZM,Zambia,AFRO,811,70248,8,959
17-02-2021,ZM,Zambia,AFRO,575,70823,15,974
18-02-2021,ZM,Zambia,AFRO,854,71677,9,983
19-02-2021,ZM,Zambia,AFRO,790,72467,8,991
20-02-2021,ZM,Zambia,AFRO,736,73203,11,1002
21-02-2021,ZM,Zambia,AFRO,691,73894,14,1016
22-02-2021,ZM,Zambia,AFRO,609,74503,4,1020
23-02-2021,ZM,Zambia,AFRO,524,75027,11,1031
24-02-2021,ZM,Zambia,AFRO,555,75582,9,1040
25-02-2021,ZM,Zambia,AFRO,902,76484,11,1051
26-02-2021,ZM,Zambia,AFRO,687,77171,8,1059
27-02-2021,ZM,Zambia,AFRO,0,77171,0,1059
28-02-2021,ZM,Zambia,AFRO,0,77171,0,1059
01-03-2021,ZM,Zambia,AFRO,1363,78534,32,1091
02-03-2021,ZM,Zambia,AFRO,468,79002,7,1098
03-03-2021,ZM,Zambia,AFRO,555,79557,6,1104
04-03-2021,ZM,Zambia,AFRO,533,80090,4,1108
05-03-2021,ZM,Zambia,AFRO,597,80687,1,1109
06-03-2021,ZM,Zambia,AFRO,654,81341,4,1113
07-03-2021,ZM,Zambia,AFRO,670,82011,3,1116
08-03-2021,ZM,Zambia,AFRO,410,82421,8,1124
09-03-2021,ZM,Zambia,AFRO,234,82655,8,1132
10-03-2021,ZM,Zambia,AFRO,242,82897,5,1137
11-03-2021,ZM,Zambia,AFRO,436,83333,3,1140
12-03-2021,ZM,Zambia,AFRO,580,83913,8,1148
13-03-2021,ZM,Zambia,AFRO,327,84240,1,1149
14-03-2021,ZM,Zambia,AFRO,234,84474,4,1153
15-03-2021,ZM,Zambia,AFRO,323,84797,5,1158
16-03-2021,ZM,Zambia,AFRO,153,84950,6,1164
17-03-2021,ZM,Zambia,AFRO,290,85240,3,1167
18-03-2021,ZM,Zambia,AFRO,262,85502,3,1170
19-03-2021,ZM,Zambia,AFRO,387,85889,5,1175
20-03-2021,ZM,Zambia,AFRO,170,86059,3,1178
21-03-2021,ZM,Zambia,AFRO,214,86273,0,1178
22-03-2021,ZM,Zambia,AFRO,176,86449,1,1179
23-03-2021,ZM,Zambia,AFRO,86,86535,3,1182
24-03-2021,ZM,Zambia,AFRO,244,86779,3,1185
25-03-2021,ZM,Zambia,AFRO,214,86993,2,1187
26-03-2021,ZM,Zambia,AFRO,325,87318,4,1191
27-03-2021,ZM,Zambia,AFRO,265,87583,3,1194
28-03-2021,ZM,Zambia,AFRO,144,87727,4,1198
29-03-2021,ZM,Zambia,AFRO,145,87872,2,1200
30-03-2021,ZM,Zambia,AFRO,140,88012,0,1200
31-03-2021,ZM,Zambia,AFRO,187,88199,2,1202
01-04-2021,ZM,Zambia,AFRO,219,88418,6,1208
02-04-2021,ZM,Zambia,AFRO,131,88549,4,1212
03-04-2021,ZM,Zambia,AFRO,181,88730,3,1215
04-04-2021,ZM,Zambia,AFRO,70,88800,0,1215
05-04-2021,ZM,Zambia,AFRO,130,88930,5,1220
06-04-2021,ZM,Zambia,AFRO,79,89009,2,1222
07-04-2021,ZM,Zambia,AFRO,62,89071,2,1224
08-04-2021,ZM,Zambia,AFRO,315,89386,0,1224
09-04-2021,ZM,Zambia,AFRO,206,89592,1,1225
10-04-2021,ZM,Zambia,AFRO,191,89783,1,1226
11-04-2021,ZM,Zambia,AFRO,135,89918,0,1226
12-04-2021,ZM,Zambia,AFRO,111,90029,0,1226
13-04-2021,ZM,Zambia,AFRO,35,90064,1,1227
14-04-2021,ZM,Zambia,AFRO,154,90218,2,1229
15-04-2021,ZM,Zambia,AFRO,171,90389,0,1229
16-04-2021,ZM,Zambia,AFRO,143,90532,1,1230
17-04-2021,ZM,Zambia,AFRO,0,90532,0,1230
18-04-2021,ZM,Zambia,AFRO,312,90844,4,1234
19-04-2021,ZM,Zambia,AFRO,74,90918,1,1235
20-04-2021,ZM,Zambia,AFRO,24,90942,1,1236
21-04-2021,ZM,Zambia,AFRO,100,91042,0,1236
22-04-2021,ZM,Zambia,AFRO,77,91119,2,1238
23-04-2021,ZM,Zambia,AFRO,70,91189,2,1240
24-04-2021,ZM,Zambia,AFRO,62,91251,5,1245
25-04-2021,ZM,Zambia,AFRO,66,91317,0,1245
26-04-2021,ZM,Zambia,AFRO,41,91358,1,1246
27-04-2021,ZM,Zambia,AFRO,20,91378,2,1248
28-04-2021,ZM,Zambia,AFRO,40,91418,1,1249
29-04-2021,ZM,Zambia,AFRO,66,91484,0,1249
30-04-2021,ZM,Zambia,AFRO,49,91533,1,1250
01-05-2021,ZM,Zambia,AFRO,53,91586,1,1251
02-05-2021,ZM,Zambia,AFRO,84,91670,0,1251
03-05-2021,ZM,Zambia,AFRO,23,91693,2,1253
04-05-2021,ZM,Zambia,AFRO,29,91722,0,1253
05-05-2021,ZM,Zambia,AFRO,82,91804,1,1254
06-05-2021,ZM,Zambia,AFRO,45,91849,1,1255
07-05-2021,ZM,Zambia,AFRO,97,91946,1,1256
08-05-2021,ZM,Zambia,AFRO,58,92004,0,1256
09-05-2021,ZM,Zambia,AFRO,53,92057,1,1257
10-05-2021,ZM,Zambia,AFRO,35,92092,0,1257
11-05-2021,ZM,Zambia,AFRO,20,92112,0,1257
12-05-2021,ZM,Zambia,AFRO,40,92152,1,1258
13-05-2021,ZM,Zambia,AFRO,59,92211,1,1259
14-05-2021,ZM,Zambia,AFRO,51,92262,1,1260
15-05-2021,ZM,Zambia,AFRO,94,92356,0,1260
16-05-2021,ZM,Zambia,AFRO,53,92409,0,1260
17-05-2021,ZM,Zambia,AFRO,27,92436,0,1260
18-05-2021,ZM,Zambia,AFRO,24,92460,1,1261
19-05-2021,ZM,Zambia,AFRO,60,92520,2,1263
20-05-2021,ZM,Zambia,AFRO,110,92630,0,1263
21-05-2021,ZM,Zambia,AFRO,124,92754,2,1265
22-05-2021,ZM,Zambia,AFRO,166,92920,1,1266
23-05-2021,ZM,Zambia,AFRO,186,93106,1,1267
24-05-2021,ZM,Zambia,AFRO,95,93201,1,1268
25-05-2021,ZM,Zambia,AFRO,78,93279,3,1271
26-05-2021,ZM,Zambia,AFRO,149,93428,0,1271
27-05-2021,ZM,Zambia,AFRO,199,93627,2,1273
28-05-2021,ZM,Zambia,AFRO,320,93947,2,1275
29-05-2021,ZM,Zambia,AFRO,483,94430,0,1275
30-05-2021,ZM,Zambia,AFRO,321,94751,1,1276
01-01-2021,ZW,Zimbabwe,AFRO,242,13867,3,363
02-01-2021,ZW,Zimbabwe,AFRO,0,13867,0,363
03-01-2021,ZW,Zimbabwe,AFRO,624,14491,14,377
04-01-2021,ZW,Zimbabwe,AFRO,774,15265,3,380
05-01-2021,ZW,Zimbabwe,AFRO,564,15829,4,384
06-01-2021,ZW,Zimbabwe,AFRO,1365,17194,34,418
07-01-2021,ZW,Zimbabwe,AFRO,610,17804,13,431
08-01-2021,ZW,Zimbabwe,AFRO,871,18675,15,446
09-01-2021,ZW,Zimbabwe,AFRO,985,19660,22,468
10-01-2021,ZW,Zimbabwe,AFRO,839,20499,15,483
11-01-2021,ZW,Zimbabwe,AFRO,978,21477,24,507
12-01-2021,ZW,Zimbabwe,AFRO,820,22297,21,528
13-01-2021,ZW,Zimbabwe,AFRO,942,23239,23,551
14-01-2021,ZW,Zimbabwe,AFRO,1017,24256,38,589
15-01-2021,ZW,Zimbabwe,AFRO,1112,25368,47,636
16-01-2021,ZW,Zimbabwe,AFRO,741,26109,30,666
17-01-2021,ZW,Zimbabwe,AFRO,772,26881,17,683
18-01-2021,ZW,Zimbabwe,AFRO,322,27203,30,713
19-01-2021,ZW,Zimbabwe,AFRO,689,27892,60,773
20-01-2021,ZW,Zimbabwe,AFRO,783,28675,52,825
21-01-2021,ZW,Zimbabwe,AFRO,733,29408,54,879
22-01-2021,ZW,Zimbabwe,AFRO,639,30047,38,917
23-01-2021,ZW,Zimbabwe,AFRO,476,30523,45,962
24-01-2021,ZW,Zimbabwe,AFRO,484,31007,12,974
25-01-2021,ZW,Zimbabwe,AFRO,313,31320,31,1005
26-01-2021,ZW,Zimbabwe,AFRO,326,31646,70,1075
27-01-2021,ZW,Zimbabwe,AFRO,358,32004,28,1103
28-01-2021,ZW,Zimbabwe,AFRO,300,32304,19,1122
29-01-2021,ZW,Zimbabwe,AFRO,342,32646,38,1160
30-01-2021,ZW,Zimbabwe,AFRO,306,32952,18,1178
31-01-2021,ZW,Zimbabwe,AFRO,319,33271,15,1193
01-02-2021,ZW,Zimbabwe,AFRO,117,33388,24,1217
02-02-2021,ZW,Zimbabwe,AFRO,160,33548,17,1234
03-02-2021,ZW,Zimbabwe,AFRO,266,33814,20,1254
04-02-2021,ZW,Zimbabwe,AFRO,150,33964,15,1269
05-02-2021,ZW,Zimbabwe,AFRO,207,34171,19,1288
06-02-2021,ZW,Zimbabwe,AFRO,160,34331,15,1303
07-02-2021,ZW,Zimbabwe,AFRO,156,34487,13,1316
08-02-2021,ZW,Zimbabwe,AFRO,65,34552,10,1326
09-02-2021,ZW,Zimbabwe,AFRO,106,34658,13,1339
10-02-2021,ZW,Zimbabwe,AFRO,127,34785,14,1353
11-02-2021,ZW,Zimbabwe,AFRO,79,34864,11,1364
12-02-2021,ZW,Zimbabwe,AFRO,85,34949,18,1382
13-02-2021,ZW,Zimbabwe,AFRO,96,35045,11,1393
14-02-2021,ZW,Zimbabwe,AFRO,59,35104,5,1398
15-02-2021,ZW,Zimbabwe,AFRO,68,35172,2,1400
16-02-2021,ZW,Zimbabwe,AFRO,50,35222,10,1410
17-02-2021,ZW,Zimbabwe,AFRO,93,35315,4,1414
18-02-2021,ZW,Zimbabwe,AFRO,108,35423,4,1418
19-02-2021,ZW,Zimbabwe,AFRO,120,35543,2,1420
20-02-2021,ZW,Zimbabwe,AFRO,167,35710,10,1430
21-02-2021,ZW,Zimbabwe,AFRO,58,35768,2,1432
22-02-2021,ZW,Zimbabwe,AFRO,28,35796,4,1436
23-02-2021,ZW,Zimbabwe,AFRO,66,35862,5,1441
24-02-2021,ZW,Zimbabwe,AFRO,48,35910,7,1448
25-02-2021,ZW,Zimbabwe,AFRO,50,35960,8,1456
26-02-2021,ZW,Zimbabwe,AFRO,34,35994,2,1458
27-02-2021,ZW,Zimbabwe,AFRO,0,35994,0,1458
28-02-2021,ZW,Zimbabwe,AFRO,0,35994,0,1458
01-03-2021,ZW,Zimbabwe,AFRO,95,36089,5,1463
02-03-2021,ZW,Zimbabwe,AFRO,26,36115,5,1468
03-03-2021,ZW,Zimbabwe,AFRO,33,36148,4,1472
04-03-2021,ZW,Zimbabwe,AFRO,31,36179,6,1478
05-03-2021,ZW,Zimbabwe,AFRO,44,36223,5,1483
06-03-2021,ZW,Zimbabwe,AFRO,25,36248,1,1484
07-03-2021,ZW,Zimbabwe,AFRO,12,36260,1,1485
08-03-2021,ZW,Zimbabwe,AFRO,11,36271,0,1485
09-03-2021,ZW,Zimbabwe,AFRO,18,36289,2,1487
10-03-2021,ZW,Zimbabwe,AFRO,32,36321,2,1489
11-03-2021,ZW,Zimbabwe,AFRO,20,36341,0,1489
12-03-2021,ZW,Zimbabwe,AFRO,36,36377,3,1492
13-03-2021,ZW,Zimbabwe,AFRO,46,36423,4,1496
14-03-2021,ZW,Zimbabwe,AFRO,48,36471,5,1501
15-03-2021,ZW,Zimbabwe,AFRO,13,36484,2,1503
16-03-2021,ZW,Zimbabwe,AFRO,20,36504,1,1504
17-03-2021,ZW,Zimbabwe,AFRO,31,36535,3,1507
18-03-2021,ZW,Zimbabwe,AFRO,18,36553,1,1508
19-03-2021,ZW,Zimbabwe,AFRO,58,36611,1,1509
20-03-2021,ZW,Zimbabwe,AFRO,41,36652,1,1510
21-03-2021,ZW,Zimbabwe,AFRO,10,36662,0,1510
22-03-2021,ZW,Zimbabwe,AFRO,3,36665,2,1512
23-03-2021,ZW,Zimbabwe,AFRO,19,36684,2,1514
24-03-2021,ZW,Zimbabwe,AFRO,33,36717,2,1516
25-03-2021,ZW,Zimbabwe,AFRO,32,36749,0,1516
26-03-2021,ZW,Zimbabwe,AFRO,29,36778,2,1518
27-03-2021,ZW,Zimbabwe,AFRO,27,36805,0,1518
28-03-2021,ZW,Zimbabwe,AFRO,13,36818,1,1519
29-03-2021,ZW,Zimbabwe,AFRO,4,36822,1,1520
30-03-2021,ZW,Zimbabwe,AFRO,17,36839,0,1520
31-03-2021,ZW,Zimbabwe,AFRO,19,36858,1,1521
01-04-2021,ZW,Zimbabwe,AFRO,24,36882,2,1523
02-04-2021,ZW,Zimbabwe,AFRO,14,36896,0,1523
03-04-2021,ZW,Zimbabwe,AFRO,8,36904,1,1524
04-04-2021,ZW,Zimbabwe,AFRO,7,36911,0,1524
05-04-2021,ZW,Zimbabwe,AFRO,12,36923,1,1525
06-04-2021,ZW,Zimbabwe,AFRO,11,36934,0,1525
07-04-2021,ZW,Zimbabwe,AFRO,32,36966,6,1531
08-04-2021,ZW,Zimbabwe,AFRO,18,36984,0,1531
09-04-2021,ZW,Zimbabwe,AFRO,68,37052,1,1532
10-04-2021,ZW,Zimbabwe,AFRO,95,37147,3,1535
11-04-2021,ZW,Zimbabwe,AFRO,126,37273,3,1538
12-04-2021,ZW,Zimbabwe,AFRO,15,37288,0,1538
13-04-2021,ZW,Zimbabwe,AFRO,19,37307,4,1542
14-04-2021,ZW,Zimbabwe,AFRO,23,37330,1,1543
15-04-2021,ZW,Zimbabwe,AFRO,39,37369,5,1548
16-04-2021,ZW,Zimbabwe,AFRO,53,37422,2,1550
17-04-2021,ZW,Zimbabwe,AFRO,0,37422,0,1550
18-04-2021,ZW,Zimbabwe,AFRO,247,37669,2,1552
19-04-2021,ZW,Zimbabwe,AFRO,82,37751,1,1553
20-04-2021,ZW,Zimbabwe,AFRO,108,37859,0,1553
21-04-2021,ZW,Zimbabwe,AFRO,16,37875,1,1554
22-04-2021,ZW,Zimbabwe,AFRO,105,37980,1,1555
23-04-2021,ZW,Zimbabwe,AFRO,38,38018,0,1555
24-04-2021,ZW,Zimbabwe,AFRO,27,38045,1,1556
25-04-2021,ZW,Zimbabwe,AFRO,19,38064,0,1556
26-04-2021,ZW,Zimbabwe,AFRO,22,38086,1,1557
27-04-2021,ZW,Zimbabwe,AFRO,16,38102,3,1560
28-04-2021,ZW,Zimbabwe,AFRO,62,38164,5,1565
29-04-2021,ZW,Zimbabwe,AFRO,27,38191,0,1565
30-04-2021,ZW,Zimbabwe,AFRO,44,38235,2,1567
01-05-2021,ZW,Zimbabwe,AFRO,22,38257,0,1567
02-05-2021,ZW,Zimbabwe,AFRO,3,38260,1,1568
03-05-2021,ZW,Zimbabwe,AFRO,21,38281,2,1570
04-05-2021,ZW,Zimbabwe,AFRO,12,38293,3,1573
05-05-2021,ZW,Zimbabwe,AFRO,34,38327,1,1574
06-05-2021,ZW,Zimbabwe,AFRO,30,38357,0,1574
07-05-2021,ZW,Zimbabwe,AFRO,41,38398,1,1575
08-05-2021,ZW,Zimbabwe,AFRO,5,38403,1,1576
09-05-2021,ZW,Zimbabwe,AFRO,11,38414,0,1576
10-05-2021,ZW,Zimbabwe,AFRO,5,38419,0,1576
11-05-2021,ZW,Zimbabwe,AFRO,14,38433,0,1576
12-05-2021,ZW,Zimbabwe,AFRO,15,38448,3,1579
13-05-2021,ZW,Zimbabwe,AFRO,18,38466,0,1579
14-05-2021,ZW,Zimbabwe,AFRO,25,38491,3,1582
15-05-2021,ZW,Zimbabwe,AFRO,44,38535,0,1582
16-05-2021,ZW,Zimbabwe,AFRO,19,38554,0,1582
17-05-2021,ZW,Zimbabwe,AFRO,6,38560,0,1582
18-05-2021,ZW,Zimbabwe,AFRO,12,38572,0,1582
19-05-2021,ZW,Zimbabwe,AFRO,23,38595,1,1583
20-05-2021,ZW,Zimbabwe,AFRO,17,38612,0,1583
21-05-2021,ZW,Zimbabwe,AFRO,23,38635,2,1585
22-05-2021,ZW,Zimbabwe,AFRO,29,38664,1,1586
23-05-2021,ZW,Zimbabwe,AFRO,15,38679,0,1586
24-05-2021,ZW,Zimbabwe,AFRO,3,38682,0,1586
25-05-2021,ZW,Zimbabwe,AFRO,14,38696,0,1586
26-05-2021,ZW,Zimbabwe,AFRO,10,38706,1,1587
27-05-2021,ZW,Zimbabwe,AFRO,113,38819,2,1589
28-05-2021,ZW,Zimbabwe,AFRO,35,38854,3,1592
29-05-2021,ZW,Zimbabwe,AFRO,64,38918,0,1592
30-05-2021,ZW,Zimbabwe,AFRO,15,38933,2,1594
